122
 0 -41 6 2 3 4 6 8 14
 1 -93 5 15 11 10 7 5
 7 -33 5 16 15 10 9 7
 3 -25 7 38 22 21 19 18 17 15
 5 -46 4 21 16 13 9
 4 -32 8 38 27 26 23 22 20 19 18
 10 -26 6 38 31 22 21 20 18
 8 -61 3 36 21 12
 10 -40 7 38 36 32 27 26 23 18
 8 -49 5 38 22 21 20 18
 1 -90 6 38 31 30 27 22 18
 1 -24 5 32 27 26 23 18
 6 -57 8 36 32 31 29 27 25 24 23
 8 -36 8 43 31 30 29 28 27 25 22
 10 -81 7 43 36 32 29 28 27 23
 1 -53 5 36 32 27 24 23
 8 -85 5 36 32 31 30 24
 8 -12 4 44 29 25 24
 1 -66 4 46 32 29 24
 9 -6 3 32 30 24
 8 -53 5 43 35 32 28 27
 10 -3 9 46 44 42 39 37 36 35 33 32
 3 -78 6 44 41 37 35 33 30
 7 -78 5 43 39 35 33 28
 3 -92 7 51 46 42 41 35 34 33
 7 -6 5 43 42 37 34 31
 5 -83 6 45 44 42 41 39 33
 6 -1 8 51 49 47 45 42 41 40 37
 6 -11 6 57 45 42 40 37 35
 6 -3 9 59 57 51 49 47 46 45 42 39
 10 -40 8 51 50 49 48 47 45 41 40
 3 -13 4 51 48 41 34
 2 -59 5 50 49 48 47 40
 6 -36 5 57 54 50 45 40
 2 -45 6 62 53 50 49 48 47
 10 -24 5 62 57 53 50 47
 5 -25 8 71 62 61 59 58 54 52 50
 2 -24 8 68 64 61 59 58 57 52 49
 2 -76 10 71 70 63 62 61 58 56 55 54 53
 5 -57 8 71 68 62 61 59 55 53 52
 5 -90 8 70 62 58 57 56 55 54 53
 6 -67 5 64 63 54 53 48
 9 -28 8 72 71 64 63 61 55 53 52
 7 -36 8 72 71 67 64 61 59 58 52
 3 -33 8 72 71 70 67 63 62 58 56
 10 -98 2 54 48
 2 -93 4 61 58 54 52
 7 -8 5 72 68 67 61 52
 5 -48 7 72 71 70 69 63 60 55
 4 -10 5 69 64 63 60 55
 5 -69 5 70 69 68 64 60
 9 -21 3 70 66 56
 10 -88 5 76 73 69 66 60
 4 -97 8 85 82 76 74 72 69 68 66
 4 -95 8 82 78 77 76 74 73 67 66
 4 0 3 73 69 60
 10 -87 8 84 80 79 78 75 72 71 65
 10 -70 5 78 75 73 66 65
 2 -31 4 82 74 66 63
 6 -77 6 84 80 79 78 75 65
 7 -97 7 84 82 78 77 76 74 66
 9 -40 4 85 80 78 64
 2 -71 8 91 90 81 79 78 77 75 73
 1 -2 7 91 90 84 82 77 76 75
 2 -32 6 90 85 82 81 77 74
 6 -90 6 90 87 83 81 80 79
 8 -96 6 97 91 90 86 85 75
 8 -66 4 97 91 77 75
 8 -52 5 91 87 84 81 78
 9 -6 7 97 95 91 89 86 83 79
 6 -1 10 100 97 94 93 91 90 89 88 87 86
 1 -14 8 96 95 93 92 91 88 87 81
 9 -7 6 106 100 94 93 84 80
 5 -71 8 121 106 100 99 97 95 91 83
 1 -34 6 121 100 95 89 88 83
 7 -32 6 109 98 96 93 92 81
 4 -22 6 100 95 92 88 87 86
 10 -77 6 121 106 99 97 92 83
 7 -62 8 121 111 103 101 100 98 96 88
 4 -73 7 121 110 103 99 97 92 86
 4 -64 8 121 108 103 102 100 99 94 89
 8 -39 9 120 111 110 109 108 101 99 97 93
 9 -62 7 109 108 107 101 96 94 93
 9 -51 7 121 120 110 103 102 101 92
 10 -58 6 111 109 102 101 94 92
 2 -62 7 120 111 109 105 102 101 98
 7 -42 7 121 120 118 109 106 99 98
 1 -38 6 109 108 106 105 104 99
 10 -32 8 119 115 111 107 106 105 104 101
 5 -3 4 120 110 102 92
 6 -27 7 118 116 111 109 107 103 102
 7 -1 7 119 117 116 115 108 105 104
 5 -57 5 119 118 116 103 102
 10 -24 7 120 119 118 117 116 115 105
 3 -40 6 119 116 115 105 104 103
 5 -47 5 120 118 116 110 102
 10 -67 5 119 117 116 105 102
 7 -20 6 119 117 116 115 107 104
 6 -86 6 119 117 116 115 114 107
 5 -95 3 118 115 105
 4 -4 5 118 117 116 114 112
 3 -40 2 115 104
 8 -66 4 117 114 113 112
 6 -27 3 114 113 112
 2 -13 3 114 113 112
 7 -27 2 113 110
 5 -66 2 113 112
 6 -56 2 118 112
 4 -3 2 113 112
 8 -92 1 112
 6 -61 1 113
 6 -8 1 122
 6 -65 1 122
 7 -33 1 122
 10 -45 1 122
 7 -8 1 122
 2 -12 1 122
 7 -12 1 122
 6 -47 1 122
 10 -97 1 122
 4 -59 1 122
 0 28050 0
