122
 0 -55 11 2 3 4 5 6 7 8 10 11 12 14
 4 -87 6 29 25 24 16 15 9
 2 -23 10 36 30 26 25 22 21 20 18 17 16
 2 -66 8 37 29 26 22 21 20 15 13
 3 -14 4 36 25 22 9
 8 -93 9 36 35 29 26 25 22 21 19 18
 8 -37 9 36 35 31 29 25 23 21 20 19
 8 -73 8 35 31 26 25 22 21 20 19
 3 -19 7 35 31 30 23 21 20 19
 3 -55 7 35 31 29 28 26 21 20
 4 -52 7 36 32 31 26 22 21 19
 10 -18 7 35 32 31 30 29 22 19
 6 -83 9 50 39 36 35 33 32 31 30 25
 8 -56 4 39 32 21 19
 3 -68 8 50 36 35 34 32 31 28 27
 2 -95 8 50 43 39 35 34 33 31 27
 10 -63 8 43 39 37 34 32 31 29 27
 6 -29 7 50 42 37 34 32 31 28
 4 -99 6 50 41 40 37 28 27
 4 -35 6 50 44 43 39 33 32
 5 -5 5 50 45 40 34 27
 7 -25 5 45 43 41 40 27
 9 -73 8 50 45 44 43 42 41 40 38
 9 -38 5 50 45 41 40 33
 9 -84 8 61 51 49 45 44 42 41 38
 8 -39 8 57 51 50 48 46 45 41 40
 9 -68 7 61 51 49 47 44 42 38
 6 -67 5 47 45 44 43 33
 2 -76 5 47 46 45 40 38
 3 -89 4 45 43 40 34
 2 -75 5 57 48 46 41 40
 9 -40 3 51 40 38
 7 -30 3 51 46 38
 5 -25 3 61 49 38
 10 -95 5 61 57 51 49 42
 3 -85 7 58 57 55 54 48 47 45
 4 -24 6 65 61 53 49 48 46
 4 -10 10 65 59 58 57 56 55 54 53 52 48
 6 -4 6 65 58 55 54 48 45
 5 -39 8 68 65 63 61 56 55 52 49
 9 -16 7 60 56 55 54 53 52 47
 10 -33 5 63 60 59 58 46
 3 -39 8 72 68 64 60 58 55 54 53
 1 -86 7 68 63 60 59 58 56 52
 1 -40 6 69 68 59 56 53 52
 8 -100 6 71 68 62 56 55 52
 5 -17 9 79 72 71 70 68 66 64 63 62
 6 -39 8 79 72 68 66 64 63 62 60
 10 -6 5 69 66 64 59 58
 5 -33 7 79 72 71 70 68 62 61
 8 -36 8 72 71 69 68 66 65 64 62
 7 -29 4 79 72 66 64
 8 -45 4 79 71 66 62
 4 -13 4 86 79 71 63
 9 -44 5 79 75 69 67 66
 5 -2 4 79 75 66 64
 1 -42 4 79 75 70 64
 2 -80 3 71 70 62
 3 -21 3 79 72 62
 5 -71 6 86 78 76 75 70 67
 7 -88 2 66 64
 5 -91 5 86 78 76 75 67
 7 -39 3 75 69 67
 6 -94 4 86 78 76 67
 9 -47 8 93 86 84 83 81 76 75 74
 6 -94 7 86 84 83 81 76 74 73
 7 -29 5 84 83 81 74 73
 7 -17 6 93 84 83 77 76 74
 6 -29 4 81 78 76 73
 2 -99 3 83 81 73
 10 -97 5 93 90 88 78 74
 7 -18 5 102 85 84 83 75
 4 -67 7 102 95 93 87 85 80 77
 10 -3 7 102 94 89 87 85 82 80
 4 -83 2 87 77
 4 -47 8 97 96 95 94 91 90 88 82
 1 -99 7 97 94 91 90 89 88 82
 4 -14 9 121 106 98 97 95 94 91 87 85
 2 -61 8 106 104 98 97 96 94 92 87
 7 -8 7 106 100 99 98 97 92 91
 3 -86 5 97 94 92 91 87
 2 -72 7 120 111 106 105 104 98 92
 2 -70 5 119 100 98 97 88
 3 -14 8 121 120 111 105 104 99 98 95
 7 -64 7 120 105 104 103 101 100 99
 10 -68 5 121 120 103 100 91
 7 -58 8 120 119 110 107 105 103 100 99
 10 -7 8 121 120 118 111 109 105 104 103
 2 -43 7 121 120 118 105 104 101 96
 5 -10 5 121 109 104 103 100
 4 -3 7 119 118 117 114 109 105 104
 3 -76 6 121 118 110 109 103 101
 5 -69 6 121 118 109 108 104 103
 6 -22 6 119 117 112 111 109 105
 1 -85 6 119 118 113 112 108 103
 9 -93 6 116 115 114 113 110 107
 10 -59 5 120 114 113 108 107
 6 -1 5 116 114 113 112 108
 3 -4 5 115 114 113 112 109
 3 -42 4 118 117 113 111
 9 -52 4 119 114 113 107
 2 -4 4 114 113 112 109
 3 -90 4 117 116 115 114
 3 -63 3 113 110 107
 7 -35 2 113 108
 4 -75 2 115 112
 9 -70 1 112
 10 -62 1 115
 2 -7 1 116
 6 -16 1 112
 10 -60 1 114
 7 -55 1 122
 10 -75 1 122
 8 -98 1 122
 7 0 1 122
 8 -2 1 122
 9 -65 1 122
 3 -4 1 122
 6 -29 1 122
 2 -58 1 122
 2 -49 1 122
 0 29710 0
