122
 0 -21 19 2 3 4 5 6 7 8 10 11 12 13 14 16 17 18 21 26 27 34
 5 -46 8 38 36 32 25 23 22 15 9
 9 -16 9 45 41 38 35 31 28 24 23 22
 1 -28 3 22 19 9
 4 -56 9 52 50 47 41 39 36 35 24 20
 5 -21 9 51 50 46 41 36 32 31 29 22
 5 -38 8 51 46 45 43 36 35 25 23
 2 -56 13 53 52 51 47 46 43 41 39 37 36 35 31 29
 8 -55 10 59 53 52 47 45 41 39 33 31 24
 2 -32 9 59 54 53 52 47 45 41 28 24
 9 -59 6 45 38 35 29 23 22
 4 -24 6 45 35 33 31 28 23
 7 -53 12 58 53 52 51 50 47 45 41 37 35 33 31
 8 -15 10 53 52 46 45 43 42 39 37 35 31
 2 -54 8 58 52 51 47 43 35 30 29
 1 -99 7 58 53 52 41 33 32 31
 10 -6 10 55 53 52 51 45 44 42 36 35 31
 4 -22 10 54 53 52 49 46 40 39 38 37 33
 9 -50 9 58 53 52 50 44 39 36 33 31
 8 -9 7 59 58 53 45 43 40 29
 4 -77 14 74 65 64 59 58 53 52 51 49 48 47 45 43 37
 5 -92 8 59 58 54 53 52 40 37 33
 9 -92 14 91 73 65 64 63 58 54 53 52 50 49 47 39 37
 7 -20 7 51 49 46 43 42 40 37
 5 -51 5 65 58 54 37 29
 8 -2 14 73 69 65 64 63 62 61 56 54 53 52 48 44 41
 9 -62 12 74 65 64 62 60 58 56 53 51 50 42 41
 8 -29 9 74 69 58 55 50 48 44 42 39
 8 -64 5 69 49 48 44 33
 4 -97 8 73 66 63 59 53 50 44 40
 8 -92 9 73 70 66 62 57 56 54 49 40
 2 -10 11 91 76 74 73 68 65 60 59 56 47 43
 7 -94 8 76 74 72 70 64 62 55 42
 1 -26 11 91 82 81 80 72 68 67 66 59 55 51
 1 -18 11 97 77 72 69 66 64 62 61 59 57 49
 1 -96 13 77 76 75 73 71 70 69 68 66 65 62 61 60
 1 -59 4 69 62 55 44
 5 -51 15 97 91 85 81 80 77 75 74 73 71 70 69 68 66 60
 1 -48 8 80 76 68 62 61 60 57 56
 5 -28 7 77 75 69 65 64 61 48
 10 -40 13 97 94 91 87 85 82 81 77 76 71 70 67 57
 3 -2 9 97 91 82 81 73 66 63 61 57
 5 -42 12 97 87 83 82 81 75 71 70 69 67 66 61
 2 -7 10 97 94 85 81 78 76 70 68 60 57
 9 -32 12 94 87 85 83 80 76 72 70 69 68 67 62
 10 -40 10 97 87 82 81 80 79 71 69 67 58
 2 -72 8 87 82 80 72 70 67 61 57
 10 -92 14 121 94 92 91 87 85 84 83 82 80 79 76 71 67
 9 -6 14 121 94 92 87 85 83 82 81 80 79 78 76 68 67
 4 -29 12 96 86 85 83 81 80 79 76 75 72 71 68
 5 -4 6 85 78 76 73 69 57
 7 -39 13 121 97 96 94 90 88 87 86 85 83 80 68 66
 4 -13 5 87 82 77 71 57
 5 -96 13 97 96 95 86 85 84 83 80 79 78 76 75 74
 5 -98 1 56
 5 -45 9 120 97 96 85 84 83 77 75 71
 3 -43 14 120 119 102 101 96 95 92 90 88 86 84 83 79 75
 10 -40 10 96 95 94 93 92 90 86 83 75 68
 5 -33 8 117 104 94 90 85 84 71 70
 7 -30 11 121 113 104 102 93 92 87 84 83 82 67
 8 -98 13 119 117 104 101 96 95 94 92 86 85 84 79 78
 2 -4 14 119 118 104 103 101 96 95 93 90 89 86 82 81 78
 5 -28 12 120 119 115 114 104 103 101 92 88 83 80 79
 8 -82 14 121 120 119 117 113 111 100 96 95 93 92 89 85 84
 1 -29 8 121 118 104 101 90 86 80 72
 3 -58 11 119 118 117 108 104 102 101 100 95 92 79
 5 -83 14 120 119 118 117 115 111 110 107 101 99 96 95 89 86
 10 -84 12 120 119 118 117 113 112 111 102 101 98 89 84
 8 -68 12 120 118 117 116 113 111 109 101 96 93 90 86
 3 -68 11 121 120 119 118 115 113 101 96 95 92 86
 5 -46 5 110 103 101 95 78
 7 -7 12 119 117 116 115 113 111 110 102 99 98 92 89
 9 -72 10 119 118 115 113 112 109 103 101 99 87
 8 -97 6 117 116 94 93 92 88
 2 -28 13 121 118 117 114 113 112 111 110 109 108 104 103 99
 4 -47 9 119 115 114 111 110 109 104 100 90
 2 -94 8 119 114 112 111 108 98 93 92
 6 -74 7 116 115 113 109 108 102 88
 6 -38 7 113 112 111 109 99 98 93
 4 -58 8 117 110 109 108 106 102 99 98
 4 -71 9 117 116 115 112 111 109 108 107 105
 9 -33 8 116 115 114 110 109 107 106 99
 2 -62 5 118 111 110 107 89
 7 -41 6 115 110 109 106 103 99
 4 -15 6 118 112 108 106 99 98
 2 0 5 114 112 108 106 100
 3 -68 5 111 110 108 105 98
 3 -90 4 111 106 100 98
 2 -42 4 109 108 106 105
 10 -53 4 108 107 106 105
 6 -77 4 112 108 106 105
 5 -89 3 109 107 106
 9 -1 3 110 106 105
 10 -54 3 113 112 108
 2 -61 2 116 114
 10 -76 2 114 106
 5 -74 2 109 105
 5 -89 1 107
 3 -44 1 105
 1 -7 1 105
 5 -100 1 106
 2 -100 1 105
 5 -97 1 107
 4 -18 1 106
 4 -37 1 122
 5 -71 1 122
 2 -98 1 122
 7 -57 1 122
 7 -68 1 122
 6 -66 1 122
 7 -14 1 122
 3 -19 1 122
 2 -88 1 122
 5 -49 1 122
 8 -12 1 122
 3 -88 1 122
 6 -54 1 122
 1 -14 1 122
 9 -78 1 122
 7 -62 1 122
 5 -2 1 122
 0 30365 0
