122
 0 -42 9 2 3 4 5 6 7 8 11 12
 5 -67 5 30 25 18 16 10
 7 -8 7 30 26 25 18 17 15 13
 8 -75 7 30 28 26 22 20 19 13
 5 -2 4 30 18 17 9
 5 -99 5 26 20 15 14 13
 7 -59 4 17 16 15 13
 7 -25 7 31 28 27 26 25 24 15
 1 -26 6 31 27 26 25 24 15
 4 -77 5 29 28 27 19 13
 10 -33 6 31 25 24 23 18 17
 7 -30 5 33 31 30 26 19
 6 -43 4 33 31 24 21
 3 -48 5 39 38 29 25 23
 6 -71 3 33 29 19
 7 -86 5 36 34 32 27 26
 5 -28 9 43 40 39 38 37 36 34 33 32
 2 -35 8 42 39 38 37 36 33 29 27
 6 -83 4 42 40 38 23
 8 -29 5 42 37 33 29 24
 6 -45 3 40 39 23
 8 -77 5 40 37 33 32 27
 4 -58 6 44 43 37 36 34 32
 8 -30 8 47 45 44 43 41 39 38 35
 5 -57 6 50 44 42 40 36 32
 3 -33 8 50 47 45 40 39 38 37 35
 3 -45 6 47 45 44 43 41 35
 9 -82 4 44 41 37 32
 8 -89 6 50 47 45 44 41 35
 3 -54 8 61 56 52 50 46 45 44 42
 4 -73 6 52 47 46 45 42 38
 2 -92 4 47 46 45 35
 5 -94 5 57 56 46 44 41
 8 -52 5 58 57 56 55 41
 4 -7 6 60 58 57 56 52 48
 10 -90 6 61 56 55 51 48 46
 9 -46 6 65 60 58 56 55 48
 6 -88 6 61 60 57 56 55 48
 2 -40 6 65 58 57 56 55 48
 6 -13 10 72 68 65 62 61 60 57 55 54 53
 6 -83 5 62 61 60 52 49
 8 -63 5 60 58 55 51 49
 2 -67 3 68 50 46
 3 -50 7 68 65 60 55 54 53 51
 1 -36 4 65 62 58 48
 4 -17 5 72 62 58 54 53
 7 -98 4 68 55 53 51
 6 -80 1 49
 3 -50 4 72 68 54 53
 8 -39 6 70 69 62 58 57 55
 1 -73 10 77 76 74 72 71 70 67 66 63 62
 7 -40 12 85 82 78 77 74 73 71 69 68 67 65 63
 1 -42 8 77 74 73 71 70 69 63 59
 9 -31 7 78 76 74 73 67 66 64
 6 -33 5 78 77 74 71 59
 7 -100 6 83 80 78 74 70 62
 1 -52 5 81 74 73 67 64
 10 -80 6 80 79 75 74 71 66
 10 -51 5 87 84 79 67 66
 1 -68 6 85 84 81 79 71 67
 4 -72 7 87 84 83 78 75 74 73
 1 -5 7 87 85 84 82 79 75 73
 5 -92 10 102 95 94 90 87 86 84 83 81 79
 6 -14 7 90 87 84 83 82 79 75
 9 -40 7 99 94 90 87 84 83 75
 5 -87 6 95 94 85 83 82 81
 4 -94 5 99 94 90 80 75
 5 -90 7 102 95 94 90 86 81 79
 2 -35 6 99 94 91 89 87 75
 1 -59 4 94 90 79 75
 6 -68 10 105 102 99 98 94 93 90 88 87 83
 9 -19 5 94 90 85 84 80
 1 -61 10 105 102 99 98 94 92 91 90 89 88
 6 -83 8 105 102 98 94 92 91 89 88
 6 -78 6 108 102 95 93 88 86
 6 -31 5 99 90 88 87 83
 7 -7 5 97 91 90 89 86
 8 -28 3 105 92 81
 8 -48 8 108 105 104 99 93 92 91 88
 7 -67 5 105 98 91 89 88
 4 -23 5 108 101 98 91 88
 3 -88 8 105 102 101 100 99 97 96 92
 5 -12 4 97 92 91 89
 3 -94 7 108 101 100 97 96 93 92
 6 -66 5 99 98 96 93 89
 5 -99 6 121 105 104 98 96 92
 5 -78 5 120 104 103 100 97
 4 -28 4 120 100 97 96
 3 -18 6 120 118 110 108 103 101
 10 -40 6 121 119 110 106 104 103
 6 -5 7 121 120 119 116 111 109 100
 6 -14 6 120 116 111 110 107 106
 3 -77 5 119 118 110 109 103
 3 -25 3 106 104 100
 7 -6 3 110 106 101
 10 -86 2 106 103
 8 -49 6 119 116 113 111 110 106
 5 -73 8 119 118 117 116 113 111 110 109
 8 -50 6 119 117 116 113 110 106
 8 -58 4 118 115 110 107
 6 -42 3 117 114 104
 8 -43 3 119 114 104
 6 -87 3 116 111 107
 1 -69 4 116 115 113 109
 10 -83 4 117 116 113 109
 6 -64 3 118 114 109
 3 -5 3 117 114 113
 1 -83 2 115 114
 8 -42 1 112
 4 -21 1 112
 1 -9 1 115
 8 -13 1 122
 9 -69 1 122
 7 -6 1 122
 1 -97 1 122
 2 -97 1 122
 8 -44 1 122
 2 -89 1 122
 7 -91 1 122
 1 -82 1 122
 4 -59 1 122
 0 32730 0
