122
 0 -58 9 2 3 4 7 9 10 12 13 14
 5 -30 6 19 16 15 11 6 5
 2 -49 6 24 23 19 18 16 8
 8 -25 11 34 30 25 24 23 22 21 20 19 17 16
 4 -38 11 34 33 30 29 27 25 24 23 22 21 17
 2 -53 11 34 31 30 29 28 27 25 24 22 20 17
 5 -56 4 33 29 24 11
 9 -65 9 34 31 30 29 25 22 21 20 17
 10 -4 7 34 26 24 21 20 16 15
 7 -13 8 34 30 28 26 25 24 20 19
 1 -19 7 34 31 30 25 22 21 17
 1 -42 7 31 30 29 28 27 22 20
 8 -72 7 34 31 29 25 24 22 20
 1 -96 9 37 36 34 33 29 27 26 24 23
 6 -62 7 37 36 33 32 29 28 23
 4 -76 7 42 41 37 33 31 29 28
 2 -86 7 43 39 38 37 36 32 26
 9 -45 7 47 43 37 36 35 34 32
 4 -79 9 48 47 43 41 40 39 38 35 32
 6 -40 7 48 43 40 37 36 33 32
 6 -29 7 48 47 42 40 36 35 28
 2 -33 6 47 43 41 38 37 26
 7 -17 8 48 44 43 42 41 39 38 31
 10 -47 9 49 48 46 45 44 43 42 41 40
 2 -2 8 49 48 46 45 42 41 40 39
 7 -59 5 48 46 44 40 35
 1 -45 8 56 54 49 48 45 43 42 41
 10 -16 9 61 54 51 50 49 46 45 43 39
 9 -88 8 58 53 50 49 48 47 45 40
 10 -14 6 54 53 52 48 47 37
 2 -70 3 50 40 35
 3 -27 10 61 59 58 57 53 51 49 46 44 42
 4 -28 8 61 55 54 51 50 49 45 39
 3 -10 6 53 52 48 45 42 40
 8 -23 8 61 58 56 55 53 51 49 45
 1 -36 7 61 59 57 56 52 44 41
 1 -21 8 61 60 59 58 57 51 46 44
 6 -50 8 70 61 59 57 56 53 50 49
 4 -28 10 70 67 64 63 60 59 58 57 53 52
 6 -92 7 64 62 61 57 55 54 51
 2 -65 8 69 67 65 64 63 60 58 51
 3 -55 5 70 64 62 55 50
 4 -26 7 75 70 69 64 59 55 53
 10 -46 4 70 64 55 50
 3 -71 9 70 69 67 66 65 62 60 59 57
 2 -88 8 75 70 67 66 65 64 62 56
 7 -55 8 84 75 70 66 65 63 62 56
 2 -18 6 71 65 64 63 61 51
 7 -38 5 75 64 63 60 52
 1 -50 10 84 83 75 73 71 69 67 66 65 63
 5 -82 9 84 83 79 75 73 72 70 68 66
 1 -76 7 84 83 79 73 69 66 62
 8 -98 6 84 83 73 66 65 62
 5 -74 5 83 76 69 67 63
 8 -85 5 83 74 71 68 65
 5 -11 8 83 82 79 76 73 71 69 68
 8 -16 9 85 84 83 81 80 79 78 76 75
 6 -9 7 85 81 79 76 74 72 71
 2 -21 9 86 84 83 80 79 78 77 74 73
 9 -33 7 85 81 79 78 76 74 72
 9 -99 7 85 81 78 77 76 74 72
 10 -49 6 85 81 76 74 72 71
 9 -76 4 79 78 72 68
 6 -10 7 85 84 83 78 77 76 72
 4 -58 5 85 79 78 76 72
 4 -47 7 88 85 81 80 78 77 76
 2 -100 6 91 85 82 81 80 74
 2 -46 6 91 88 85 81 80 77
 3 -89 5 86 85 81 80 78
 8 -3 5 91 86 85 80 74
 4 -54 4 87 86 80 78
 1 -28 3 87 82 80
 7 -18 4 91 90 88 81
 2 -68 7 100 98 93 92 90 88 87
 5 -17 3 100 87 82
 2 -62 6 101 98 97 92 90 89
 6 -86 5 98 93 92 90 87
 9 -35 11 121 105 101 100 99 98 97 96 95 94 91
 4 -94 9 106 101 97 96 95 94 92 91 88
 9 -90 5 98 94 92 90 89
 8 -24 5 100 99 96 92 87
 8 -32 5 98 96 95 92 86
 3 -35 8 109 106 101 99 96 95 92 91
 1 -59 8 121 109 105 100 99 98 95 91
 7 -50 8 121 106 105 99 97 96 94 93
 6 -16 7 121 120 106 105 99 94 93
 9 -60 7 121 120 106 104 101 97 94
 7 -48 7 121 120 119 109 105 102 99
 7 -38 6 107 105 103 102 100 93
 5 -1 4 121 99 96 95
 1 -13 5 120 112 107 102 93
 7 -28 7 121 120 118 111 108 105 103
 9 -97 7 119 118 117 116 111 108 104
 3 -89 7 119 116 112 111 109 108 107
 7 -52 6 120 117 116 112 111 108
 5 -23 4 119 117 115 102
 5 -8 4 118 115 109 102
 1 -93 6 119 118 117 116 114 107
 9 -29 5 118 117 116 107 103
 8 -64 4 118 112 111 106
 7 -41 4 117 113 112 111
 3 -15 3 116 111 108
 8 -83 3 115 114 110
 3 -44 3 115 114 110
 2 -8 3 116 114 112
 1 -60 3 116 114 110
 1 -24 2 115 110
 9 -9 1 110
 7 -17 1 110
 7 -52 1 113
 9 -38 1 114
 7 -4 1 115
 3 -29 1 122
 4 -65 1 122
 1 -69 1 122
 3 -79 1 122
 1 -43 1 122
 3 -84 1 122
 4 -44 1 122
 10 -28 1 122
 5 -10 1 122
 0 27970 0
