122
 0 -60 18 2 3 4 5 6 7 8 9 10 12 13 15 18 20 23 24 26 28
 4 -50 9 48 43 41 37 33 31 29 19 11
 8 -57 11 52 51 44 43 41 39 37 35 33 32 14
 3 -34 9 47 42 41 40 35 29 25 21 16
 4 -60 9 47 44 41 37 35 29 27 22 21
 1 -74 10 60 47 44 43 42 41 37 32 31 22
 2 -16 8 55 48 39 37 32 29 25 17
 4 -84 11 60 55 53 52 48 46 38 37 34 27 25
 7 -29 10 48 47 45 44 43 41 40 37 32 29
 7 -51 11 55 48 46 45 44 42 41 38 37 36 29
 6 -22 10 60 56 55 54 52 47 42 39 32 30
 7 -22 7 45 43 37 36 32 30 27
 6 -32 7 48 37 36 32 31 29 27
 5 -26 8 60 47 46 42 40 38 34 22
 9 -81 8 55 48 45 42 37 36 32 29
 10 -92 10 75 64 55 52 51 48 46 39 38 37
 9 -30 11 69 60 58 57 53 51 46 45 42 40 36
 8 -38 10 69 58 54 52 51 50 48 44 36 35
 9 -28 7 47 46 42 39 38 36 35
 5 -45 13 75 65 64 60 58 57 56 55 54 52 48 42 39
 9 -66 8 69 60 52 48 46 43 39 34
 2 -22 4 55 53 48 25
 3 -37 7 64 55 50 49 46 38 35
 5 -54 9 80 69 66 62 53 46 43 42 36
 4 -53 6 74 69 61 58 45 36
 2 -38 14 80 75 70 69 68 65 64 62 61 60 55 51 49 44
 3 -72 11 73 69 65 64 58 57 56 54 51 49 42
 5 -43 9 75 64 61 57 55 51 48 46 38
 5 -47 11 75 68 65 64 61 60 58 53 51 50 49
 7 -80 7 75 62 57 53 51 44 40
 10 -30 13 80 78 75 74 72 70 69 67 65 64 61 49 45
 10 -37 7 75 71 66 64 61 46 38
 5 -31 5 80 74 73 60 36
 9 -29 13 85 83 74 73 67 66 65 63 62 61 59 57 56
 3 -69 10 85 75 74 73 66 62 61 59 57 53
 5 -92 8 91 75 68 67 65 64 56 49
 6 -61 8 85 74 66 61 59 57 56 54
 8 -96 11 85 77 74 73 72 69 68 67 65 63 58
 2 -12 7 78 72 68 66 61 50 49
 1 -61 9 80 78 72 70 68 66 65 61 49
 1 -88 12 85 83 79 78 77 74 73 72 70 68 62 59
 9 -74 11 91 85 83 78 74 72 70 68 63 61 59
 5 -23 14 105 91 90 85 83 79 78 77 75 72 70 65 64 59
 5 -17 10 91 85 83 77 74 73 72 67 63 59
 1 -62 4 77 68 66 50
 8 -26 12 105 91 90 86 85 83 79 78 77 73 68 65
 9 -12 6 85 80 72 67 61 59
 4 -99 13 105 100 90 89 85 83 79 77 76 74 71 70 67
 4 -72 5 85 83 77 63 59
 4 -25 7 86 83 82 79 73 71 62
 2 -24 11 100 91 90 87 86 85 84 78 77 74 66
 10 -96 8 99 98 87 86 82 77 73 62
 7 -69 7 119 83 78 77 72 70 63
 6 -52 10 91 90 89 83 82 80 79 76 71 67
 1 -91 12 121 105 104 93 90 89 87 83 82 81 76 74
 10 -47 10 119 104 90 89 86 81 79 78 72 70
 3 -17 11 121 119 104 99 91 89 84 82 80 77 70
 9 -16 9 91 89 83 82 81 80 78 76 70
 8 -64 9 104 100 98 92 89 86 82 76 71
 1 -19 11 121 105 104 100 97 94 93 92 90 77 76
 2 -7 11 119 105 104 100 97 90 89 88 87 79 77
 4 -77 12 121 118 105 104 100 96 94 92 91 90 89 76
 9 -95 11 118 105 104 102 96 94 90 89 86 84 79
 3 -81 11 121 120 119 116 103 100 93 89 87 82 81
 8 -51 8 121 118 104 98 96 94 92 76
 7 -26 10 121 120 119 116 104 94 93 89 82 81
 6 -24 11 121 120 119 113 104 101 98 93 88 87 84
 5 -85 8 112 104 99 98 89 87 82 81
 8 -96 8 119 104 100 99 93 88 87 84
 8 -53 11 120 117 116 114 113 98 97 94 93 92 88
 9 -14 10 121 120 116 114 113 102 97 94 93 81
 7 -49 8 113 100 99 97 96 93 88 84
 10 -13 13 120 119 118 117 115 110 102 101 100 97 96 93 89
 3 -81 10 117 116 113 112 99 98 96 94 92 88
 6 -62 10 119 117 115 110 102 97 96 93 92 89
 3 -74 7 120 119 113 112 111 88 84
 9 -71 6 116 115 113 112 102 81
 8 -55 11 121 120 116 113 112 111 109 107 103 102 95
 3 -38 8 113 109 103 101 99 98 95 93
 2 -49 7 116 114 113 112 110 96 92
 7 -30 6 118 117 109 101 96 95
 8 -18 6 115 113 110 102 101 97
 2 -20 6 118 114 111 108 101 95
 9 -67 7 117 116 114 110 109 106 103
 3 -12 4 118 115 108 92
 10 -85 5 116 115 112 109 95
 10 -52 6 118 111 110 109 108 106
 3 -94 4 115 107 102 95
 3 -66 5 114 113 109 107 106
 2 -95 4 116 114 112 107
 4 -54 4 110 109 108 106
 5 -13 3 109 106 101
 1 -1 3 112 111 106
 4 -10 3 108 107 106
 8 -17 2 110 106
 4 -81 2 111 108
 10 -27 2 111 106
 8 -16 2 108 106
 10 -46 2 107 106
 8 -85 2 109 106
 1 -75 1 107
 6 -93 1 106
 2 -94 1 108
 3 -89 1 106
 7 -11 1 113
 7 -45 1 122
 6 -58 1 122
 4 -47 1 122
 2 -39 1 122
 9 -83 1 122
 3 -41 1 122
 9 -25 1 122
 9 -95 1 122
 1 -47 1 122
 5 -61 1 122
 9 -72 1 122
 6 -18 1 122
 4 -35 1 122
 4 -13 1 122
 3 -90 1 122
 10 -87 1 122
 0 30810 0
