122
 0 -91 16 2 3 4 5 6 7 8 9 12 13 14 15 17 19 26 37
 8 -25 10 40 36 33 31 30 28 27 20 18 10
 4 -45 13 43 40 36 35 34 31 30 29 27 25 22 21 16
 1 -10 8 43 39 35 33 29 23 21 11
 9 -59 13 61 50 49 43 42 41 40 39 38 36 29 27 20
 2 -85 12 51 50 45 43 42 40 39 35 33 31 27 21
 7 -45 8 51 40 39 34 25 24 22 21
 6 -62 13 61 57 50 43 40 39 38 36 35 34 32 29 27
 7 -81 9 57 51 50 49 43 41 39 36 20
 9 -66 7 50 42 39 38 34 29 21
 4 -51 10 52 51 50 48 46 42 41 34 28 25
 8 -22 10 52 51 50 46 45 44 43 40 35 33
 3 -24 10 57 52 51 50 45 44 43 38 33 31
 1 -30 8 61 49 45 43 41 40 36 34
 10 -93 7 52 51 50 45 40 34 33
 8 -48 9 64 62 58 57 52 49 48 39 28
 8 -81 10 62 57 56 54 53 51 49 47 45 36
 2 -14 10 62 61 59 58 54 52 49 48 43 41
 4 -63 8 61 58 57 56 54 44 43 33
 5 -15 7 62 54 53 52 44 34 32
 4 -57 10 66 62 61 57 52 49 48 46 44 41
 1 -51 7 61 54 53 50 49 47 32
 5 -42 7 72 53 51 49 47 45 40
 2 -10 9 66 62 58 57 49 48 46 45 44
 1 -70 7 62 61 59 57 49 47 38
 3 -23 5 62 49 48 44 41
 4 -28 13 75 74 68 66 64 63 62 60 59 58 55 53 48
 5 -69 12 85 84 78 75 74 72 66 61 55 54 47 45
 9 -91 9 82 72 64 62 55 53 52 51 45
 2 -78 8 84 75 74 61 55 54 45 44
 8 -90 12 85 75 72 68 66 65 62 58 56 55 54 47
 3 -80 8 75 72 71 66 64 55 48 45
 8 -79 6 77 72 71 49 47 41
 4 -12 14 87 85 84 77 75 74 72 71 68 66 60 59 55 47
 8 -73 9 97 85 78 68 64 63 60 56 49
 10 0 7 84 82 73 60 58 52 44
 5 -98 7 85 64 62 60 59 56 49
 4 -81 12 97 84 82 78 75 74 68 64 60 58 55 53
 4 -24 10 85 81 78 75 72 66 63 56 55 46
 3 -20 9 81 74 69 67 66 64 62 58 48
 9 -10 10 97 84 82 76 75 74 63 60 55 53
 4 -28 6 84 78 63 60 57 56
 10 -43 13 97 85 84 78 77 76 74 72 71 69 66 64 55
 2 -69 13 97 87 85 81 79 77 76 72 71 68 67 64 63
 4 -52 6 77 68 67 63 60 59
 3 -73 13 87 84 83 82 79 77 76 74 71 70 69 67 65
 1 -21 9 97 86 81 79 76 73 69 67 63
 7 -6 8 97 90 85 84 79 73 70 56
 2 -56 6 98 84 81 75 74 55
 2 -21 11 93 91 90 85 82 79 78 77 71 70 64
 2 -65 9 87 83 81 80 77 75 69 66 65
 1 -56 9 97 92 87 85 83 78 77 67 65
 3 -52 8 98 89 87 85 83 70 67 65
 3 -32 12 120 104 97 92 91 90 86 83 82 79 77 76
 4 -47 8 104 86 83 80 79 73 70 67
 10 -72 11 120 104 102 93 92 91 87 83 82 77 76
 6 -45 9 121 97 93 91 85 83 77 73 71
 9 -23 7 93 91 90 80 76 71 70
 9 -39 15 121 120 98 97 96 95 94 93 92 90 89 88 86 81 79
 1 -49 7 98 95 92 89 81 69 65
 2 -20 5 95 90 87 68 65
 2 -93 9 121 120 104 103 89 84 83 80 78
 10 -18 8 116 110 104 91 90 83 80 70
 10 -84 14 120 118 116 114 112 104 103 102 101 98 92 88 86 83
 10 -97 14 121 120 119 118 116 115 112 103 102 101 99 96 88 86
 8 -81 13 121 114 113 112 110 103 102 101 99 98 96 95 93
 1 -67 10 118 113 112 109 102 101 93 91 90 88
 10 -88 13 120 118 117 113 112 110 109 108 104 102 101 93 89
 9 -38 13 119 116 115 113 112 111 110 104 102 101 100 99 90
 3 -18 11 121 120 119 118 114 103 102 96 95 94 92
 1 0 10 118 117 116 115 112 104 101 99 89 86
 10 -8 13 121 119 118 117 116 115 114 113 112 109 104 103 88
 3 -1 12 120 119 118 116 115 113 112 110 108 101 95 89
 8 -32 10 119 118 116 112 104 103 102 95 88 86
 8 -82 9 120 119 115 113 112 101 99 90 88
 9 -69 11 121 116 115 113 112 110 101 98 96 94 89
 8 -42 10 118 116 115 113 112 109 103 96 89 88
 10 -12 9 118 117 114 113 112 109 102 101 88
 7 -33 12 118 117 116 115 114 112 111 110 108 107 102 101
 10 -26 7 113 112 111 108 101 94 92
 9 -69 11 118 117 116 115 114 113 112 108 104 102 101
 7 -43 9 116 114 112 111 110 106 103 101 99
 6 -84 7 119 115 111 106 99 95 94
 2 -79 8 116 115 113 112 110 108 106 101
 4 -96 7 115 111 110 109 104 102 100
 5 -47 7 113 111 110 108 107 106 105
 9 -12 5 121 113 106 105 99
 9 -73 5 110 108 107 106 100
 9 -63 5 114 111 107 106 100
 6 -47 5 117 114 106 105 103
 5 -73 5 114 111 108 106 100
 4 -18 3 106 105 99
 6 -98 4 119 116 115 105
 7 -2 3 117 107 100
 9 -66 3 109 107 105
 10 -96 3 111 107 105
 9 -30 3 110 108 105
 1 -96 2 107 100
 2 -71 2 109 107
 9 -85 1 105
 1 -27 1 105
 3 -24 1 106
 2 0 1 108
 3 -45 1 106
 10 -28 1 122
 8 -42 1 122
 5 -65 1 122
 2 -3 1 122
 8 -7 1 122
 6 -88 1 122
 5 -53 1 122
 4 -70 1 122
 2 -64 1 122
 6 -9 1 122
 5 -74 1 122
 6 -7 1 122
 9 -57 1 122
 3 -33 1 122
 7 -20 1 122
 9 -31 1 122
 8 -66 1 122
 0 29575 0
