122
 0 -10 26 2 3 5 6 7 9 10 11 12 13 14 15 16 17 19 20 21 22 23 24 25 26 27 28 33 38
 7 -70 9 56 50 43 42 41 37 35 29 4
 9 -16 9 83 62 61 49 46 45 42 39 8
 1 -75 13 84 68 66 63 58 55 54 52 49 48 44 40 18
 3 -47 9 84 67 65 56 46 44 43 29 18
 9 -97 15 84 83 68 67 62 61 56 53 50 48 47 46 40 39 30
 10 -74 14 89 84 83 70 65 61 59 58 54 48 46 44 40 32
 1 -76 11 82 81 63 58 56 54 48 44 41 34 31
 2 -17 15 83 71 68 66 65 64 62 61 59 56 54 52 51 47 34
 1 -45 14 83 76 71 70 66 64 63 61 54 49 48 47 43 34
 3 -85 15 83 82 72 71 68 65 61 58 55 53 50 49 48 47 36
 2 -66 17 94 82 77 73 68 67 66 65 64 62 57 56 55 53 50 49 48
 1 -75 15 96 95 90 84 83 71 67 66 60 53 52 48 47 43 40
 3 -62 12 90 77 69 65 64 59 57 55 50 48 44 43
 5 -89 11 80 79 77 72 71 70 68 57 54 52 34
 10 -46 14 121 96 90 84 82 77 74 73 67 64 61 53 47 41
 3 -23 13 90 83 74 73 72 67 65 63 60 53 52 50 48
 2 -20 12 96 95 88 83 71 70 64 61 60 53 47 36
 9 -56 9 84 73 72 66 64 63 53 48 30
 7 -88 18 119 95 94 89 84 82 81 73 72 71 69 68 66 64 60 58 57 48
 5 -10 18 116 96 90 83 81 80 78 76 75 73 72 68 67 64 60 57 55 53
 1 -77 14 96 95 93 82 81 76 74 71 69 63 61 60 48 43
 9 -33 13 90 84 81 80 74 72 71 64 61 60 57 54 53
 7 -20 12 90 88 83 82 74 71 67 65 61 60 54 47
 7 -44 14 90 89 88 85 81 78 77 74 73 70 64 60 57 54
 7 -16 19 120 116 110 94 93 92 90 89 88 83 81 80 78 76 75 73 64 60 53
 7 -79 19 120 118 116 114 113 96 89 87 81 80 79 78 77 73 71 69 66 60 55
 9 -34 20 120 119 116 114 96 95 93 90 89 88 83 81 80 78 75 74 70 68 64 60
 7 -48 8 119 94 93 82 81 76 49 48
 10 -55 12 119 118 89 88 81 79 78 74 69 60 57 54
 8 -95 11 121 95 94 90 88 86 71 69 66 64 47
 9 -55 16 116 113 112 90 82 80 78 77 76 75 74 73 68 66 60 53
 10 -94 19 121 119 118 117 116 112 110 96 90 89 88 83 81 78 77 75 74 69 57
 4 -84 12 116 113 96 94 92 90 78 73 67 60 55 53
 4 -27 21 120 119 114 112 95 94 93 92 90 89 88 87 85 84 79 78 75 74 73 70 60
 1 -63 19 121 119 118 117 116 112 111 110 94 90 89 81 80 79 76 74 73 69 57
 4 -24 13 121 119 117 116 96 89 83 79 75 74 72 61 57
 7 -61 10 119 114 96 93 92 90 89 86 64 48
 7 -5 23 121 120 118 117 116 112 110 109 93 92 89 87 85 82 80 79 78 76 75 74 73 72 70
 1 -14 18 120 119 117 116 115 114 113 110 94 93 92 87 81 80 78 74 69 64
 2 -88 16 120 118 115 112 95 94 93 91 88 87 86 79 76 71 68 65
 6 -44 19 121 120 119 118 117 113 112 111 109 108 94 90 86 79 78 77 75 71 69
 3 -39 15 119 118 116 114 113 112 107 94 89 86 80 78 75 72 68
 5 -68 17 119 117 116 110 109 107 95 94 93 86 85 80 79 78 75 72 71
 2 -26 16 119 118 116 115 114 113 112 108 96 93 87 79 78 76 70 68
 10 -61 12 119 118 117 110 96 94 86 85 78 76 71 57
 6 -48 10 119 116 111 110 89 85 80 78 75 57
 9 -88 18 121 120 118 117 116 115 113 112 111 110 109 104 87 85 80 79 78 75
 1 -20 12 114 110 108 95 92 91 89 88 85 75 74 60
 5 -66 16 118 117 115 114 110 102 96 95 93 91 87 86 81 76 75 70
 2 -61 14 119 116 112 110 109 101 99 96 94 92 89 88 87 81
 3 -27 13 120 118 114 109 108 94 93 91 88 85 82 76 75
 8 -47 9 119 118 117 115 114 109 87 86 69
 2 -10 13 116 114 112 110 109 102 101 96 95 94 93 87 75
 3 -87 11 119 115 112 110 109 108 104 101 95 88 74
 4 -26 15 117 113 112 109 108 105 104 103 102 100 98 97 91 90 87
 8 -31 14 120 115 114 113 109 104 103 99 98 97 93 92 91 87
 10 -52 13 118 114 113 111 110 108 107 105 104 98 91 90 75
 7 -11 14 120 118 112 110 109 108 107 106 105 104 102 99 94 79
 4 -88 14 121 117 115 111 109 107 106 105 102 101 100 99 97 86
 3 -75 10 113 112 108 107 100 99 97 86 85 78
 3 -48 9 116 110 108 105 104 96 95 85 75
 1 -20 11 116 115 113 111 105 101 100 99 97 87 85
 4 -75 11 118 112 111 109 107 104 103 100 99 91 79
 8 -5 12 117 116 114 110 108 105 104 101 99 98 97 92
 7 -76 11 110 109 107 106 104 103 101 100 99 97 85
 5 -71 10 111 108 105 102 101 100 99 97 89 86
 7 -29 8 110 109 106 104 99 97 92 85
 7 -84 7 107 105 100 99 97 91 85
 10 -56 7 107 106 105 103 100 99 97
 5 -98 6 104 101 100 99 98 92
 1 -4 5 106 103 100 98 88
 8 -52 6 108 106 103 102 101 99
 6 -90 4 107 102 99 86
 1 -32 5 106 103 100 99 97
 6 -96 5 104 103 101 100 97
 2 -52 4 102 101 98 93
 4 -53 3 105 102 91
 10 -39 3 101 98 97
 7 -37 3 108 100 97
 6 -10 3 108 104 98
 8 -37 3 104 99 97
 1 -92 3 113 102 100
 9 -21 3 113 110 108
 8 -99 2 102 98
 8 -72 2 103 98
 8 -97 2 107 106
 9 -89 2 111 97
 8 -27 2 104 98
 1 -66 2 101 99
 1 -95 1 101
 3 -85 1 102
 4 -73 1 105
 8 -59 1 100
 2 -23 1 100
 4 -33 1 103
 6 -44 1 122
 7 -100 1 122
 7 0 1 122
 8 -50 1 122
 2 -15 1 122
 3 -16 1 122
 7 -10 1 122
 5 -53 1 122
 9 -51 1 122
 6 -1 1 122
 5 -29 1 122
 7 -39 1 122
 2 -56 1 122
 8 -74 1 122
 9 -63 1 122
 8 -56 1 122
 3 -59 1 122
 10 -12 1 122
 10 -69 1 122
 7 -26 1 122
 2 -36 1 122
 5 -51 1 122
 4 -47 1 122
 3 -22 1 122
 3 -50 1 122
 0 30810 0
