122
 0 -19 19 2 3 4 5 6 7 8 9 10 11 12 13 14 15 16 17 18 19 27
 5 -23 11 42 39 35 34 33 32 30 29 28 25 20
 6 -76 9 42 41 39 33 29 28 25 24 22
 2 -23 11 64 57 42 41 40 39 35 32 30 29 26
 3 -70 9 46 41 39 35 33 30 24 22 21
 9 -54 10 57 48 42 41 37 34 31 30 25 24
 3 -21 13 64 61 58 57 53 46 41 39 36 34 33 30 28
 1 -71 9 57 51 47 41 39 36 35 33 25
 9 -48 12 64 61 57 47 45 43 41 37 36 33 32 29
 9 -75 7 47 45 43 35 34 23 22
 3 -30 9 46 45 44 43 41 39 37 35 23
 3 -47 8 56 46 44 41 40 37 35 24
 10 -32 13 64 61 58 57 56 48 46 44 43 38 36 35 34
 10 -28 11 64 61 56 46 45 44 43 37 36 35 33
 2 -71 9 64 61 57 46 40 37 34 33 28
 1 -70 8 69 64 61 50 47 46 40 28
 4 -31 17 76 67 65 64 63 61 60 58 56 54 52 50 49 46 45 44 43
 10 -56 12 64 63 61 60 56 55 50 48 45 44 37 36
 6 -30 11 61 60 58 56 49 48 46 44 43 41 36
 7 -65 12 69 66 64 57 56 53 50 47 44 43 41 37
 7 -90 15 76 67 63 61 60 58 54 53 51 49 48 47 45 44 43
 10 -3 12 69 64 63 61 60 57 56 55 53 50 40 37
 1 -27 9 61 58 56 53 52 51 49 40 33
 4 -43 15 76 67 64 63 61 60 59 54 53 52 51 50 47 45 43
 6 -12 12 64 63 61 58 56 54 53 52 45 44 43 40
 3 -33 9 63 61 55 51 49 48 45 44 36
 2 -86 15 77 76 73 69 66 65 63 61 60 57 54 53 52 49 44
 1 -55 12 76 67 65 63 60 56 54 52 51 49 44 43
 6 -73 12 69 68 67 66 63 60 55 54 53 52 46 44
 2 -79 8 67 63 56 54 47 45 44 43
 1 -36 14 77 74 73 71 69 67 66 64 63 61 58 55 53 49
 2 -98 13 77 76 74 73 71 69 67 63 59 55 54 53 49
 7 -15 13 77 76 74 73 72 68 66 63 60 55 54 50 48
 10 -85 16 84 83 81 76 74 73 72 71 70 69 68 67 66 63 59 55
 7 -4 13 81 77 76 74 71 70 69 62 60 59 55 53 50
 10 -73 12 84 79 76 75 74 71 69 68 66 65 54 52
 6 -86 11 89 79 77 75 73 71 67 65 58 54 49
 8 -20 12 89 84 83 79 78 74 73 72 71 67 55 49
 5 -87 11 89 84 83 77 74 71 67 66 65 60 49
 2 -84 13 95 89 84 83 76 74 72 71 70 67 66 65 59
 3 -52 12 84 83 81 77 76 74 71 70 68 67 63 55
 3 -63 10 89 83 74 73 67 66 65 59 58 55
 7 -50 13 91 90 84 81 80 79 78 77 74 73 71 70 55
 8 -86 12 101 95 91 83 81 80 75 74 72 71 70 59
 2 -10 10 86 85 83 81 78 77 73 69 68 66
 5 -24 7 89 83 80 77 73 71 51
 5 -13 10 98 95 91 90 89 79 71 70 65 62
 2 -46 10 101 91 90 89 87 84 83 80 75 65
 9 -63 8 95 94 88 86 85 81 70 68
 9 -85 13 121 106 101 98 95 90 88 87 86 84 83 82 79
 6 -50 12 101 98 95 94 93 91 90 86 85 81 79 70
 5 -62 13 119 98 95 94 93 91 90 88 87 86 85 82 78
 10 -57 11 106 95 94 91 90 88 87 84 82 80 72
 4 -43 5 98 90 88 70 62
 6 -61 11 106 101 95 94 93 88 87 86 85 82 75
 7 -1 10 119 106 98 90 89 88 87 83 82 81
 7 -53 8 101 98 94 93 88 81 78 70
 2 -41 12 119 117 101 95 94 93 91 88 84 82 80 78
 10 -60 8 94 93 90 87 85 82 79 78
 10 -82 7 101 94 93 90 82 78 75
 6 -76 11 121 116 105 94 93 91 90 88 86 82 79
 7 -14 8 119 118 117 101 100 97 83 78
 3 -18 7 120 101 100 88 87 79 78
 4 -96 12 121 119 118 117 116 115 100 99 92 90 88 83
 6 -67 9 119 116 106 105 104 93 88 82 81
 6 -26 11 121 120 104 101 100 97 93 91 88 87 80
 7 -82 10 120 117 106 100 94 93 92 91 87 80
 10 -50 15 119 118 113 112 106 105 104 103 100 98 97 93 92 91 90
 2 -72 12 119 117 115 105 99 97 96 95 93 91 89 87
 5 -31 10 121 120 119 117 116 115 106 92 87 82
 1 -49 14 121 119 118 117 116 115 112 105 104 100 99 97 93 88
 4 -26 12 121 120 119 116 112 105 100 99 98 97 93 92
 10 -14 9 117 116 115 104 93 92 88 87 82
 7 -17 8 119 117 115 106 94 87 86 85
 1 -24 13 121 119 118 116 112 105 104 102 100 99 98 97 96
 7 -36 10 120 116 112 106 104 99 98 93 92 88
 3 -78 11 121 119 118 117 116 115 112 106 102 100 99
 2 -22 10 121 116 115 114 112 108 106 105 99 92
 5 -88 9 119 118 117 115 112 111 104 103 92
 10 -65 8 116 115 112 108 105 102 99 96
 1 -79 7 121 118 117 115 113 100 92
 3 -34 7 118 112 109 102 100 99 97
 2 -23 7 120 113 112 110 105 94 93
 6 -2 7 116 115 114 113 112 111 92
 10 -57 5 120 114 112 100 92
 7 -27 8 120 114 113 112 109 108 103 102
 10 -97 7 118 114 113 112 110 109 102
 2 -73 5 114 111 108 102 96
 7 -64 6 116 112 109 108 107 103
 8 -19 3 120 102 96
 1 -8 5 114 111 109 108 107
 10 -42 2 102 96
 1 -72 3 114 108 102
 8 -60 2 104 102
 6 -20 2 107 100
 5 -37 3 110 109 107
 5 -89 3 111 108 107
 10 -99 3 117 115 107
 5 -2 2 113 103
 6 -41 2 111 108
 9 -68 2 111 109
 6 -85 1 107
 2 -88 1 110
 8 -34 1 108
 1 -73 1 111
 3 -87 1 109
 4 -2 1 122
 2 -97 1 122
 10 -41 1 122
 4 -35 1 122
 7 -27 1 122
 3 -71 1 122
 9 -17 1 122
 2 -21 1 122
 8 -41 1 122
 8 -37 1 122
 8 -57 1 122
 1 -8 1 122
 3 -81 1 122
 3 -16 1 122
 2 -82 1 122
 0 29975 0
