122
 0 -82 8 2 3 4 5 8 10 11 25
 4 -69 7 20 19 17 16 15 13 12
 10 -1 4 17 16 9 6
 9 -93 6 28 20 19 16 13 12
 8 -41 4 19 17 14 7
 4 -29 6 28 24 21 20 19 13
 9 -78 8 30 28 24 22 21 20 18 16
 8 -51 8 30 28 24 22 21 20 19 18
 1 -1 6 30 28 26 24 19 14
 8 -27 5 24 22 21 19 18
 7 -92 2 24 13
 4 -53 4 29 24 21 18
 4 -18 2 30 14
 4 -63 7 36 34 31 29 27 23 22
 2 -39 3 26 22 18
 4 -49 7 44 43 33 31 29 26 23
 7 -78 6 36 34 33 31 23 22
 6 -32 5 44 43 34 33 23
 5 -44 8 39 37 36 35 34 33 31 29
 4 -57 8 43 40 39 37 35 33 31 29
 2 -32 4 42 35 33 26
 7 -85 11 50 49 46 44 43 42 41 39 38 37 35
 3 -89 8 49 46 42 40 39 37 35 32
 3 -34 7 46 44 42 39 37 33 31
 10 -33 6 49 46 42 39 32 31
 1 -38 9 53 49 46 41 40 39 38 37 36
 6 -72 6 46 43 41 39 38 33
 9 -76 6 50 49 41 38 37 35
 5 -67 4 56 49 42 32
 4 -15 6 54 50 49 41 38 35
 10 -61 9 62 56 54 53 52 50 48 41 38
 2 -20 8 62 54 53 52 50 48 41 38
 1 -61 10 64 61 56 53 52 51 50 49 48 45
 3 -46 5 62 56 45 42 40
 6 -8 8 62 61 56 53 52 48 47 45
 4 -99 7 65 64 62 61 59 58 47
 4 -92 7 64 59 57 56 55 54 48
 8 -58 5 65 64 63 51 45
 9 -79 8 65 64 63 62 59 57 55 52
 7 -48 8 66 65 64 63 59 57 54 51
 9 -1 5 64 61 59 58 47
 6 -7 5 65 64 59 58 47
 2 -57 4 62 61 55 47
 8 -90 7 79 75 67 65 63 62 52
 2 -45 6 69 60 59 58 57 55
 2 -10 10 79 75 71 68 67 66 63 62 61 60
 2 -30 4 66 63 57 51
 2 -35 7 82 79 71 69 68 65 60
 1 -90 7 79 75 71 69 68 66 60
 4 -34 5 79 71 70 69 58
 5 -52 7 82 79 75 70 69 68 60
 2 -32 6 71 70 69 68 66 60
 8 -71 7 82 79 75 72 69 68 63
 10 -17 6 82 79 77 70 67 61
 5 -32 9 85 82 79 77 75 74 72 71 70
 5 -16 7 85 81 79 77 74 71 66
 3 -62 6 77 75 74 71 70 67
 2 -100 4 77 68 67 66
 8 -11 7 82 80 79 77 76 72 70
 10 -5 6 85 81 80 77 73 72
 5 -81 4 85 74 73 69
 4 -76 4 80 76 70 69
 4 -5 4 88 77 74 73
 5 -2 5 85 81 80 77 73
 5 -17 4 88 85 80 70
 5 -58 5 88 84 82 80 73
 2 -93 5 88 87 85 81 73
 7 -32 3 88 74 73
 5 -60 7 90 89 88 84 83 81 78
 9 -65 3 87 84 73
 7 -79 8 95 94 92 91 90 88 86 80
 9 -89 7 111 95 91 89 88 86 84
 2 -52 6 93 92 90 89 83 78
 10 -83 3 89 80 76
 1 -60 7 111 106 95 93 92 91 80
 3 -73 8 106 103 102 95 94 93 91 83
 5 -13 5 100 96 90 87 84
 1 -45 7 111 105 103 102 95 91 86
 10 -45 9 111 106 105 103 102 101 98 93 91
 8 -12 3 103 102 83
 3 -50 8 111 106 103 102 97 96 94 93
 4 -82 6 103 101 100 94 93 92
 2 -4 8 105 104 101 100 99 98 97 96
 7 -99 7 104 103 101 99 97 94 92
 7 -58 6 106 102 101 98 97 91
 2 -97 7 106 104 101 100 99 97 96
 4 -10 5 105 102 101 98 93
 5 -40 5 118 110 107 102 93
 7 -75 5 120 110 105 102 97
 9 -6 7 120 119 118 107 104 103 102
 5 -61 5 118 116 107 104 96
 3 -85 5 120 116 107 105 102
 10 -17 7 121 120 119 116 109 108 104
 7 -32 7 118 117 116 115 110 109 105
 8 -71 2 121 98
 1 -58 8 121 120 117 115 114 113 110 109
 5 -3 6 119 118 116 112 108 107
 4 -95 6 118 117 116 114 112 107
 6 -56 6 120 119 116 114 113 110
 6 -31 6 118 117 115 114 113 112
 8 -49 4 118 116 112 107
 8 -100 4 117 114 113 109
 1 -20 4 116 114 113 110
 3 -48 4 115 114 113 112
 7 -17 4 119 114 113 112
 6 -54 3 115 113 110
 8 -45 2 115 113
 3 -50 2 115 114
 7 -39 1 112
 4 -42 1 112
 10 -34 1 112
 9 -57 1 122
 5 -35 1 122
 4 -33 1 122
 8 -15 1 122
 3 -45 1 122
 10 -51 1 122
 9 -96 1 122
 7 -46 1 122
 5 -49 1 122
 8 -34 1 122
 0 29680 0
