122
 0 -69 16 2 3 4 5 6 7 8 9 10 11 12 13 15 17 18 23
 9 -94 14 49 36 34 33 32 31 30 29 28 27 26 22 21 19
 9 -88 12 43 37 36 34 29 28 26 25 24 22 19 16
 2 -36 7 34 32 31 28 25 21 16
 8 -65 15 68 49 43 42 40 39 38 37 36 34 33 32 30 29 28
 7 -59 10 49 47 40 37 36 33 30 29 28 20
 8 -34 7 50 47 46 38 35 30 14
 9 -8 11 58 49 43 42 40 37 36 34 32 28 26
 4 -57 10 57 50 43 42 40 36 35 32 29 25
 6 -88 9 46 43 42 40 34 32 29 26 25
 9 -48 11 50 49 46 42 39 38 36 35 32 31 29
 9 -19 11 68 49 43 40 39 36 34 33 32 30 29
 7 -66 6 49 45 40 35 28 21
 5 -92 10 68 57 55 49 43 42 40 36 33 29
 5 -93 8 58 49 41 39 38 32 31 27
 7 -19 11 57 56 55 50 48 46 45 42 40 35 30
 5 -100 11 58 56 52 49 48 46 45 42 38 35 32
 4 -25 16 65 62 57 55 54 53 52 50 49 47 45 44 43 42 41 35
 9 -15 13 65 58 57 56 55 54 52 50 48 45 41 38 35
 4 -96 13 65 58 57 56 54 52 50 46 45 43 42 39 35
 1 -58 13 68 65 60 58 57 54 52 51 47 44 43 41 37
 9 -61 14 68 60 57 56 54 53 52 51 50 47 45 41 40 39
 10 -83 8 66 59 58 57 47 46 37 33
 8 -48 13 71 68 65 60 58 57 56 53 48 45 44 42 39
 10 -67 6 58 49 47 41 39 33
 5 -69 14 69 68 65 62 60 57 54 53 52 51 48 47 45 41
 2 -67 10 65 62 60 57 54 53 52 45 43 40
 6 -69 11 71 69 64 62 60 53 52 50 48 46 44
 2 -64 10 73 72 69 62 60 58 54 52 45 41
 8 -59 8 74 65 62 60 54 53 52 41
 2 -78 11 74 70 66 62 60 59 57 56 54 48 47
 1 -70 12 75 74 72 70 66 65 64 62 61 55 54 47
 1 -46 9 76 69 60 56 54 53 51 48 44
 1 -28 13 85 76 74 73 71 70 66 63 61 60 59 57 53
 7 0 11 85 74 73 71 69 68 66 64 61 60 51
 9 -15 8 72 70 69 65 60 59 48 45
 4 -17 8 74 70 67 64 62 56 55 53
 6 -15 6 75 73 71 62 53 44
 7 -88 8 98 75 72 67 66 64 62 55
 5 -60 6 98 85 69 66 64 44
 3 -20 10 99 85 80 76 71 70 66 64 63 61
 1 -57 8 85 80 78 74 73 72 61 59
 7 -31 7 85 77 74 73 71 64 48
 8 -35 9 83 81 80 79 74 72 70 67 63
 1 -61 11 103 99 92 87 83 80 78 77 76 74 61
 5 -44 15 121 104 99 91 87 86 85 83 82 81 80 77 76 73 70
 1 -4 12 104 99 87 86 85 83 80 79 78 73 67 63
 6 -26 10 121 103 99 96 95 92 83 80 78 61
 8 -20 9 103 98 87 84 80 79 71 63 60
 3 -54 8 121 94 85 83 80 73 72 67
 4 -93 7 97 84 83 80 75 72 63
 5 -99 5 121 92 80 78 59
 1 -73 11 121 120 98 94 89 81 80 79 78 77 72
 6 -44 13 103 99 98 95 94 92 89 87 83 80 77 71 67
 9 -51 7 99 84 83 80 78 69 63
 10 -27 9 98 97 90 85 83 80 77 75 72
 3 -51 9 104 97 94 91 88 84 82 80 72
 8 -32 10 103 101 99 96 95 83 82 80 78 75
 8 -5 7 103 98 83 79 77 75 67
 2 -80 14 121 120 119 101 97 95 94 92 91 89 88 86 82 77
 4 -98 8 104 98 94 89 88 86 81 67
 9 -8 9 121 117 94 89 88 85 84 83 77
 9 -69 10 120 119 101 95 94 92 91 89 88 77
 5 -22 12 118 116 115 104 103 101 100 93 88 87 83 82
 4 -75 12 120 117 103 102 100 98 94 89 87 86 84 83
 1 -71 10 119 104 103 100 95 93 91 90 84 79
 2 -87 10 120 119 118 116 100 93 91 90 84 82
 3 -47 8 120 114 98 95 94 93 83 78
 7 -8 14 120 117 116 115 113 103 102 101 100 94 91 90 89 81
 8 -49 7 120 117 102 100 94 92 78
 1 -88 10 119 116 115 104 101 100 93 91 90 82
 5 -46 12 118 115 111 103 102 101 99 96 95 92 87 86
 4 -26 10 119 115 113 103 101 100 98 95 93 89
 10 -92 10 121 117 113 112 111 104 100 97 94 93
 10 -39 14 120 118 117 116 115 114 113 112 111 109 108 105 104 94
 7 -71 9 117 114 113 111 107 101 95 93 90
 4 -83 10 118 116 115 113 112 106 102 100 96 93
 6 -30 9 119 118 113 112 111 110 107 97 88
 6 -51 9 118 117 114 113 111 110 106 102 101
 5 -85 5 118 116 106 100 93
 4 -93 7 112 111 110 109 108 106 105
 10 -78 6 117 113 112 106 105 102
 4 -60 6 113 112 111 107 106 105
 6 -13 5 115 111 109 107 101
 5 -83 3 120 100 93
 1 -17 5 116 113 110 108 105
 6 -72 5 119 110 108 106 105
 9 -60 2 109 90
 3 -61 4 111 109 106 105
 5 -66 3 108 106 105
 4 -24 3 112 111 107
 9 -32 3 108 106 105
 10 -28 2 110 109
 10 -65 2 107 106
 2 -88 2 116 112
 1 -9 2 108 107
 3 -96 2 115 105
 5 -93 2 108 106
 2 -46 2 108 105
 4 -18 1 114
 10 -4 1 105
 8 -54 1 107
 9 -3 1 107
 10 -14 1 107
 10 -38 1 122
 10 -32 1 122
 9 -25 1 122
 4 -25 1 122
 3 -40 1 122
 10 -84 1 122
 7 -72 1 122
 8 -58 1 122
 6 -8 1 122
 9 -80 1 122
 2 -82 1 122
 8 -8 1 122
 5 -63 1 122
 4 -27 1 122
 1 -83 1 122
 4 -5 1 122
 4 -1 1 122
 0 30965 0
