122
 0 -94 22 2 3 4 5 6 7 8 9 10 13 14 15 16 17 18 19 20 22 23 25 26 29
 4 -82 12 82 60 59 54 50 47 44 43 39 37 31 12
 4 -60 10 60 56 52 47 46 42 35 27 21 11
 1 -66 15 75 73 59 53 52 51 50 47 46 45 44 42 37 36 33
 9 -6 14 82 74 73 71 67 65 59 54 50 48 47 43 31 30
 9 -55 14 82 80 71 67 64 56 54 51 47 46 41 37 31 24
 9 -4 18 84 81 71 70 67 66 64 63 60 57 55 54 52 50 48 43 37 28
 4 -5 14 80 75 73 71 66 62 59 52 51 50 47 46 44 24
 6 -57 11 82 81 66 61 55 53 52 49 44 42 32
 3 -13 13 84 82 71 66 63 57 56 53 52 50 37 35 34
 10 -69 13 82 80 79 71 66 63 62 59 57 55 44 37 34
 6 -77 18 84 83 80 79 74 70 69 68 66 64 63 62 61 57 55 52 51 34
 9 -80 14 95 82 80 79 75 70 65 62 58 57 50 45 41 39
 2 -84 14 84 82 80 74 71 68 67 63 59 57 55 50 48 35
 1 -42 12 84 80 77 70 62 59 55 53 48 42 40 37
 4 -11 10 82 75 69 58 57 56 53 51 44 38
 1 -20 14 95 89 84 81 77 76 74 68 67 64 60 59 56 35
 4 -33 16 121 84 81 79 76 74 73 67 65 64 62 61 59 54 52 51
 4 -79 15 120 95 85 82 80 79 75 74 70 69 67 59 57 56 50
 2 -17 10 119 95 85 83 79 75 67 63 41 38
 1 -77 13 118 116 94 85 82 80 78 75 74 69 57 50 44
 3 -69 16 120 119 95 89 85 81 78 77 75 73 71 68 67 66 60 56
 2 -42 9 120 118 94 86 85 82 81 44 42
 8 -95 12 120 95 85 77 76 74 69 65 63 60 57 55
 2 -80 18 121 119 95 93 89 86 83 82 81 80 79 77 76 74 68 65 64 51
 8 -47 11 117 85 84 81 78 68 65 63 56 54 52
 1 -69 17 120 119 118 116 113 92 85 82 81 80 77 75 73 70 63 59 55
 7 -51 14 120 115 95 89 86 85 83 82 80 78 76 62 58 56
 10 -64 13 120 119 93 86 85 83 79 69 67 65 63 55 50
 7 -81 11 118 81 80 69 68 64 62 57 56 53 51
 5 -98 13 119 117 109 94 88 85 84 78 75 70 66 63 52
 9 -29 13 121 118 114 95 93 89 80 76 73 64 62 59 51
 3 -70 12 121 117 114 95 82 80 78 72 70 66 64 60
 8 -28 21 121 120 119 118 117 115 114 106 95 94 92 90 89 88 81 78 76 75 72 67 65
 3 -98 12 121 120 118 114 94 85 83 75 73 70 65 62
 7 -35 12 121 117 115 106 92 88 80 78 70 67 65 57
 4 -43 15 121 120 119 114 95 89 86 85 83 76 74 72 69 68 65
 6 -41 12 121 120 118 116 110 109 104 94 87 70 66 50
 8 -50 10 121 120 117 85 84 76 74 68 63 53
 6 -74 11 118 117 113 95 94 88 87 75 74 71 57
 9 -60 10 121 120 118 112 94 93 86 74 69 53
 1 -26 10 119 112 111 93 92 76 74 69 65 63
 9 -78 19 121 120 117 116 114 112 111 109 105 104 102 93 92 89 87 85 83 75 72
 6 -57 12 121 110 108 95 93 89 84 83 77 70 68 67
 10 -91 12 120 118 116 115 112 110 91 88 83 78 74 67
 5 -10 16 121 120 119 118 117 114 113 106 105 93 92 90 88 81 78 72
 7 -18 13 120 119 117 115 114 104 103 94 91 85 79 76 72
 5 -43 15 119 115 110 108 106 105 104 103 102 95 94 91 83 79 78
 4 -70 11 120 116 114 112 105 104 93 87 76 75 72
 6 -91 13 117 115 114 108 106 105 100 92 90 89 88 77 76
 3 -84 14 120 117 113 112 109 107 105 104 103 99 90 87 85 72
 7 -78 15 120 118 116 114 106 105 102 100 99 98 95 93 92 90 77
 8 -71 15 116 114 111 110 109 108 106 105 104 102 101 92 90 88 78
 5 -96 15 119 118 112 111 109 105 104 103 102 99 98 97 87 86 83
 4 -24 14 121 115 114 109 108 106 104 103 102 101 94 90 88 78
 8 -33 13 121 116 114 113 109 107 105 104 102 94 91 88 72
 2 -65 11 119 114 112 109 105 102 93 90 89 86 72
 4 -38 10 118 110 107 99 98 97 93 87 77 74
 4 -29 9 112 111 106 104 103 88 83 78 72
 7 -15 11 115 110 106 103 102 98 97 92 91 83 79
 8 -88 11 119 116 115 107 105 102 100 98 90 89 77
 1 -69 14 119 117 111 108 105 104 102 101 100 98 97 92 91 88
 7 -76 9 115 114 107 104 103 102 98 89 72
 7 -40 12 116 115 113 112 107 104 101 100 97 94 91 88
 4 -15 11 116 113 109 107 105 104 103 101 98 97 87
 4 -51 7 106 105 100 99 97 93 76
 3 -68 9 113 111 109 107 105 104 98 97 87
 5 -44 8 109 105 104 103 102 98 97 92
 3 -46 7 117 115 104 102 99 97 87
 5 -3 7 112 105 102 101 99 97 90
 2 -51 7 116 111 109 106 102 99 98
 7 -79 6 110 108 101 100 97 96
 5 -75 6 117 115 109 99 98 96
 2 -98 5 108 106 103 102 90
 9 -47 3 99 98 86
 10 -76 5 113 107 102 98 96
 3 -60 4 112 103 101 91
 5 -90 3 98 97 87
 9 -85 3 118 99 87
 6 -57 3 102 97 87
 2 -40 4 109 104 102 98
 10 -71 4 109 98 97 96
 8 -68 3 107 101 90
 6 -33 3 106 102 91
 2 -84 3 106 101 98
 8 -1 2 101 91
 8 -32 2 100 96
 2 -28 2 99 96
 1 -61 2 99 97
 10 -63 1 96
 3 -1 1 96
 2 -87 1 96
 10 -28 1 103
 1 -41 1 111
 7 -64 1 97
 1 -96 1 122
 6 -43 1 122
 4 -97 1 122
 8 -61 1 122
 9 -44 1 122
 1 -33 1 122
 9 -46 1 122
 5 -4 1 122
 3 -15 1 122
 7 -10 1 122
 9 -18 1 122
 10 -67 1 122
 2 -69 1 122
 1 -48 1 122
 2 -39 1 122
 9 -91 1 122
 1 -75 1 122
 10 -8 1 122
 4 -18 1 122
 8 -30 1 122
 2 -17 1 122
 3 -44 1 122
 9 -58 1 122
 3 -17 1 122
 8 -99 1 122
 10 -44 1 122
 0 31915 0
