122
 0 -92 20 2 3 4 5 6 7 8 9 10 11 14 15 17 18 19 22 23 26 27 29
 8 -91 13 49 47 46 45 43 40 38 37 35 33 24 13 12
 7 -87 14 69 66 55 50 47 45 41 39 37 33 32 31 21 16
 7 -80 12 74 60 59 56 51 49 46 41 33 32 28 25
 9 -56 17 74 73 70 69 68 67 66 60 59 58 54 50 49 47 46 44 20
 8 -35 14 74 69 67 66 60 58 55 51 49 48 46 32 30 25
 7 -59 17 72 69 65 63 62 61 56 54 51 48 45 44 40 38 37 35 34
 5 -63 10 63 60 59 58 51 49 47 35 28 25
 10 -86 19 121 92 81 77 74 66 61 60 59 56 54 52 50 48 46 44 42 36 33
 7 -17 17 121 74 72 68 67 65 64 63 58 57 56 55 52 50 46 38 31
 7 -18 16 119 92 69 66 64 62 61 60 58 56 54 52 48 47 41 35
 7 -91 16 121 91 82 74 70 68 65 63 62 58 56 54 52 51 50 31
 6 -3 16 121 87 81 76 67 65 62 61 60 59 57 55 52 48 44 36
 9 -27 13 85 77 72 67 65 64 63 55 54 47 46 37 35
 3 -48 19 121 120 119 92 87 81 74 72 71 65 63 61 60 59 58 56 54 52 38
 3 -87 9 121 72 70 60 54 51 44 36 30
 7 -54 15 121 87 82 81 80 77 70 69 60 56 55 54 51 46 36
 3 -6 14 84 81 79 77 74 68 67 63 58 56 48 46 43 40
 5 -15 13 119 91 81 79 78 72 66 64 62 61 48 47 40
 1 -85 11 87 80 77 71 64 62 61 57 55 52 32
 8 -87 12 76 73 72 68 67 65 64 61 60 57 49 48
 9 -36 11 80 77 76 71 70 67 60 58 57 52 32
 10 -84 20 120 91 87 85 82 80 79 78 75 74 72 70 67 66 64 61 58 56 54 47
 7 -67 10 92 80 76 71 70 68 67 62 58 32
 5 -61 19 121 120 92 87 85 80 79 77 76 75 72 71 70 68 65 64 57 54 44
 9 -31 17 121 119 115 91 89 81 80 79 78 74 72 71 68 62 59 54 51
 3 -46 18 121 119 115 92 90 89 85 83 79 78 77 76 73 72 71 68 64 48
 10 -62 13 121 119 91 79 78 77 72 68 66 62 61 55 48
 1 0 6 80 79 76 71 67 32
 9 -96 12 119 118 87 82 78 77 76 68 62 61 59 52
 8 -58 15 120 119 117 113 110 88 86 81 80 79 77 75 71 61 53
 8 -98 19 121 120 119 117 116 115 111 109 91 85 84 83 82 81 78 75 72 65 63
 3 -93 12 119 117 91 86 78 76 72 68 67 62 58 57
 6 -76 18 121 120 119 115 108 92 91 90 89 88 87 86 83 81 78 71 68 64
 9 -29 20 121 120 118 115 113 111 108 90 89 88 87 86 84 81 80 79 76 75 74 68
 5 -57 13 120 115 108 91 86 85 79 78 75 71 68 64 58
 5 -37 12 120 119 118 117 112 92 84 82 81 78 60 57
 6 -56 16 118 115 114 110 106 91 85 83 82 80 79 78 77 76 70 66
 7 -19 13 115 113 91 89 86 84 83 81 79 78 75 68 56
 10 -15 18 121 118 117 115 114 113 112 106 100 98 92 89 87 85 83 75 71 70
 4 -99 19 121 118 112 111 109 108 103 101 100 90 89 88 86 85 84 83 82 78 72
 1 -68 14 116 115 111 108 91 88 87 85 84 82 78 75 72 68
 4 -77 15 117 116 115 110 109 108 103 101 90 87 86 85 82 78 72
 2 -75 21 119 117 115 113 112 111 110 109 108 107 105 103 102 101 100 99 96 94 88 84 78
 4 -13 18 118 113 112 111 110 109 108 107 106 103 101 100 99 89 85 83 78 75
 8 -36 16 119 117 116 114 113 106 101 99 98 91 90 88 86 83 76 75
 1 -82 7 117 107 103 100 88 71 57
 10 -96 14 120 118 117 111 110 109 106 101 98 94 86 82 80 70
 9 -48 13 121 119 115 114 110 99 96 91 87 85 84 79 78
 4 -70 13 119 117 113 103 99 90 89 88 85 83 80 78 76
 10 -21 16 120 117 116 113 111 110 108 107 104 100 99 92 88 85 83 75
 3 -68 13 115 109 108 106 102 100 99 98 89 88 83 79 75
 5 -6 12 115 114 108 103 99 98 97 90 87 84 83 76
 5 -85 16 118 114 112 109 107 106 105 103 102 101 99 98 97 90 88 83
 8 -40 15 116 110 108 106 105 104 103 99 98 97 96 92 89 88 83
 3 -23 16 116 112 111 108 105 103 102 101 100 99 98 97 94 93 90 88
 5 -98 15 115 114 113 111 110 109 108 104 102 101 99 98 96 89 83
 7 -39 15 118 113 112 110 106 105 103 102 101 99 98 97 93 89 88
 1 -44 13 117 110 104 103 102 101 100 98 96 95 94 86 84
 10 -67 11 115 114 106 105 104 98 97 96 91 88 79
 5 -4 15 116 115 108 107 106 105 103 102 100 99 98 96 95 93 89
 1 -45 13 114 113 112 110 109 108 102 100 99 95 94 90 84
 1 -65 13 118 112 108 107 106 105 103 100 98 97 93 89 88
 3 -81 10 114 112 111 110 109 104 101 97 94 84
 1 -60 8 104 101 98 97 93 90 89 88
 6 -38 8 100 99 98 97 93 90 89 88
 6 -21 10 111 107 106 104 103 102 98 95 94 93
 9 -48 8 110 103 102 101 98 95 94 93
 4 -49 8 110 109 108 107 106 104 100 93
 10 -97 7 108 107 103 102 99 96 88
 4 -77 7 116 111 109 105 99 95 93
 1 -21 7 114 113 104 99 98 97 96
 9 -64 7 110 107 104 101 100 96 93
 10 -47 5 110 107 99 97 83
 1 -95 6 105 97 96 95 94 93
 8 -62 6 109 104 102 100 95 93
 2 -3 5 111 105 101 99 94
 2 -69 4 104 98 97 95
 6 -83 4 103 101 94 93
 9 -8 4 112 100 97 93
 1 -18 4 100 96 95 94
 7 -36 3 107 95 93
 7 -85 2 94 93
 7 -100 2 106 93
 5 -71 2 105 102
 10 -97 2 107 97
 3 -79 2 94 93
 9 -49 1 95
 10 -15 1 94
 6 -31 1 96
 2 -11 1 100
 9 -25 1 101
 1 -53 1 122
 3 -31 1 122
 9 -31 1 122
 4 -66 1 122
 2 -25 1 122
 6 0 1 122
 4 -89 1 122
 1 -24 1 122
 3 -30 1 122
 5 -41 1 122
 2 -16 1 122
 2 -21 1 122
 6 -38 1 122
 4 -21 1 122
 9 -94 1 122
 3 -65 1 122
 1 -56 1 122
 8 -63 1 122
 8 -35 1 122
 4 -80 1 122
 1 -20 1 122
 9 -42 1 122
 1 -96 1 122
 8 -6 1 122
 10 -27 1 122
 5 -20 1 122
 3 -42 1 122
 2 -8 1 122
 5 -56 1 122
 0 31065 0
