122
 0 -77 28 2 3 4 5 6 7 8 9 10 12 13 14 15 16 18 19 20 21 24 26 27 29 35 36 39 40 45 46
 8 -92 15 85 73 67 66 65 56 53 52 50 49 42 38 33 30 22
 8 -23 9 59 58 51 49 47 41 31 22 11
 4 -9 11 121 91 85 74 58 53 49 44 33 31 17
 2 -78 20 84 82 80 76 74 73 63 62 60 59 58 53 52 51 49 48 43 38 34 33
 8 -85 17 121 82 81 79 76 74 73 61 56 54 53 52 51 49 48 43 41
 10 -2 11 79 74 72 66 65 59 55 54 48 47 23
 10 -70 11 85 81 79 68 66 64 58 56 50 49 22
 2 -40 15 121 76 73 71 70 68 67 66 61 54 52 51 47 43 41
 1 -93 14 91 85 76 73 70 66 63 61 60 58 57 53 38 28
 2 -81 13 78 76 74 73 68 66 63 62 60 56 52 38 32
 5 -89 12 121 85 84 72 66 60 56 55 54 51 38 31
 5 -2 18 121 116 84 82 81 80 79 76 74 73 71 68 66 62 60 53 52 50
 8 -84 14 84 73 70 68 66 64 63 62 60 59 54 53 44 33
 3 -42 12 91 82 81 79 76 72 64 60 59 55 49 37
 3 -57 11 85 84 74 65 64 62 61 60 59 53 25
 8 -53 9 76 67 65 63 61 57 41 38 30
 7 -62 20 121 120 116 113 91 85 84 82 81 80 79 76 75 74 72 68 63 61 58 52
 4 -52 16 91 85 84 82 81 80 78 76 73 68 67 64 60 53 51 49
 1 -3 8 85 84 64 62 60 58 57 25
 9 -51 16 120 113 85 81 80 76 75 74 72 71 70 69 65 64 63 61
 7 -72 14 121 90 84 83 82 80 76 74 72 70 63 62 60 54
 1 -94 11 121 84 82 80 76 71 70 62 57 56 52
 4 -38 8 112 94 84 76 63 56 55 49
 6 -76 14 114 113 112 91 90 82 80 75 73 72 71 70 69 50
 8 -36 12 90 82 80 77 73 72 69 68 64 60 59 57
 3 -9 15 119 115 114 94 93 91 85 78 76 73 71 70 64 63 57
 4 -82 13 121 120 117 116 107 89 82 81 80 79 78 72 52
 4 -61 11 118 115 113 94 92 90 84 81 76 64 49
 3 -76 14 120 118 117 115 113 82 79 78 77 75 71 70 69 59
 7 -78 13 120 115 93 79 78 77 76 73 71 69 68 64 57
 10 -17 14 121 107 94 90 89 86 84 82 81 80 79 77 64 57
 2 -96 9 114 112 92 77 72 71 69 61 57
 5 -1 16 121 120 119 117 113 93 92 90 87 86 79 77 72 69 68 64
 3 -71 10 121 117 113 112 86 77 70 69 61 56
 5 -65 16 118 112 110 106 102 93 90 89 88 84 81 80 77 76 70 60
 6 -87 11 121 116 114 113 87 85 75 74 71 63 54
 7 -99 18 120 118 117 116 115 113 112 109 94 92 90 87 83 81 77 75 71 69
 1 -43 12 118 114 113 93 90 87 84 83 80 77 76 54
 10 -25 17 119 116 115 113 112 111 107 90 89 87 83 82 81 80 79 75 69
 6 -8 15 117 114 112 111 110 102 93 90 89 88 84 83 80 72 60
 4 -2 13 120 115 112 109 93 92 83 77 76 75 70 69 68
 9 -56 11 107 94 93 92 91 90 86 77 69 64 57
 1 -93 9 119 107 94 93 92 89 76 69 57
 9 -95 11 115 113 107 92 78 77 76 75 70 69 64
 7 -7 15 118 116 115 114 113 109 108 107 94 90 87 86 75 69 64
 7 -47 20 120 116 113 111 107 106 105 102 94 93 91 90 89 88 87 86 83 81 80 75
 1 -68 18 115 114 113 112 107 106 105 94 93 92 90 89 88 87 85 78 77 75
 3 -22 12 120 119 117 109 108 103 93 77 75 71 70 69
 4 -41 9 120 119 104 94 93 87 83 78 63
 4 -80 14 120 119 118 117 115 111 107 103 101 93 89 86 83 69
 1 -55 9 119 118 94 90 87 86 77 69 64
 1 -63 13 120 115 111 109 108 107 103 92 90 89 86 77 69
 7 -68 12 119 117 115 112 111 109 108 107 100 94 92 69
 3 -56 12 118 113 108 107 104 90 88 87 86 80 77 73
 10 -43 15 114 110 109 107 106 105 103 102 92 91 90 88 87 83 75
 2 -3 15 118 117 116 113 111 110 109 108 105 103 102 98 87 83 75
 10 -60 10 119 118 112 107 103 101 90 89 77 69
 1 -58 14 119 116 114 112 111 110 107 105 104 102 97 94 87 83
 5 -93 10 120 113 109 108 107 94 92 87 86 75
 1 -62 10 115 106 105 101 99 98 94 93 90 78
 2 -97 12 115 114 111 107 106 105 103 102 100 93 91 86
 7 -28 11 117 110 108 107 106 105 101 92 89 86 77
 5 -49 10 112 111 106 105 104 103 102 101 88 83
 5 -83 9 118 106 105 103 92 90 88 87 86
 1 -46 10 112 110 104 102 100 99 98 93 87 86
 6 -97 8 113 108 107 106 102 98 96 75
 6 -52 10 118 114 108 107 105 104 102 98 97 89
 8 -44 9 110 106 105 104 102 98 96 95 88
 5 -47 8 116 111 105 104 99 98 97 87
 8 -86 7 111 107 99 98 97 89 86
 5 -16 7 115 105 104 100 98 96 95
 4 -79 6 109 106 103 102 96 92
 5 -4 5 115 108 100 97 86
 6 -87 6 104 101 100 99 97 95
 4 -53 4 108 103 101 86
 7 -5 5 100 99 98 97 95
 5 -77 5 109 108 102 100 95
 3 -36 5 109 102 101 97 95
 6 -1 4 103 101 96 95
 5 -82 4 114 108 103 96
 5 -53 2 93 92
 9 -33 3 100 96 95
 3 -78 3 105 104 97
 8 -80 1 86
 5 -89 2 96 95
 9 -50 2 101 95
 8 -60 2 99 97
 4 -81 2 96 95
 9 -26 2 96 95
 10 -51 2 99 98
 9 -48 1 98
 9 -68 1 97
 2 -16 1 103
 3 -22 1 122
 1 -72 1 122
 8 -94 1 122
 6 -80 1 122
 5 -7 1 122
 4 -60 1 122
 3 -18 1 122
 1 -23 1 122
 3 -77 1 122
 2 -95 1 122
 2 -58 1 122
 10 -11 1 122
 8 -6 1 122
 3 -58 1 122
 3 -17 1 122
 9 -96 1 122
 1 -29 1 122
 7 -8 1 122
 5 -52 1 122
 10 -9 1 122
 5 -59 1 122
 10 -72 1 122
 7 -94 1 122
 7 -7 1 122
 1 -81 1 122
 10 -85 1 122
 10 -28 1 122
 0 32355 0
