122
 0 -97 19 2 3 4 5 6 8 9 10 12 13 14 15 16 17 18 21 22 24 25
 5 -81 9 41 39 35 33 29 27 26 20 7
 1 -32 7 55 42 38 34 26 19 11
 5 -1 12 65 55 51 49 45 43 42 41 39 32 30 26
 6 -93 11 55 51 49 46 45 43 39 35 32 28 26
 1 -32 10 51 46 45 44 39 32 31 29 28 23
 1 -81 6 55 53 42 40 32 11
 8 -27 10 55 48 46 44 40 39 38 35 34 27
 2 -86 8 49 43 41 36 35 31 30 26
 1 -50 8 55 51 44 43 41 39 31 26
 3 -82 10 64 60 54 51 49 46 45 43 31 30
 3 -37 10 57 55 53 51 49 48 47 42 38 31
 5 -88 10 64 60 54 53 51 49 43 36 31 30
 8 -86 9 64 58 54 49 48 41 35 32 31
 9 -80 8 65 57 55 52 51 42 39 29
 9 -49 9 53 49 47 46 45 43 40 32 31
 10 -95 8 65 64 58 54 51 41 32 30
 5 -18 9 65 64 49 48 47 46 41 37 32
 9 -77 5 65 64 41 32 29
 1 -92 7 55 49 47 45 38 32 31
 8 -4 12 73 72 65 64 57 56 52 48 47 46 43 41
 3 0 12 73 63 58 57 55 52 51 50 48 47 44 39
 5 -6 9 65 56 53 52 50 43 40 37 35
 9 -24 11 65 64 60 55 54 53 50 49 48 46 37
 7 -42 9 70 64 60 58 50 49 48 37 35
 6 -25 10 70 58 57 56 54 52 50 48 47 40
 7 -14 4 53 49 37 32
 4 -67 9 78 70 65 58 57 56 52 50 37
 5 -65 6 81 50 49 47 43 37
 2 -38 7 81 70 56 50 48 47 37
 5 -74 6 78 70 65 52 50 37
 9 -48 14 78 76 74 73 72 71 70 69 63 62 59 57 52 50
 6 -62 13 76 73 72 71 70 69 68 60 58 57 56 53 50
 1 -28 12 78 70 69 68 67 65 63 59 58 53 50 49
 7 -21 12 80 76 73 72 69 66 63 62 61 59 57 47
 10 -62 14 82 79 78 76 72 71 70 67 66 62 61 58 56 52
 10 -32 14 84 80 76 74 73 72 71 69 67 66 63 62 61 59
 8 -38 13 82 79 78 76 72 68 67 66 62 61 60 58 56
 7 -52 11 81 76 74 70 68 67 66 64 60 59 53
 9 -78 13 84 82 81 80 76 71 68 67 66 64 63 62 59
 4 -96 7 78 76 67 63 60 53 50
 10 -50 11 91 84 82 81 76 72 71 66 64 63 58
 6 -79 9 91 86 79 78 76 70 69 66 58
 8 -42 11 99 91 85 84 82 81 74 71 67 66 62
 4 -61 8 82 80 75 72 71 68 66 57
 5 -22 9 96 91 86 80 79 76 75 66 58
 5 -56 8 85 83 79 78 74 71 68 67
 9 -52 5 75 69 67 66 59
 1 -69 7 121 93 85 84 82 76 56
 5 -85 7 93 91 82 80 75 66 61
 5 -21 9 121 103 89 86 85 84 77 72 68
 6 -27 12 121 104 103 96 95 89 86 85 84 83 81 68
 10 -40 9 99 98 96 88 87 84 82 79 62
 1 -16 11 121 117 104 103 96 95 93 86 83 75 68
 3 -41 12 121 103 102 98 96 95 89 87 86 84 83 77
 2 -80 10 119 103 99 98 96 95 87 86 77 75
 6 -26 8 120 117 104 102 91 87 83 67
 1 -5 7 99 95 93 85 83 77 74
 5 -49 14 121 117 104 103 101 99 96 95 91 90 89 88 85 83
 2 -40 11 117 104 103 99 98 96 88 87 86 80 75
 10 -15 9 121 120 118 103 99 95 85 83 77
 8 -53 8 121 117 104 103 95 86 83 75
 8 -91 7 121 104 99 98 95 79 75
 8 -92 14 119 118 117 115 114 104 101 99 97 95 92 90 89 85
 4 -5 12 121 120 119 114 103 101 98 96 95 92 86 85
 6 -21 7 119 103 102 98 94 87 77
 5 -13 13 121 114 103 101 98 97 96 95 94 93 92 90 88
 2 -53 12 120 119 102 99 98 97 94 92 91 90 88 87
 9 -22 10 120 119 117 104 103 102 100 97 88 82
 10 -66 9 117 112 111 103 99 96 94 87 83
 8 -7 11 121 120 119 118 117 114 104 92 90 88 86
 6 -70 11 120 117 101 100 98 97 96 95 93 90 88
 7 -30 10 120 117 115 114 103 99 97 92 90 85
 7 -44 10 121 119 117 116 103 98 97 94 90 87
 7 -68 9 115 114 102 101 97 94 92 90 89
 4 -99 5 118 102 101 90 83
 2 -94 7 117 104 101 97 92 90 88
 4 -48 4 115 101 90 84
 7 -81 8 117 114 111 107 97 94 92 89
 8 -1 8 121 118 114 109 101 100 94 90
 2 -61 8 118 114 113 112 111 101 94 92
 4 -53 5 114 109 101 94 90
 8 -72 7 119 116 115 114 110 97 92
 8 -25 6 117 112 107 97 94 92
 1 -47 7 112 111 109 108 107 102 94
 1 -1 7 115 113 111 109 107 100 97
 4 -68 6 118 114 113 108 106 101
 6 -22 6 116 115 111 110 107 105
 2 -81 5 120 112 110 106 100
 4 -20 5 113 112 111 108 105
 3 -28 5 114 112 109 107 105
 3 -23 4 109 108 106 100
 8 -52 4 119 111 108 106
 8 -91 3 110 106 105
 4 -10 3 109 107 105
 6 -97 3 118 107 105
 3 -75 2 108 106
 1 -98 2 115 105
 1 -26 2 106 105
 10 -81 1 105
 6 -1 1 107
 2 -25 1 116
 2 -3 1 106
 4 -49 1 106
 2 -81 1 122
 2 -14 1 122
 1 -66 1 122
 4 -67 1 122
 7 -93 1 122
 2 -27 1 122
 10 -19 1 122
 5 -41 1 122
 7 -30 1 122
 8 -29 1 122
 8 -45 1 122
 1 -47 1 122
 7 -75 1 122
 4 -21 1 122
 8 -51 1 122
 7 -52 1 122
 10 -64 1 122
 0 29625 0
