122
 0 0 25 2 3 4 5 6 7 9 10 11 13 14 15 16 18 19 21 22 23 24 25 26 30 31 39 43
 2 -33 13 73 71 60 59 57 54 46 40 37 35 29 12 8
 8 -6 19 70 68 67 65 59 57 54 53 50 49 47 44 42 40 38 37 36 34 32
 6 -25 14 76 73 67 65 63 60 51 50 49 36 35 32 28 20
 5 -92 13 73 71 68 60 59 53 51 45 44 38 37 27 17
 4 -34 16 84 83 76 71 68 67 63 60 56 53 51 50 48 40 33 27
 10 -51 14 76 68 65 62 60 56 55 54 53 50 49 44 42 36
 4 -59 18 121 84 76 74 72 69 68 67 66 63 62 58 56 55 53 47 41 38
 4 -67 17 85 83 76 75 73 72 70 69 68 65 64 59 53 48 46 40 37
 9 -18 17 121 89 84 76 75 73 72 70 69 68 67 66 57 51 47 44 38
 10 -47 19 121 89 84 83 82 75 73 72 69 68 67 66 64 63 61 58 54 51 37
 8 -70 13 121 84 82 76 75 68 67 66 63 56 41 38 32
 9 -8 16 84 76 72 69 68 66 65 63 62 61 60 56 54 53 50 41
 9 -1 17 121 89 83 78 74 71 70 69 67 66 64 63 57 56 55 54 47
 6 -11 16 85 84 80 76 74 72 70 69 68 64 61 54 53 52 51 46
 5 -79 19 95 89 85 84 83 80 78 74 72 70 69 66 65 64 62 57 55 54 52
 4 -42 16 118 96 84 83 82 78 76 74 72 70 69 66 64 62 47 46
 8 -14 13 121 89 85 82 78 76 73 70 69 68 51 44 37
 10 -21 17 121 96 89 85 84 80 78 74 70 69 66 64 58 57 55 52 51
 9 -88 10 84 74 70 68 66 64 62 57 53 40
 1 -47 16 121 97 96 95 89 84 83 82 81 73 69 68 62 60 55 44
 3 -8 12 89 85 84 81 76 74 72 69 64 58 55 40
 7 -52 16 121 84 83 81 80 76 75 74 73 72 68 67 64 55 54 52
 5 -19 14 96 95 89 88 84 81 80 78 76 65 64 58 55 45
 10 -42 11 121 95 94 89 85 76 72 69 68 55 41
 1 -10 12 121 96 95 89 88 85 84 80 72 66 55 45
 2 -63 13 121 97 95 94 89 88 75 72 69 66 65 64 54
 3 -63 8 121 95 89 82 78 72 69 41
 9 -47 16 121 119 118 117 97 96 95 94 85 82 77 72 70 69 64 52
 2 -41 20 121 120 119 118 117 113 96 95 94 93 87 82 81 80 78 77 72 70 69 64
 10 -2 13 118 97 96 89 80 77 75 74 69 64 63 55 52
 4 -100 14 120 118 97 96 89 87 85 81 80 77 74 69 64 55
 6 -26 14 120 119 118 95 94 90 89 88 81 80 79 65 62 61
 3 -14 13 96 95 88 80 79 78 77 76 75 72 71 62 58
 5 -90 12 121 117 96 95 94 82 79 77 75 74 64 52
 9 -60 11 121 97 95 84 83 80 79 77 71 64 52
 1 -74 10 118 97 96 94 81 80 77 74 55 52
 9 -13 12 118 117 114 97 96 95 83 80 79 78 77 52
 3 -14 16 117 116 97 96 95 94 90 89 87 80 78 76 74 72 70 68
 5 -20 11 121 119 97 96 95 94 80 79 78 77 52
 4 -6 10 119 118 117 96 80 79 77 70 64 52
 1 -50 12 118 95 94 87 86 85 80 75 73 72 69 64
 6 -47 13 119 118 111 94 93 91 86 84 81 77 72 69 62
 3 -79 14 119 118 117 116 113 112 93 88 87 80 79 77 74 64
 3 -53 17 120 119 118 117 116 112 111 106 102 97 94 93 91 87 86 77 69
 2 -67 12 121 116 115 114 112 97 95 94 92 90 87 55
 2 -19 7 114 94 85 80 79 77 52
 2 -49 11 120 115 108 107 95 91 90 82 81 78 62
 7 -8 11 119 117 111 109 95 93 91 87 86 69 66
 10 -45 13 120 119 115 114 113 107 95 90 89 87 81 79 78
 6 -89 10 120 118 114 112 107 95 91 86 77 62
 8 -54 18 120 116 115 113 112 111 109 107 106 103 101 93 92 91 90 88 87 86
 8 -78 16 118 117 116 115 113 112 111 109 101 97 94 90 89 88 86 82
 6 -92 14 119 118 117 112 111 108 107 103 102 96 91 87 86 77
 3 -84 13 119 117 113 111 110 109 107 106 102 93 91 86 79
 4 -93 13 117 113 111 108 107 106 103 102 101 97 91 86 77
 3 -59 13 117 115 112 111 110 109 108 107 106 98 97 86 82
 10 -33 17 118 116 114 113 112 110 109 108 107 106 104 103 102 101 100 94 93
 4 -96 14 118 116 113 112 109 107 106 104 103 101 93 90 89 87
 7 -35 9 117 114 113 112 105 104 102 79 70
 1 -38 8 115 114 107 106 101 97 96 78
 9 -50 12 113 109 106 105 104 103 102 101 100 99 92 87
 8 -52 12 120 117 116 113 110 107 102 101 100 99 98 86
 1 -1 11 115 114 109 107 105 104 102 101 92 91 90
 10 -69 11 111 108 106 104 103 102 101 100 98 93 91
 9 -53 6 106 104 101 98 90 81
 5 -11 8 111 108 107 106 100 95 93 87
 5 -64 9 113 112 109 106 103 102 101 100 92
 10 -33 5 114 107 105 104 79
 5 -33 9 111 109 108 106 103 101 100 99 98
 9 -69 9 118 111 110 108 107 106 103 102 101
 2 -52 8 110 108 107 105 104 101 100 99
 10 -20 8 117 112 111 107 106 102 101 98
 5 -2 6 114 111 110 103 100 86
 3 -29 7 119 115 114 113 105 102 98
 6 -35 6 115 110 108 106 100 91
 8 -83 5 115 109 104 92 90
 10 -100 5 111 102 100 98 86
 6 -24 5 108 103 101 100 98
 7 -43 5 109 106 103 101 99
 1 -28 5 116 112 105 102 100
 3 -66 5 114 103 102 100 99
 3 -85 4 103 101 100 94
 9 -73 4 110 109 103 98
 4 -83 4 107 101 99 98
 1 -6 2 105 104
 2 -78 2 110 98
 2 -13 2 102 100
 3 -94 2 108 100
 6 -38 1 99
 2 -95 1 99
 5 -81 1 98
 8 -5 1 99
 5 -58 1 98
 2 -76 1 99
 7 -76 1 98
 10 -73 1 99
 6 -14 1 122
 8 -95 1 122
 6 -61 1 122
 10 -6 1 122
 5 -87 1 122
 10 -56 1 122
 10 -64 1 122
 9 -63 1 122
 8 -55 1 122
 8 -28 1 122
 7 -33 1 122
 5 -47 1 122
 4 -5 1 122
 3 -24 1 122
 9 -71 1 122
 5 -71 1 122
 4 -54 1 122
 9 -88 1 122
 10 -83 1 122
 1 -10 1 122
 9 -70 1 122
 8 -18 1 122
 5 -46 1 122
 5 -68 1 122
 0 29065 0
