122
 0 -71 17 2 3 4 5 6 7 8 9 10 11 13 15 16 20 22 23 26
 7 -46 5 46 35 21 17 14
 10 -99 6 46 44 36 35 24 14
 6 -59 13 63 62 51 44 43 41 38 37 35 30 29 25 21
 5 -63 7 41 35 30 29 24 21 12
 7 -89 8 53 45 37 31 29 27 25 24
 5 -20 9 62 49 44 41 38 37 29 25 24
 2 -42 6 41 39 36 35 21 19
 10 -67 9 58 44 43 41 36 35 33 28 18
 5 -53 11 58 50 46 45 44 42 39 37 35 31 24
 9 -2 10 62 53 49 45 44 42 37 33 30 24
 6 -20 13 63 62 58 52 51 49 46 43 39 37 34 33 32
 3 -7 12 63 58 51 48 47 44 42 41 40 36 35 29
 10 -61 9 63 53 51 43 41 38 37 29 25
 2 -90 12 63 53 52 51 50 49 46 43 38 37 34 32
 7 -68 11 61 53 52 50 46 43 42 39 38 34 31
 10 -43 7 55 50 49 45 39 31 24
 8 -41 9 63 62 55 53 52 50 39 34 32
 5 -32 4 62 45 37 24
 4 -21 11 63 62 56 55 54 53 50 49 47 40 32
 1 -61 7 55 53 52 50 49 34 32
 6 -91 13 74 63 62 59 57 55 54 53 49 47 41 40 39
 6 -6 13 74 67 64 61 59 58 57 55 54 50 49 47 41
 9 -6 8 67 63 59 57 52 51 43 34
 10 -84 6 58 55 54 48 39 32
 8 -91 9 67 62 59 58 56 49 47 40 37
 9 -88 10 74 68 67 59 56 55 50 49 47 40
 8 -11 8 64 63 62 59 57 55 54 39
 6 -25 7 64 59 57 55 52 50 39
 3 -70 6 67 59 57 54 40 39
 6 -87 12 83 75 70 68 67 64 63 62 60 57 56 54
 8 -44 9 71 69 68 66 61 60 59 57 42
 9 -51 7 80 68 61 56 55 54 50
 8 -46 6 74 73 56 54 47 40
 8 -84 7 80 75 74 56 54 53 49
 10 -38 12 85 83 79 77 75 73 69 67 65 62 56 52
 1 -93 7 92 80 78 68 57 55 54
 7 -34 10 92 85 80 76 73 72 69 68 59 55
 3 -23 10 87 83 80 75 73 72 68 65 60 56
 9 -54 14 87 85 83 82 79 78 77 76 75 72 71 69 65 64
 7 -42 6 85 83 75 65 60 52
 5 -18 14 100 92 91 85 84 83 82 79 75 74 72 70 67 64
 3 -85 13 95 92 90 87 85 83 82 81 76 71 70 64 60
 4 -54 13 97 87 83 82 78 77 76 73 72 71 68 66 65
 10 -81 13 97 83 82 80 79 78 77 76 72 71 68 67 66
 1 -50 12 97 91 85 83 82 79 78 75 72 71 68 66
 1 -89 11 97 87 85 82 79 78 77 76 70 66 65
 7 -9 10 90 87 84 83 82 80 77 72 68 60
 5 -69 13 97 93 92 91 87 84 82 79 73 72 71 69 65
 2 -15 13 97 93 90 85 84 82 81 79 77 73 72 71 69
 10 -81 12 100 97 87 83 82 81 79 78 77 75 70 66
 1 -30 11 100 97 91 87 84 82 78 72 70 68 66
 1 -99 13 121 97 95 92 90 86 83 82 77 76 73 71 68
 9 -25 10 97 93 87 85 82 79 72 71 69 65
 6 -29 11 121 90 84 83 82 81 79 77 75 71 70
 8 -75 8 97 89 88 82 78 76 71 66
 2 -79 10 100 95 93 88 87 84 81 79 77 73
 10 -67 11 120 97 96 92 91 90 88 87 80 79 78
 7 -23 10 121 100 97 90 88 87 86 83 82 70
 4 -53 11 120 115 100 97 96 93 91 89 88 79 78
 4 -45 10 121 115 97 96 93 92 89 86 81 75
 9 -79 8 100 93 92 89 84 82 81 78
 9 -39 6 117 116 115 113 89 66
 4 -50 10 121 118 117 114 97 96 94 93 88 80
 10 -99 11 121 119 115 114 112 95 94 90 89 88 81
 9 -55 10 120 110 109 99 96 94 93 92 90 86
 4 -73 9 121 118 116 115 114 112 94 89 81
 1 -88 7 118 116 115 94 93 89 81
 5 -22 15 121 120 118 116 115 114 113 112 111 110 108 107 100 98 89
 3 -25 13 120 119 117 116 115 114 113 112 110 108 96 94 89
 8 -64 18 120 116 115 114 113 112 111 110 109 108 107 104 103 102 100 99 98 96
 1 -65 12 119 118 117 116 114 112 109 108 99 95 94 88
 8 -2 13 120 118 117 115 114 113 111 110 108 107 105 98 89
 8 -91 9 121 118 115 114 112 103 99 90 87
 9 0 10 120 118 116 114 113 112 109 104 94 88
 4 -76 6 118 117 113 103 96 84
 10 -32 11 118 116 110 109 107 106 104 102 98 96 91
 8 -59 12 121 117 113 112 111 110 109 108 106 105 103 94
 1 -28 9 119 116 112 109 108 107 106 103 86
 4 -12 9 115 113 112 111 110 108 105 98 89
 8 -99 12 117 113 111 110 109 108 105 104 103 102 101 99
 10 -67 9 116 115 112 111 109 106 104 103 94
 5 -28 11 117 116 115 113 112 109 108 105 104 102 99
 4 -50 8 119 114 111 110 108 105 104 94
 5 -63 8 120 119 115 110 109 104 103 94
 1 -77 6 118 114 105 104 102 98
 1 -1 3 116 111 94
 2 -23 6 110 107 106 105 103 102
 2 -21 5 109 104 103 102 99
 7 -70 5 108 106 105 104 102
 3 -31 5 117 113 111 103 101
 6 -33 4 108 107 106 98
 2 -41 4 119 112 111 103
 10 -72 3 107 102 98
 10 -84 3 104 103 101
 9 -90 2 105 101
 3 -97 2 106 101
 5 -63 1 101
 10 -27 1 106
 5 -3 1 105
 7 -4 1 122
 9 -3 1 122
 9 -64 1 122
 2 -81 1 122
 3 -72 1 122
 3 -19 1 122
 2 -68 1 122
 6 -40 1 122
 1 -27 1 122
 3 -83 1 122
 4 -54 1 122
 2 -78 1 122
 3 -23 1 122
 3 -10 1 122
 8 -6 1 122
 6 -92 1 122
 10 -17 1 122
 2 -55 1 122
 9 -9 1 122
 7 -40 1 122
 6 -2 1 122
 0 30225 0
