122
 0 -95 8 2 3 4 5 6 8 11 15
 6 -100 8 39 22 19 18 17 13 12 7
 3 -83 9 29 25 24 22 19 17 14 13 12
 6 -43 6 26 23 22 16 12 9
 2 -53 6 26 25 24 22 12 10
 8 -60 9 39 30 29 28 27 26 24 23 19
 10 -40 6 30 29 26 24 21 20
 5 -54 7 39 31 29 27 26 22 20
 7 -91 5 34 32 30 21 19
 3 -23 8 44 39 38 36 33 29 28 27
 6 -100 3 30 21 20
 8 -9 7 44 38 36 33 30 28 27
 10 -2 3 35 26 20
 6 -7 6 40 39 35 34 33 26
 8 -37 3 36 31 20
 4 -52 6 43 39 38 36 35 31
 2 -85 2 30 20
 7 -65 5 44 38 33 30 28
 3 -7 7 45 44 43 38 36 35 33
 9 -35 4 44 38 33 28
 8 -16 4 44 43 38 27
 3 -4 7 44 43 42 38 37 35 34
 9 -21 7 44 43 42 38 37 35 34
 1 -3 5 48 46 43 36 31
 8 -87 8 48 46 44 43 42 40 37 34
 5 -39 6 48 45 44 43 36 32
 10 -22 7 54 48 45 42 40 37 35
 7 -97 6 48 46 43 42 37 34
 1 -65 5 58 43 40 35 34
 2 -37 5 60 54 52 42 37
 7 -60 6 52 49 45 44 42 40
 5 -74 10 61 60 58 56 54 52 50 49 47 42
 6 -46 3 52 42 37
 4 -16 7 61 60 54 52 51 45 41
 4 -44 7 61 60 52 51 49 46 41
 3 -33 3 54 51 37
 5 -76 4 61 58 49 41
 4 -84 7 57 56 54 53 50 48 47
 6 -76 7 62 61 57 56 52 49 47
 3 -36 6 62 61 53 51 50 47
 4 -12 5 62 56 53 50 47
 10 -8 5 63 62 55 53 51
 2 -11 5 66 60 55 53 50
 3 -52 5 66 55 54 53 50
 7 -25 4 62 56 55 50
 4 -3 6 67 65 63 59 56 53
 2 -49 4 66 64 59 55
 1 -36 5 69 67 66 61 59
 5 -15 4 66 65 59 53
 7 -37 6 73 69 68 67 63 59
 10 -57 5 73 70 67 65 57
 10 -29 8 82 79 73 72 69 68 67 63
 10 -55 11 82 79 76 75 74 73 72 71 70 69 68
 1 -18 10 82 79 76 75 74 73 71 70 69 68
 8 -56 8 76 75 74 73 72 69 68 65
 4 -3 7 83 79 75 74 71 70 66
 2 -55 7 83 82 79 75 71 68 66
 6 -33 7 82 76 75 73 71 69 68
 6 -64 8 85 83 82 79 76 75 72 71
 7 -53 6 80 79 76 72 70 67
 8 -36 7 83 76 75 73 72 70 68
 9 -71 7 83 79 78 76 75 74 73
 4 -41 5 83 75 74 71 70
 3 -55 4 83 80 71 70
 7 -76 5 85 80 79 78 71
 7 -48 5 87 85 81 80 72
 9 -61 3 78 74 71
 2 -32 9 94 92 90 89 88 87 85 81 80
 6 -3 6 101 92 84 83 81 78
 6 -88 6 101 96 92 85 84 78
 5 -39 4 101 96 84 77
 1 -29 5 101 96 92 84 78
 9 -61 8 101 92 91 90 89 88 85 81
 7 -98 7 101 94 92 89 88 84 81
 7 -98 6 106 101 96 92 89 80
 7 -23 9 106 100 96 92 90 89 87 86 84
 2 -75 6 94 92 89 88 87 81
 3 -100 9 106 99 95 94 93 91 90 89 88
 2 -35 7 106 101 99 96 88 86 84
 2 -35 4 99 91 86 84
 4 -92 4 106 99 95 86
 9 -95 3 108 100 86
 6 -48 8 121 120 112 108 105 100 97 93
 10 -7 7 120 112 105 102 97 95 93
 4 -14 9 121 108 107 106 105 103 100 98 97
 2 -18 7 121 120 112 105 102 97 93
 7 -62 5 120 99 97 95 93
 10 -28 6 120 108 107 100 98 97
 6 -1 9 120 119 116 112 111 110 109 108 102
 9 -7 9 121 120 112 111 110 109 108 107 105
 5 -94 7 120 111 110 108 107 103 100
 2 -62 5 120 111 109 107 98
 8 -21 4 109 107 103 98
 5 -58 4 111 109 103 98
 8 -83 7 121 118 111 110 109 104 103
 4 -57 8 121 117 116 112 111 109 108 107
 6 -88 6 118 117 116 111 110 109
 2 -35 5 119 118 116 110 104
 10 -4 5 116 111 110 109 108
 4 -13 4 116 114 109 104
 2 -8 5 117 116 114 113 109
 9 -95 3 118 115 107
 2 -29 4 117 116 115 114
 5 -59 3 117 115 113
 4 -51 3 117 116 114
 8 -40 2 117 112
 3 -98 2 114 113
 5 -99 2 115 114
 6 -38 1 115
 5 -71 1 113
 6 -8 1 114
 6 -75 1 113
 3 -85 1 122
 9 -63 1 122
 7 -64 1 122
 4 -11 1 122
 4 -79 1 122
 10 -92 1 122
 9 -6 1 122
 3 -43 1 122
 5 -52 1 122
 0 29025 0
