122
 0 -48 18 2 3 4 5 6 7 8 9 11 12 13 14 15 17 18 19 21 23
 6 -37 13 52 47 46 44 40 36 35 34 33 30 28 25 24
 8 -48 11 53 47 43 36 35 31 29 28 27 26 25
 1 -72 10 41 38 37 36 34 31 29 28 26 22
 10 -11 8 41 40 39 38 32 26 22 16
 2 -41 6 46 39 34 22 16 10
 5 -14 10 53 47 46 40 39 37 32 29 28 25
 7 -18 8 53 47 41 39 30 26 25 16
 9 -39 6 53 44 37 25 24 20
 6 -16 10 62 53 52 47 43 42 41 36 29 28
 3 -24 9 52 50 44 42 40 39 30 28 24
 5 -8 7 54 52 46 43 30 26 25
 7 -7 7 50 47 46 44 41 40 25
 8 -69 13 65 64 62 57 54 53 49 48 47 45 42 39 29
 2 -3 11 65 64 62 61 50 44 43 42 41 39 28
 5 -75 8 65 64 62 52 43 42 29 28
 7 -19 11 69 65 64 61 54 53 50 45 44 37 30
 4 -28 9 65 64 61 44 43 42 39 30 28
 8 -88 8 65 61 58 54 53 50 38 26
 9 -34 7 65 59 58 47 39 38 28
 9 -88 12 65 64 61 59 58 57 55 54 51 50 43 38
 4 -44 13 69 66 65 64 63 62 58 57 53 49 47 45 44
 9 -93 5 57 49 45 43 29
 8 -7 8 67 65 61 58 57 45 43 38
 4 -36 9 86 67 65 64 61 57 45 42 38
 10 -27 10 69 67 66 63 62 57 49 45 44 42
 7 -6 9 76 71 69 67 62 56 52 49 41
 3 -70 12 84 67 66 63 60 57 56 54 51 49 48 45
 5 -85 9 84 69 66 63 61 58 51 50 44
 5 -49 13 86 73 71 67 66 62 60 58 57 56 55 51 48
 2 -38 12 71 67 66 65 63 60 58 57 56 52 49 48
 6 -75 11 84 73 67 66 61 57 56 52 51 48 45
 10 -62 11 73 72 69 67 65 61 58 56 55 48 43
 3 -2 11 72 71 69 66 64 63 61 56 50 49 48
 7 -32 9 84 67 60 58 56 54 49 48 45
 5 -93 11 72 71 69 67 65 64 61 57 56 49 48
 3 -11 6 60 56 55 49 48 43
 7 -58 7 69 66 62 60 56 49 48
 5 -45 8 85 76 69 63 60 56 55 51
 7 -45 14 89 85 82 81 78 77 76 73 70 69 66 64 62 55
 7 -48 8 85 79 73 66 63 60 58 51
 2 -52 11 82 81 77 76 75 74 73 71 70 56 55
 5 -14 15 91 89 87 81 80 79 78 77 76 74 71 70 68 66 63
 7 -52 7 85 76 75 60 59 56 55
 10 -100 8 87 82 79 78 74 72 71 55
 2 -75 11 94 89 85 81 79 77 75 74 73 70 69
 10 -31 8 89 85 76 75 73 70 67 61
 4 -93 14 92 91 87 85 82 81 80 79 78 77 76 75 74 68
 8 -88 11 94 92 85 82 81 80 79 78 74 73 70
 2 -5 11 94 92 89 87 80 79 77 76 70 68 67
 2 -84 10 119 94 87 81 78 77 75 74 72 70
 4 -18 6 89 87 86 79 74 55
 3 -13 14 121 118 117 94 92 91 90 89 87 83 81 79 77 74
 10 -95 10 102 94 92 90 88 83 78 75 74 73
 2 -24 7 102 94 92 91 83 80 68
 2 -100 11 121 120 117 102 94 92 91 90 89 87 79
 6 -74 11 121 119 118 117 94 92 91 90 87 81 77
 9 -17 10 120 119 102 94 92 90 88 87 75 74
 1 -91 9 121 118 92 90 89 82 81 77 74
 8 -32 9 121 120 119 89 88 87 82 81 74
 3 -1 9 118 117 112 94 92 91 90 87 79
 6 -19 10 121 119 116 102 100 90 88 84 83 75
 9 -64 11 120 119 118 116 108 101 100 96 92 86 82
 8 -81 8 121 118 117 102 101 94 92 79
 9 -37 7 120 119 117 114 102 93 74
 8 -7 15 120 118 116 114 113 110 108 102 101 100 98 95 93 92 90
 5 -34 8 121 120 119 118 100 91 90 82
 3 -38 16 121 120 118 117 116 115 114 113 112 110 108 100 97 95 93 90
 3 -2 13 119 117 116 114 113 110 109 102 99 95 93 92 88
 5 -100 7 121 102 100 95 90 88 83
 5 -70 11 121 120 116 115 113 109 104 102 97 93 85
 3 -54 10 113 100 99 98 97 96 95 93 92 89
 1 -91 9 121 120 119 112 111 99 97 91 87
 4 -61 14 116 115 113 112 110 108 107 101 100 99 98 97 96 95
 4 -91 13 118 117 113 112 110 109 108 99 98 97 96 95 93
 7 -47 12 116 114 111 110 109 108 107 102 101 98 97 90
 6 -49 13 120 116 114 113 110 109 108 105 101 99 96 95 93
 5 -47 13 117 115 114 113 112 111 110 109 99 98 97 96 93
 6 -50 9 119 116 115 113 110 104 95 93 88
 7 -95 7 119 118 117 112 101 100 88
 7 -28 9 115 111 110 109 102 98 97 96 93
 1 -83 8 117 114 110 99 98 97 95 93
 5 -49 9 115 114 113 110 105 104 98 96 93
 4 -95 7 110 109 108 104 97 96 93
 1 -43 8 117 114 112 110 108 107 105 96
 5 -100 8 115 114 113 112 111 106 104 103
 9 -38 6 116 114 108 106 101 100
 2 -48 5 108 107 98 97 96
 7 -48 6 112 110 109 108 104 103
 5 -81 4 106 105 99 96
 3 -17 5 113 108 107 105 103
 5 -55 4 115 111 104 103
 7 -39 3 107 106 103
 4 -13 2 105 100
 6 -64 2 111 103
 4 -14 1 103
 5 -7 1 105
 5 -40 1 106
 3 -11 1 104
 3 -56 1 109
 9 -53 1 104
 9 -82 1 112
 9 -19 1 122
 6 -34 1 122
 7 -86 1 122
 6 -99 1 122
 3 -77 1 122
 5 -8 1 122
 1 -37 1 122
 10 -68 1 122
 8 -80 1 122
 3 -23 1 122
 2 -29 1 122
 8 -83 1 122
 3 -50 1 122
 6 -91 1 122
 2 -59 1 122
 3 -55 1 122
 8 -6 1 122
 7 -37 1 122
 6 -15 1 122
 0 29145 0
