122
 0 -94 16 2 3 5 6 7 8 9 10 12 14 15 17 18 21 25 28
 8 -18 7 37 34 30 24 16 13 4
 5 -27 8 59 51 44 42 32 31 30 11
 6 -100 8 56 47 32 31 26 23 22 20
 5 -78 6 56 47 33 23 22 13
 3 -58 14 60 56 51 47 44 41 39 37 36 35 32 29 27 23
 4 -19 10 56 48 47 44 39 35 32 29 22 20
 6 -8 12 56 51 48 44 43 38 35 33 32 29 27 19
 8 -44 12 60 59 51 48 47 44 41 35 32 29 27 19
 4 -8 8 56 41 39 33 32 29 23 22
 4 -89 12 56 48 47 43 41 39 36 35 34 33 29 27
 2 -9 10 56 48 47 44 43 42 35 33 30 27
 2 -84 10 61 54 51 43 42 39 36 35 29 26
 9 -89 11 64 58 51 47 45 42 41 36 35 33 27
 6 -7 15 66 63 60 59 58 56 54 45 44 43 42 40 36 35 32
 7 -19 17 70 66 63 61 60 58 57 56 55 52 49 46 45 43 42 40 32
 4 -29 14 66 63 58 55 54 53 49 45 43 41 40 39 36 32
 10 -4 10 64 61 60 59 58 52 45 42 36 27
 6 -54 13 74 70 66 63 61 58 55 54 52 45 42 39 36
 5 -13 12 66 64 63 58 57 55 51 46 45 42 41 33
 1 -44 13 74 70 69 63 61 59 58 54 53 52 50 36 35
 8 -70 6 64 58 52 42 36 27
 2 -41 11 75 70 66 64 61 59 55 45 43 42 38
 7 -42 12 74 70 69 68 64 63 61 57 56 53 45 36
 3 -15 11 74 69 64 63 60 58 57 50 44 43 36
 5 -46 11 75 74 70 69 66 63 60 52 48 44 40
 1 -37 11 90 74 69 68 66 63 57 55 54 46 40
 4 -71 11 82 74 68 64 61 58 53 50 49 48 46
 1 -27 14 82 81 78 75 74 70 69 68 64 62 58 57 52 45
 3 -2 6 70 58 53 52 39 36
 1 -39 11 90 82 75 68 61 58 57 55 53 49 43
 5 -96 13 90 83 82 78 77 74 71 69 68 67 64 62 50
 10 -92 9 82 78 75 69 67 61 60 52 50
 9 -30 9 90 81 77 72 69 68 63 53 46
 5 -65 8 82 72 68 67 62 57 55 49
 3 -29 6 90 84 83 82 81 46
 10 -65 13 90 89 84 82 81 76 75 72 71 69 67 65 62
 1 -10 11 83 81 78 77 74 73 72 68 65 63 58
 3 -98 9 82 77 75 73 71 68 67 64 57
 6 -36 7 83 82 81 77 71 67 50
 10 -89 11 89 84 82 78 77 76 74 73 71 65 61
 9 0 10 83 82 81 76 73 71 69 68 65 53
 3 -12 9 89 84 83 77 76 72 71 65 62
 9 -11 8 90 83 82 81 72 68 65 53
 8 -26 4 90 77 67 50
 7 -16 9 89 80 78 76 75 71 67 65 62
 6 -73 10 97 90 89 83 74 72 71 69 67 65
 4 -22 8 96 90 88 84 80 73 67 57
 2 -59 10 97 89 84 83 81 80 78 77 71 65
 3 -6 6 89 84 76 73 72 65
 7 -81 5 80 78 74 68 62
 2 -49 7 91 87 85 84 77 72 71
 8 -40 15 121 120 119 105 97 96 95 93 92 91 89 86 85 79 78
 10 -35 13 121 120 97 95 93 92 91 89 86 82 81 79 78
 5 -53 9 97 91 88 87 85 83 80 77 71
 8 -30 8 92 91 89 85 84 82 79 72
 4 -66 7 121 97 95 93 89 83 65
 1 -87 13 105 103 97 96 95 93 92 91 88 86 84 80 79
 9 -58 14 121 120 103 97 96 95 93 91 88 87 86 85 81 79
 4 -62 5 121 119 91 80 68
 8 -39 13 121 117 106 105 97 93 92 91 88 87 86 83 80
 10 -4 6 105 94 93 92 85 73
 1 -58 14 120 119 118 106 104 102 99 95 94 92 91 89 86 82
 2 -36 6 121 105 104 92 91 72
 7 -74 11 120 119 105 103 94 92 91 87 86 85 79
 5 -13 7 117 105 104 95 94 89 73
 5 -39 12 120 119 113 105 103 98 95 94 93 92 86 79
 2 -79 10 120 105 103 98 96 93 92 86 85 79
 8 -31 10 121 120 119 105 103 94 91 88 86 79
 5 -62 15 121 120 119 117 114 105 104 103 102 99 94 93 92 91 88
 1 0 9 120 119 113 105 98 93 92 86 79
 1 -45 9 119 118 117 103 98 95 93 88 80
 1 -12 9 121 120 119 103 102 97 91 87 86
 6 -70 11 120 119 118 117 106 103 102 98 95 94 88
 2 -60 10 117 116 114 104 103 99 98 96 92 88
 9 -81 8 118 117 115 106 102 98 96 86
 6 -5 11 119 118 117 115 114 113 105 103 102 98 92
 3 -13 10 118 117 116 112 106 103 101 99 94 88
 3 -70 13 118 117 116 115 114 112 111 109 106 104 102 101 100
 4 -42 10 120 116 114 113 112 102 101 100 99 94
 3 -55 10 119 116 115 114 113 112 102 101 100 94
 5 -9 7 117 114 112 105 103 101 88
 8 -33 11 120 119 118 116 114 113 111 108 103 101 100
 3 -83 10 121 119 117 114 112 111 110 109 108 102
 6 -9 7 117 111 109 104 101 100 99
 10 -99 7 116 114 112 109 108 101 100
 5 -73 7 118 116 115 113 109 101 100
 9 -26 7 115 113 111 109 108 107 100
 7 -17 6 113 112 111 108 107 100
 6 -27 5 112 108 107 103 100
 9 -77 4 115 111 109 98
 5 -7 5 112 111 110 109 101
 5 -11 5 116 115 109 108 107
 7 -36 4 111 110 109 108
 2 -73 4 114 111 108 107
 9 -70 4 113 111 110 109
 1 -29 3 109 108 100
 6 -12 2 112 101
 4 -27 2 108 107
 3 -63 1 110
 6 -36 1 107
 3 -67 1 107
 1 -92 1 109
 9 -1 1 108
 2 -17 1 108
 10 -74 1 107
 2 -23 1 122
 5 -48 1 122
 2 -81 1 122
 2 -100 1 122
 9 -72 1 122
 10 -88 1 122
 7 -30 1 122
 5 -57 1 122
 3 -58 1 122
 1 -44 1 122
 6 -95 1 122
 4 -22 1 122
 4 -31 1 122
 3 -20 1 122
 7 -84 1 122
 0 27450 0
