122
 0 -52 9 2 4 5 7 10 11 13 14 19
 8 -71 7 20 18 17 15 9 6 3
 2 -82 7 32 27 26 24 23 22 12
 2 -61 4 29 25 20 8
 1 -81 7 33 28 27 26 25 21 20
 10 -43 7 33 29 28 27 26 22 21
 10 -71 5 29 27 26 20 17
 4 -69 4 32 26 22 15
 6 -3 4 27 25 21 16
 7 -4 4 32 22 21 15
 4 -68 8 44 41 36 35 32 31 28 24
 4 -29 6 44 33 31 28 25 21
 7 -35 3 27 23 22
 9 -81 3 33 27 20
 4 -13 8 44 41 36 35 33 31 28 27
 9 -59 8 44 41 36 35 33 32 31 28
 10 -38 9 51 44 42 41 36 35 33 31 30
 2 -56 7 51 44 41 36 35 31 27
 1 -52 7 51 44 41 36 35 33 27
 2 -55 3 42 38 22
 4 -43 6 51 42 41 36 35 30
 6 -51 7 51 44 41 36 35 34 31
 1 -36 8 51 44 42 39 38 37 35 33
 10 -97 5 51 42 40 33 30
 2 -61 8 51 47 42 40 39 38 36 34
 8 -59 4 51 44 42 30
 10 -83 2 42 30
 8 -44 2 51 30
 3 -61 9 51 49 48 47 43 42 41 39 37
 7 -55 5 49 47 39 38 34
 9 -2 8 59 52 50 47 43 40 39 37
 6 -97 7 52 51 50 43 42 40 37
 6 -93 9 59 57 52 50 49 48 47 46 43
 5 -77 6 59 52 50 48 43 37
 9 -14 7 59 58 57 48 47 43 40
 6 -95 9 65 63 60 59 58 57 56 54 49
 6 -58 6 64 57 55 53 46 45
 7 -95 7 65 62 60 59 58 54 48
 9 -80 5 64 58 57 53 45
 8 -23 6 72 68 63 56 55 49
 2 -46 5 65 63 58 52 50
 5 -17 8 72 65 63 61 60 59 58 53
 1 -33 6 63 62 60 56 55 54
 7 -26 6 68 65 62 57 56 54
 3 -32 5 68 67 65 56 54
 10 -24 6 72 70 65 63 61 58
 10 -63 5 76 68 67 66 54
 7 -42 6 71 70 68 63 61 56
 2 -18 4 73 71 64 53
 2 -29 4 73 71 68 53
 10 -59 8 80 76 72 71 70 68 67 65
 1 -32 3 72 61 56
 5 -18 6 77 76 70 69 66 62
 5 -67 5 80 72 71 70 61
 7 -3 5 80 70 67 65 61
 9 -89 8 80 78 77 76 74 73 69 66
 3 -81 4 80 74 72 61
 1 -79 7 82 81 77 76 73 71 66
 4 -25 7 82 81 80 78 77 76 66
 7 -68 5 84 77 76 70 68
 10 -8 6 81 78 77 75 73 69
 5 -22 6 86 82 80 78 74 67
 7 -19 5 82 80 78 77 66
 4 -54 4 82 81 77 67
 5 -84 7 90 88 83 82 77 75 74
 3 -34 7 93 92 90 88 84 83 75
 8 -10 7 92 90 88 85 84 83 75
 6 -89 7 93 90 88 86 85 82 75
 9 -11 9 92 91 88 87 85 84 83 82 79
 2 -98 5 93 88 86 79 74
 10 -26 8 96 94 92 91 88 86 85 78
 4 -57 8 93 88 87 86 85 84 83 79
 6 -52 11 107 95 93 92 91 90 89 88 87 85 84
 5 -49 6 95 92 91 89 87 81
 8 -71 4 98 91 87 79
 10 -78 7 101 98 96 94 89 86 83
 3 -48 6 95 93 89 87 86 85
 1 -73 7 107 101 99 95 93 89 87
 4 -71 7 107 103 101 99 96 95 89
 3 -94 6 103 99 96 95 94 89
 2 -98 8 113 112 107 101 100 99 96 94
 4 -69 6 103 100 99 98 95 94
 3 -9 9 112 110 106 104 103 102 100 99 97
 3 -57 6 113 112 106 105 103 94
 3 -80 9 121 120 112 111 110 106 102 100 99
 10 -20 9 120 113 110 107 106 103 102 100 99
 2 -70 8 113 112 110 106 103 102 100 97
 2 -96 8 121 120 112 111 110 102 100 99
 8 -75 9 121 120 113 110 109 106 105 104 100
 3 -58 3 119 106 94
 6 -28 6 120 113 112 111 100 99
 8 -61 5 110 109 105 102 97
 1 -47 6 110 109 105 104 102 98
 9 -94 4 110 109 102 97
 8 -92 5 118 112 111 108 106
 5 -88 4 118 109 106 102
 6 -94 7 121 120 118 117 115 114 111
 2 -39 6 120 119 118 117 116 108
 7 -87 4 117 109 108 105
 3 -29 4 119 118 116 108
 7 -73 4 116 115 114 110
 2 -78 3 117 116 108
 8 -2 3 117 116 108
 8 -85 3 119 116 108
 10 -1 4 119 116 115 114
 4 -96 3 117 115 114
 3 -56 2 114 109
 3 -11 2 115 114
 2 -26 1 115
 1 -93 1 118
 3 -2 1 116
 9 -26 1 117
 10 -27 1 114
 9 -38 1 122
 10 -32 1 122
 2 -26 1 122
 5 -83 1 122
 4 -89 1 122
 6 -83 1 122
 9 -87 1 122
 7 -50 1 122
 0 32505 0
