122
 0 -70 26 2 3 4 5 6 8 9 11 12 13 14 15 16 17 18 20 21 22 23 24 27 30 31 36 48 52
 1 -35 13 61 60 49 46 45 44 42 40 35 34 26 25 19
 1 -95 19 75 66 64 61 60 59 57 56 54 53 51 50 47 46 43 39 38 37 35
 9 -84 16 77 75 57 56 54 53 51 50 49 47 46 45 42 37 35 32
 8 -31 8 80 77 66 61 50 47 41 10
 2 -44 6 75 70 59 53 40 7
 6 -99 18 92 91 80 77 73 69 67 66 64 63 62 61 58 57 54 43 35 34
 7 -17 8 77 66 65 56 53 50 29 25
 6 -1 19 121 92 79 77 75 73 71 70 69 68 67 64 63 62 61 58 53 45 35
 4 -52 17 79 75 74 72 71 69 65 64 62 58 57 56 54 53 51 49 40
 5 -78 8 80 78 72 68 65 61 53 25
 7 -22 18 94 92 90 87 76 74 73 71 68 67 66 64 62 60 59 57 56 37
 2 -33 17 87 80 79 77 73 71 70 69 68 63 61 59 58 56 54 53 40
 10 -41 11 88 79 73 72 71 65 63 59 57 56 33
 3 -68 24 121 120 92 91 89 88 87 82 79 78 77 76 75 74 71 70 69 68 67 65 62 61 58 54
 1 -50 21 120 92 89 88 82 79 77 76 73 72 70 69 68 67 65 64 63 62 59 56 54
 2 -81 17 92 90 88 80 79 77 73 71 70 68 65 59 58 56 54 51 45
 8 -98 10 92 71 69 67 64 62 58 55 51 28
 9 -56 13 92 90 80 77 74 73 66 65 59 57 53 51 37
 10 -87 14 121 92 91 88 80 79 76 75 74 73 62 56 44 42
 1 -9 10 121 90 80 79 73 71 67 57 45 33
 4 -40 22 121 118 94 92 91 90 89 88 87 85 79 78 76 74 71 70 68 67 66 61 57 55
 7 -10 17 92 90 88 87 82 80 79 78 76 73 72 71 69 64 59 54 51
 1 -25 15 118 91 88 83 78 76 74 72 70 69 66 63 58 57 43
 4 -3 17 118 92 90 89 88 87 79 76 74 73 71 69 64 59 58 57 54
 8 -69 12 88 77 75 69 68 67 64 59 56 55 51 47
 6 -85 8 88 71 66 63 62 58 41 38
 1 -59 12 118 93 89 88 87 78 76 72 68 63 59 57
 4 -75 9 92 88 87 83 79 72 68 57 45
 3 -53 15 121 120 119 92 91 90 87 86 84 73 71 68 67 64 56
 10 -41 15 121 120 111 94 92 91 88 84 83 82 79 75 73 70 58
 10 -58 14 120 119 118 115 89 88 87 83 82 81 71 66 65 63
 1 -86 12 120 94 89 87 83 77 76 69 68 64 61 58
 5 0 19 121 120 119 118 117 116 110 109 94 89 88 87 84 83 82 79 76 74 68
 3 -6 17 120 118 116 115 114 113 108 93 90 89 88 87 83 82 78 72 65
 8 -21 14 121 118 115 113 111 94 91 90 89 83 76 73 69 58
 5 -29 17 119 118 116 115 113 112 110 108 93 91 89 86 85 79 78 72 69
 1 -28 15 120 119 116 115 110 109 106 94 89 87 84 83 82 74 72
 1 -57 14 121 120 119 110 94 91 89 85 84 83 76 74 73 68
 9 -52 20 120 119 116 115 114 113 111 110 108 103 94 93 92 91 90 89 88 85 81 76
 9 -100 15 121 120 116 111 110 99 94 91 89 84 83 81 79 76 75
 7 -45 15 118 117 116 112 111 109 105 94 89 86 82 81 78 71 68
 3 -79 14 121 120 117 112 109 105 90 89 87 86 85 84 71 68
 7 -73 11 118 115 112 108 94 93 87 85 83 81 57
 7 -40 15 118 117 116 111 110 106 104 94 91 89 85 84 82 76 74
 2 -85 9 113 92 89 87 83 81 76 71 63
 7 -21 15 121 119 118 117 115 111 108 107 105 92 91 84 81 78 71
 8 -42 12 121 115 112 111 110 107 106 86 84 82 69 63
 3 -93 10 118 117 110 106 94 90 89 87 83 59
 10 -18 13 120 119 118 113 111 100 94 92 90 85 83 73 67
 3 -70 20 120 118 116 115 114 113 112 111 110 108 106 105 103 95 94 93 89 86 85 83
 3 -36 15 120 119 118 115 111 108 102 101 93 92 91 90 89 84 81
 6 -87 17 119 115 113 111 110 109 108 106 104 103 98 94 93 89 88 86 76
 9 -70 17 119 117 115 111 110 108 107 106 105 103 102 100 99 94 84 83 81
 9 -37 17 119 117 112 110 109 108 107 106 105 103 102 101 100 93 84 83 81
 4 -50 12 118 116 113 112 111 110 105 103 93 83 81 78
 1 -39 13 120 119 116 111 110 109 107 105 104 97 96 84 82
 4 -64 13 119 117 116 110 109 108 107 106 105 103 93 85 81
 7 -34 13 121 115 112 108 107 105 104 103 100 99 91 86 81
 2 -19 10 118 113 111 107 105 96 95 91 85 83
 5 -57 11 117 111 110 109 108 106 105 100 99 86 81
 2 -70 11 117 114 112 110 105 104 103 101 100 93 81
 7 -38 11 116 114 109 108 105 103 102 100 95 94 90
 9 -96 9 115 113 111 108 103 102 100 93 81
 5 -7 9 110 109 105 104 103 100 95 86 85
 9 -44 12 113 112 111 110 107 106 103 102 100 99 98 95
 9 -42 8 112 109 108 107 104 103 101 81
 2 -62 11 115 114 113 108 107 106 102 101 100 99 97
 4 -71 7 114 105 104 103 100 99 81
 3 -70 7 112 107 106 105 101 100 81
 4 -9 8 114 110 104 103 101 100 96 93
 4 -97 5 117 111 102 101 81
 5 -78 8 117 114 109 106 103 101 96 95
 6 -71 7 112 108 105 100 96 95 93
 5 -7 6 118 108 106 103 95 90
 2 -1 6 112 107 105 101 100 96
 7 -88 6 116 106 105 104 100 98
 9 -45 5 106 104 102 101 99
 6 -34 5 106 105 102 100 96
 4 -36 5 116 110 103 97 95
 6 -67 4 98 97 96 95
 3 -30 4 103 100 99 98
 10 -72 3 104 98 97
 8 -7 3 114 113 95
 6 -78 3 102 101 99
 10 -37 3 102 97 96
 6 -1 3 111 99 95
 6 -7 3 112 105 102
 4 -51 2 107 100
 7 -11 2 104 98
 2 0 2 109 97
 7 -81 2 106 97
 6 -31 1 99
 2 -47 1 101
 9 -65 1 122
 5 -63 1 122
 3 -1 1 122
 8 -60 1 122
 4 -27 1 122
 7 -53 1 122
 3 -66 1 122
 2 -40 1 122
 5 -98 1 122
 7 -51 1 122
 6 -29 1 122
 10 -79 1 122
 3 -88 1 122
 2 -56 1 122
 4 -81 1 122
 8 -63 1 122
 9 -1 1 122
 2 -43 1 122
 2 -35 1 122
 6 -36 1 122
 4 -42 1 122
 8 -60 1 122
 5 0 1 122
 7 -94 1 122
 1 -9 1 122
 9 -49 1 122
 5 -31 1 122
 0 29565 0
