122
 0 -41 20 2 3 4 5 6 7 8 9 10 11 12 13 14 15 16 18 19 20 21 23
 2 -21 13 52 50 48 47 44 42 38 31 30 29 26 22 17
 5 -51 17 56 52 50 48 46 45 44 43 42 40 39 37 36 35 33 30 25
 3 -89 10 50 44 42 40 39 37 32 26 25 24
 1 -94 15 57 56 50 46 44 43 42 41 37 36 33 31 30 28 27
 3 -22 9 50 48 44 42 37 36 31 25 17
 2 -17 13 63 50 49 43 42 40 39 36 35 31 30 27 24
 5 -59 12 57 47 45 44 40 37 36 34 33 32 31 22
 1 -34 9 50 45 40 35 34 32 30 25 22
 6 -54 11 61 57 56 52 48 47 42 40 33 30 22
 1 -83 14 63 61 58 57 56 50 47 46 45 44 42 37 36 34
 1 -70 13 67 59 58 57 54 52 48 45 42 38 36 32 31
 4 -66 13 67 58 57 56 54 48 46 45 43 42 38 36 31
 8 -65 13 63 58 57 56 54 49 48 46 45 41 40 39 31
 10 -37 11 59 57 55 54 48 47 45 42 33 32 31
 10 -1 13 67 65 61 58 57 56 49 47 46 45 44 42 36
 2 -99 11 65 61 57 56 55 46 45 43 40 35 33
 2 -6 9 65 58 56 50 43 41 40 38 33
 6 -16 11 65 61 58 57 54 52 47 46 43 42 36
 5 -67 10 72 65 63 58 56 47 46 43 41 34
 4 -55 10 65 57 53 52 50 47 45 43 42 33
 7 -15 13 74 73 72 67 65 58 54 51 49 46 43 41 39
 10 -31 12 72 67 65 63 59 58 54 51 50 49 42 41
 8 -1 12 73 72 65 61 59 58 54 52 51 48 46 41
 5 -38 12 74 73 72 65 63 61 58 57 54 49 47 41
 3 -89 8 67 65 62 56 54 45 43 36
 5 -85 11 73 67 65 61 60 54 53 52 51 47 45
 9 -76 11 77 72 69 68 67 65 62 59 54 51 48
 1 -64 6 67 66 65 61 59 35
 8 -37 14 89 82 80 77 75 74 73 72 70 69 66 64 58 53
 7 -30 11 79 74 73 72 70 69 65 64 61 60 51
 2 -73 10 80 77 74 73 72 70 60 56 53 51
 3 -42 9 79 74 72 70 67 64 63 51 49
 5 -3 8 79 77 74 73 68 67 54 49
 8 -66 9 83 80 74 73 69 60 58 54 53
 10 -68 8 80 77 74 72 60 55 53 51
 8 -20 10 80 79 74 73 72 69 68 65 60 54
 8 -90 13 89 88 80 79 78 72 71 70 69 68 66 63 62
 6 -76 7 80 69 68 66 62 60 59
 10 -13 13 96 82 81 80 79 76 75 74 73 72 70 68 66
 6 -90 5 82 80 62 55 53
 3 -62 6 89 74 73 68 62 60
 8 -8 10 87 86 83 80 79 75 71 70 69 59
 5 -79 6 80 77 76 73 59 54
 2 -80 12 94 87 86 84 82 80 76 75 74 72 71 64
 10 -82 10 88 84 83 78 77 76 70 68 66 64
 3 -37 8 95 89 78 77 69 68 66 62
 7 -12 8 87 86 83 80 79 76 74 60
 1 -74 7 86 83 80 78 76 69 60
 2 -61 10 92 89 88 87 83 82 78 77 69 64
 1 -74 14 121 96 95 94 91 89 88 85 82 81 78 76 75 66
 7 -23 11 94 88 87 86 84 82 80 78 75 71 64
 9 -36 8 94 88 85 84 79 78 71 68
 3 -32 8 92 90 89 87 86 78 70 64
 5 -60 10 120 96 95 92 88 87 86 83 76 69
 8 -75 10 121 96 94 91 89 88 81 76 75 66
 8 -60 11 99 97 96 95 92 91 85 84 81 76 68
 1 -89 13 121 99 97 96 95 94 92 91 88 87 84 78 76
 2 -91 15 121 118 104 99 96 95 94 93 92 91 90 89 88 82 78
 5 -75 9 95 94 93 91 90 88 82 75 71
 5 -34 9 99 95 94 92 85 82 78 76 68
 10 -3 10 120 96 94 92 87 86 84 83 76 75
 6 -82 9 121 120 99 97 96 92 85 82 76
 8 -75 11 121 120 119 104 102 99 96 95 93 91 81
 8 -50 11 120 104 101 100 97 96 95 94 92 90 83
 2 -43 11 120 119 116 105 102 100 99 92 90 87 86
 9 -27 8 121 104 96 94 93 91 88 78
 7 -23 11 121 120 119 116 105 102 101 100 90 87 86
 6 -100 9 115 103 102 99 94 91 90 85 84
 1 -7 12 121 120 119 118 117 110 109 104 102 97 94 85
 3 -32 10 121 120 119 112 104 102 100 99 96 81
 3 -81 9 116 103 101 100 97 95 93 90 83
 10 -86 7 117 105 97 93 92 84 78
 1 -84 9 121 118 115 103 102 95 90 88 85
 4 -71 12 118 117 116 114 112 109 105 104 103 101 100 97
 3 -29 9 119 118 116 104 103 102 100 93 90
 9 -29 10 118 117 116 114 110 104 100 98 96 93
 10 -10 13 120 119 116 115 114 113 110 109 108 103 102 101 100
 9 0 7 120 115 114 109 102 97 91
 7 -62 6 102 101 100 98 92 90
 10 0 9 118 117 116 114 113 110 103 101 98
 3 -18 11 117 116 115 114 113 112 110 109 108 107 100
 8 -72 11 121 119 118 117 115 111 110 109 108 107 102
 1 -7 9 119 116 113 112 111 109 101 100 98
 10 -28 7 116 114 111 101 100 98 93
 1 -11 5 114 111 110 98 93
 1 -74 8 118 117 112 111 109 107 106 104
 9 -61 6 117 112 111 109 107 98
 3 -95 5 111 110 109 107 97
 3 -53 7 114 113 110 109 108 107 106
 7 -57 4 117 105 101 100
 1 -29 4 112 108 106 103
 7 -26 4 113 112 107 106
 2 -58 4 116 113 112 106
 7 -56 4 111 110 109 106
 8 -89 3 115 109 107
 7 -66 1 98
 1 -99 2 108 106
 9 -25 1 101
 1 -27 1 106
 5 -3 1 107
 4 -27 1 106
 7 -62 1 111
 2 -71 1 115
 7 -21 1 110
 6 -75 1 122
 8 -73 1 122
 3 -46 1 122
 9 -99 1 122
 4 -58 1 122
 9 -57 1 122
 2 -39 1 122
 10 -92 1 122
 9 -58 1 122
 6 -14 1 122
 10 -60 1 122
 6 -14 1 122
 3 -42 1 122
 6 -59 1 122
 2 -48 1 122
 10 -8 1 122
 0 30345 0
