122
 0 -98 11 2 3 4 5 6 7 8 9 10 12 17
 9 -62 8 33 28 26 24 23 19 18 13
 6 -67 5 25 20 16 15 11
 5 -31 7 33 25 24 23 21 18 16
 7 -54 6 33 26 24 23 18 13
 2 -5 5 33 23 18 16 13
 2 -16 6 33 31 24 20 18 15
 9 -48 5 33 24 23 18 16
 7 -12 6 31 29 28 26 23 18
 2 -38 6 31 30 28 24 23 18
 9 -63 5 33 30 29 23 18
 1 -59 5 33 27 24 19 14
 5 -56 3 36 31 15
 7 -81 6 39 37 36 32 30 29
 1 -58 5 39 37 30 29 27
 6 -63 5 36 31 30 29 27
 6 -29 5 39 30 29 27 25
 7 -16 3 37 34 22
 2 -16 6 42 39 37 36 35 30
 3 -21 4 41 39 34 27
 10 -82 5 41 37 35 34 32
 3 -13 2 36 27
 3 -56 5 41 39 37 35 34
 4 -86 5 46 43 36 34 32
 8 -70 5 42 41 38 35 34
 10 -33 4 42 37 36 30
 6 -80 2 35 32
 8 -68 10 54 51 50 47 46 45 42 40 39 38
 2 -14 5 54 50 47 44 35
 6 -89 5 59 49 46 41 34
 1 -18 4 49 40 38 34
 7 -54 8 54 51 50 49 47 42 40 38
 3 -31 4 43 42 40 36
 6 -41 8 55 54 53 51 50 47 45 44
 9 -74 7 59 51 49 46 45 43 40
 10 -70 6 55 54 53 51 50 41
 2 -21 3 51 46 38
 8 -9 5 59 56 55 48 44
 2 -59 4 63 61 49 43
 9 -75 7 64 62 61 57 55 53 48
 2 -63 6 66 61 56 52 48 47
 1 -89 7 66 64 62 59 57 53 48
 5 -43 5 57 56 53 52 48
 7 -26 8 72 68 67 66 61 58 57 52
 6 -63 5 62 61 57 56 48
 1 -3 8 72 67 65 63 62 61 60 53
 5 -51 7 73 70 68 64 62 60 58
 9 -12 7 75 73 72 70 68 67 58
 10 -46 7 76 75 73 72 68 67 58
 6 -95 7 73 71 70 69 68 65 60
 10 -96 3 71 67 57
 4 -25 7 76 75 73 70 69 64 62
 5 -9 8 79 76 75 73 71 70 69 68
 5 -18 5 74 70 65 63 60
 1 -47 7 79 75 74 72 70 69 63
 2 -8 6 83 76 73 71 69 64
 6 -40 4 78 69 65 60
 4 -38 5 85 79 71 69 65
 2 -55 5 83 78 74 70 69
 8 -23 11 87 85 84 83 82 81 80 79 77 76 75
 4 -19 7 85 83 82 79 78 74 69
 9 -33 6 87 85 83 77 74 71
 10 -77 12 107 90 88 87 86 85 84 83 82 81 80 77
 5 -78 8 107 94 88 86 85 82 77 74
 10 -45 10 107 106 90 88 87 86 83 82 81 77
 2 -26 7 86 85 83 81 80 78 76
 5 -69 6 107 106 94 86 82 74
 6 -5 5 107 85 82 77 74
 2 -17 9 107 94 93 87 86 84 81 80 77
 6 -30 7 107 94 90 88 85 84 82
 7 -4 7 107 93 91 90 86 80 78
 5 -36 9 106 98 97 94 93 92 90 81 80
 2 -35 6 101 94 93 90 85 84
 2 -5 5 92 90 84 81 80
 8 -93 8 107 106 103 101 98 94 90 86
 4 -64 9 106 105 103 100 99 98 97 95 88
 9 -99 7 105 101 100 97 92 91 89
 1 -78 5 106 103 100 99 84
 4 -29 8 112 106 105 101 99 95 93 90
 5 -21 7 111 105 103 101 100 99 89
 5 -8 5 105 103 101 91 89
 4 -36 8 112 104 100 99 97 96 95 93
 1 -87 8 104 103 101 100 98 96 95 94
 8 0 4 105 98 97 89
 10 -76 6 110 106 104 98 92 91
 9 -98 4 111 105 99 89
 10 -4 6 105 101 99 96 95 92
 3 -90 7 112 111 110 108 104 101 96
 9 -47 5 112 110 104 96 95
 8 -96 5 121 111 104 102 100
 3 -77 5 111 109 108 102 99
 10 -22 5 113 109 108 103 102
 9 -27 5 121 118 110 109 102
 4 -71 4 120 112 108 99
 4 -77 5 119 114 113 109 108
 7 -70 4 121 118 113 102
 4 -55 5 121 119 118 111 109
 6 -1 7 120 119 118 117 116 114 113
 2 -1 6 121 119 117 116 114 113
 5 -57 4 116 114 113 108
 4 -5 6 120 119 118 117 116 115
 9 -54 5 120 119 117 116 114
 5 -24 5 121 119 118 116 114
 1 -90 3 118 117 109
 2 -57 3 119 116 108
 7 -17 3 118 116 113
 8 -32 3 118 116 113
 5 -16 3 118 117 115
 5 -11 3 120 116 115
 8 -56 2 116 113
 8 -60 2 117 116
 6 -63 2 117 115
 7 -40 1 115
 3 -37 1 115
 6 -9 1 122
 2 -34 1 122
 6 -56 1 122
 2 -77 1 122
 1 -41 1 122
 6 -98 1 122
 8 -71 1 122
 0 27985 0
