122
 0 -52 8 2 3 4 6 7 8 10 16
 8 -59 7 22 21 19 13 12 11 5
 10 -27 9 31 27 26 22 21 20 19 18 13
 7 -80 7 26 22 21 20 19 13 9
 3 -11 7 26 25 23 18 15 14 9
 10 -27 6 31 25 23 20 15 12
 7 -54 7 31 27 25 22 20 17 15
 3 -54 5 25 22 21 20 19
 3 -12 8 35 33 31 30 29 28 27 24
 3 -76 7 33 31 29 28 27 25 24
 1 -26 5 35 31 26 25 20
 2 -20 7 35 33 29 28 27 26 24
 6 -55 6 45 39 29 28 25 24
 9 -66 4 35 33 31 20
 6 -35 7 45 43 35 30 29 28 24
 8 -20 5 39 35 27 25 24
 4 -79 6 45 43 41 39 30 24
 3 -26 4 33 32 30 29
 8 -97 3 41 29 23
 9 -22 4 45 41 28 24
 6 -44 3 39 35 24
 2 -7 4 39 32 30 29
 8 -51 8 47 45 44 40 39 37 34 32
 4 -74 6 47 44 40 37 34 32
 5 -10 6 55 46 43 41 36 30
 3 -39 6 49 47 44 39 38 34
 3 -75 10 56 55 54 49 46 43 42 41 38 36
 6 -61 6 56 49 46 44 38 34
 10 -72 6 60 56 46 44 37 34
 9 -8 12 67 60 59 57 56 53 51 49 48 47 44 40
 6 -28 9 60 59 53 51 48 41 40 39 37
 5 -70 6 56 54 49 46 38 36
 10 -60 10 67 60 59 55 54 51 50 49 45 39
 3 -65 5 55 54 52 42 36
 4 -85 9 67 65 60 59 56 54 51 49 41
 2 -87 8 70 67 59 57 53 51 50 48
 2 -49 8 67 66 65 63 58 55 52 50
 6 -28 8 73 67 65 63 60 59 58 52
 4 -64 6 73 61 58 57 56 52
 10 -27 4 66 58 52 50
 3 -94 4 66 58 52 50
 8 -34 6 70 66 65 64 62 50
 9 -73 5 70 67 63 59 51
 8 -1 4 73 58 54 52
 4 -22 7 70 64 63 62 61 58 53
 1 -31 8 73 72 71 70 66 63 62 61
 1 -30 7 75 70 69 65 64 62 58
 9 -75 8 79 75 73 72 71 68 66 62
 1 -82 5 75 70 66 63 58
 5 -27 6 80 75 73 72 71 61
 10 -53 5 79 71 69 64 58
 1 -37 6 75 72 70 68 64 62
 3 -12 10 86 82 81 80 79 74 72 71 69 66
 1 -79 5 80 77 75 71 61
 10 -4 5 75 72 71 68 62
 8 -90 9 86 82 80 79 77 74 71 69 68
 3 -77 5 86 75 72 66 63
 1 -85 8 86 83 82 81 80 74 72 68
 10 -88 8 86 83 82 80 79 75 74 66
 6 -57 8 82 81 80 79 74 71 70 68
 2 -28 6 86 82 79 74 69 68
 10 -69 8 96 86 83 82 81 80 77 74
 7 -38 7 87 83 82 80 79 77 76
 8 -25 6 95 87 83 82 78 74
 7 -100 6 95 87 83 79 78 74
 10 -78 5 88 87 78 77 76
 3 -92 5 88 86 79 77 76
 7 -52 5 95 88 87 78 76
 3 -18 5 94 93 84 83 78
 9 -59 5 96 90 87 85 76
 6 -85 9 95 94 93 92 90 89 88 85 84
 4 -67 4 93 89 88 77
 8 -66 4 94 93 89 78
 8 -77 3 90 88 76
 3 -94 6 95 94 93 92 85 84
 1 -11 6 94 93 92 91 89 84
 9 -76 5 95 94 92 85 84
 6 -23 6 98 97 96 92 90 85
 1 -80 6 103 100 96 93 90 89
 7 -84 4 98 94 93 85
 7 -60 5 103 100 97 90 89
 6 -41 7 107 105 104 102 98 92 91
 6 -55 3 97 89 88
 3 -21 9 112 107 103 102 101 100 99 98 97
 9 -59 6 107 105 104 103 102 91
 2 -55 3 103 101 89
 7 -89 3 108 103 89
 3 -18 4 115 107 104 91
 9 -38 8 115 109 107 105 104 102 99 98
 4 -62 6 115 114 112 107 101 99
 1 -21 5 112 109 106 101 99
 4 -64 5 112 108 106 103 100
 10 -80 5 112 108 107 104 102
 4 -59 5 112 107 106 105 100
 5 -58 6 121 120 115 111 109 104
 10 -68 3 121 104 101
 3 -25 5 121 115 111 110 105
 1 -20 7 121 120 119 118 114 113 111
 10 -40 6 121 120 118 113 111 110
 9 -54 5 115 114 113 111 110
 8 -68 4 118 111 110 108
 9 -82 4 121 119 113 106
 2 -68 3 115 113 109
 8 -80 4 118 114 113 110
 4 -39 4 120 119 114 113
 6 -96 3 120 118 111
 1 -36 3 121 120 111
 1 -29 3 120 117 113
 9 -77 3 119 118 114
 1 -62 3 119 117 116
 4 -21 2 117 116
 7 -11 2 120 116
 3 -35 1 116
 6 -11 1 117
 8 -5 1 118
 1 -11 1 122
 7 0 1 122
 1 -54 1 122
 9 -56 1 122
 8 -82 1 122
 1 -5 1 122
 0 30450 0
