122
 0 -71 25 2 3 4 5 6 7 8 9 10 11 12 13 14 15 16 18 19 21 22 23 29 31 33 34 38
 1 -43 14 72 71 67 63 60 57 51 50 49 48 46 44 41 17
 2 -54 13 86 72 65 63 60 51 49 45 41 40 36 35 26
 4 -6 11 76 67 59 56 55 48 45 44 42 25 20
 3 -38 13 71 66 65 63 60 59 58 55 53 43 40 36 30
 3 -93 16 86 81 76 74 69 68 64 63 58 56 51 50 48 45 42 40
 9 -93 14 81 74 73 68 67 63 61 59 56 48 47 45 44 32
 5 -65 15 86 76 75 73 71 66 65 63 60 58 54 49 43 41 36
 8 -59 13 76 70 68 66 60 56 52 51 49 48 45 44 37
 2 -90 13 74 69 68 66 65 60 59 57 53 45 44 39 24
 8 -44 7 73 71 69 68 59 32 28
 9 -43 15 99 91 86 77 76 72 69 68 65 64 62 54 52 45 42
 5 -56 14 98 86 84 77 76 74 71 70 69 50 49 48 44 39
 5 -16 13 119 84 76 75 74 73 71 70 68 58 48 43 39
 8 -16 12 86 84 76 74 73 69 68 65 63 50 49 41
 10 -81 8 86 82 81 75 74 70 45 27
 3 -60 17 117 116 99 91 87 86 80 76 75 74 70 68 66 64 58 54 52
 10 -42 11 91 87 86 75 74 68 67 64 57 45 41
 10 -50 12 98 96 87 81 76 74 72 67 66 56 48 44
 1 -15 13 86 81 79 75 74 73 71 66 64 62 60 58 46
 7 -75 12 97 91 85 79 76 70 69 68 65 58 56 45
 5 -92 10 81 73 70 62 61 60 58 54 48 46
 9 -6 14 121 99 86 79 77 76 75 73 71 70 68 63 60 49
 10 -55 23 121 120 119 116 99 97 96 91 90 89 87 85 84 83 82 81 80 79 76 75 73 71 58
 1 -15 12 120 91 83 80 75 74 73 69 65 58 57 51
 5 -78 12 121 120 99 96 87 81 79 76 74 73 58 44
 10 -12 12 99 97 91 89 80 79 73 71 68 63 58 54
 6 -91 15 118 99 96 87 83 82 80 77 76 74 70 66 65 62 57
 1 -2 23 121 120 119 117 116 115 99 98 96 95 94 91 88 87 85 84 83 80 79 77 75 74 64
 8 -81 18 120 119 96 91 87 86 85 84 81 80 79 77 76 75 74 73 68 64
 9 -72 17 121 120 119 117 116 98 96 91 87 80 79 76 75 74 70 69 58
 10 -36 16 121 119 117 99 98 97 96 91 84 83 79 76 72 70 66 58
 1 -92 12 120 118 98 90 83 81 80 79 74 70 51 50
 1 -76 12 120 99 96 91 87 82 80 74 70 60 58 57
 5 -9 18 119 118 116 99 90 88 87 85 84 83 82 80 79 77 76 74 73 61
 3 -36 12 121 120 116 115 88 84 79 74 70 69 68 50
 7 -21 17 121 117 116 99 97 96 93 90 89 87 84 83 81 80 73 72 58
 2 -66 13 117 116 115 98 97 96 94 89 82 81 77 68 54
 6 -29 12 120 115 99 94 91 89 85 81 80 79 64 63
 3 -44 17 121 119 116 115 114 111 99 97 96 91 90 89 85 83 73 70 62
 8 -76 15 121 120 119 118 116 115 99 96 89 82 81 79 77 70 62
 3 -64 17 118 117 116 115 114 106 98 97 94 87 84 83 82 79 78 75 66
 7 -46 20 121 120 117 116 115 114 112 98 96 95 94 93 91 90 89 88 87 83 80 78
 4 -5 10 119 116 115 109 88 85 83 80 75 64
 6 -4 17 120 119 116 115 113 111 109 108 107 98 96 93 92 88 84 83 71
 2 -51 12 121 120 119 117 115 110 109 108 98 96 85 68
 1 -86 12 121 118 117 116 115 99 97 91 84 80 76 70
 7 -37 9 117 115 110 97 91 88 79 78 65
 2 -46 13 120 119 118 115 114 113 109 95 91 90 85 82 78
 1 -25 15 119 117 114 112 110 108 107 102 99 97 96 94 91 89 87
 1 -18 14 119 116 115 114 110 109 102 99 96 95 88 87 84 78
 6 -66 13 114 113 106 98 96 95 92 89 88 85 83 81 79
 1 -26 11 115 112 108 96 93 89 88 87 83 80 76
 2 -84 14 121 120 119 114 113 110 106 93 92 90 88 85 84 78
 9 -6 13 120 119 116 115 113 111 109 96 93 91 90 89 78
 8 -25 12 121 120 116 115 114 106 105 99 95 84 80 78
 3 -5 15 121 119 117 116 115 112 110 108 101 94 93 92 90 89 88
 7 -100 11 118 115 111 110 101 95 94 92 88 78 77
 6 -60 14 116 115 114 113 110 109 108 107 103 97 95 93 91 88
 10 -25 13 116 115 114 113 110 107 106 103 102 94 92 88 84
 2 -77 12 121 117 114 111 108 107 102 95 94 92 91 89
 8 -29 11 117 113 110 109 101 98 95 93 92 88 78
 9 -64 11 117 116 114 111 110 106 102 101 96 88 87
 2 -8 8 118 114 112 106 97 90 82 78
 1 -66 12 116 113 112 111 108 106 105 102 101 100 94 89
 1 -24 9 120 113 109 108 107 100 90 89 85
 6 -19 7 118 108 106 104 94 85 82
 3 -69 11 118 114 111 107 106 104 103 95 93 92 83
 7 -70 7 114 110 109 104 103 90 82
 2 -66 11 112 110 109 108 107 106 105 104 102 101 100
 7 -9 11 118 117 112 110 106 105 104 103 102 101 100
 2 -96 6 111 109 106 105 101 78
 5 -19 8 113 107 106 105 103 100 98 94
 10 -62 6 110 108 101 97 92 89
 4 -50 7 112 110 108 103 102 101 92
 8 -97 7 114 111 106 104 103 101 100
 8 -78 6 114 113 109 106 105 100
 10 -59 5 108 107 104 103 100
 5 -40 4 111 103 101 93
 7 -8 4 111 110 107 101
 7 -81 4 110 107 104 101
 2 -22 3 111 102 92
 9 -6 3 102 101 100
 10 -3 3 112 101 100
 3 -63 3 112 105 101
 2 -37 3 115 109 102
 8 -75 2 113 92
 1 -76 2 105 104
 2 -66 2 104 103
 1 -28 2 105 102
 5 -82 2 106 101
 8 -41 1 100
 5 -86 1 102
 3 -83 1 109
 10 -73 1 100
 1 -20 1 103
 5 -24 1 105
 6 -27 1 102
 3 -83 1 113
 9 -72 1 122
 5 -77 1 122
 8 -60 1 122
 10 -24 1 122
 2 -81 1 122
 6 -19 1 122
 8 -48 1 122
 10 -99 1 122
 1 -92 1 122
 6 -21 1 122
 2 -46 1 122
 3 -42 1 122
 2 -88 1 122
 8 -46 1 122
 1 -29 1 122
 2 -79 1 122
 9 -61 1 122
 4 -86 1 122
 3 -42 1 122
 2 -13 1 122
 2 -12 1 122
 2 -92 1 122
 0 30465 0
