122
 0 -65 15 2 3 4 5 6 7 8 9 10 11 12 14 19 20 30
 9 -23 8 41 33 23 21 18 16 15 13
 9 -57 12 46 41 39 38 37 36 32 28 23 22 21 17
 6 -7 12 46 41 37 34 32 29 28 27 26 22 21 16
 10 -24 11 46 44 41 39 37 36 34 27 23 22 21
 8 -84 11 51 46 43 39 36 34 32 31 29 28 24
 3 -18 13 54 51 48 47 46 41 39 38 37 34 31 27 25
 8 -1 11 53 51 50 46 40 39 38 36 33 29 28
 7 -72 10 54 53 50 44 40 39 37 36 25 23
 10 -80 9 51 49 47 46 41 37 35 32 21
 2 -30 8 51 48 46 40 32 31 26 22
 2 -41 6 47 46 37 32 31 17
 9 -71 7 53 39 38 37 35 27 26
 7 -64 6 51 43 41 31 27 26
 4 -36 9 53 51 49 47 44 43 36 34 32
 8 -67 11 62 56 54 53 50 47 45 44 43 39 35
 6 -77 4 53 43 27 26
 10 -66 9 70 62 53 50 48 47 46 37 36
 7 -65 5 62 47 41 38 27
 4 -78 8 62 59 54 53 46 44 39 38
 10 -18 7 66 56 54 48 43 42 31
 9 -33 11 66 64 62 61 53 50 47 45 43 42 35
 4 -2 13 67 64 62 61 60 59 56 52 51 48 47 45 42
 1 -57 5 63 54 47 41 27
 10 -40 7 75 66 64 62 45 43 35
 3 -43 9 70 65 62 61 60 54 52 44 42
 3 -72 11 73 72 69 66 64 60 59 58 50 49 45
 8 -1 11 71 70 65 60 59 58 55 54 52 49 42
 8 -25 9 80 70 65 63 60 59 49 48 44
 8 -63 9 66 64 61 60 59 58 55 45 42
 3 -96 12 73 70 69 65 64 62 61 60 59 53 52 50
 8 -68 12 86 75 73 72 69 66 64 60 58 54 52 45
 10 -40 12 90 77 71 70 66 65 64 62 61 60 58 42
 5 -96 14 86 76 75 73 72 71 69 67 66 62 61 58 57 52
 10 -8 12 73 72 71 70 69 67 65 60 59 57 55 52
 9 -15 7 71 65 64 59 55 52 42
 4 -93 4 64 55 43 42
 4 -32 4 55 52 43 42
 6 -96 8 90 85 71 70 68 66 65 42
 2 -87 4 86 75 67 45
 7 -95 11 102 93 86 80 75 73 72 68 60 59 57
 3 -2 12 93 89 88 86 80 76 75 73 72 69 63 57
 5 -30 11 102 93 90 86 82 80 77 71 60 58 57
 7 -72 10 102 86 75 71 69 68 67 66 64 58
 4 -57 10 89 85 82 80 76 71 70 68 65 57
 8 -7 10 102 92 88 82 80 76 67 66 64 61
 2 -57 7 102 90 88 81 76 73 55
 3 -99 11 121 102 93 90 89 88 85 73 71 68 57
 3 -61 10 102 93 92 88 82 77 76 74 67 61
 2 -87 5 102 93 76 75 55
 8 -78 14 121 94 93 89 88 85 80 77 75 74 71 69 68 66
 2 -38 14 121 101 93 92 89 88 85 82 81 80 78 77 74 63
 7 -78 11 120 119 102 101 94 93 91 81 78 74 67
 4 -29 17 120 101 100 99 94 93 92 90 88 87 85 84 83 81 80 79 78
 9 -34 11 121 100 94 89 86 85 82 78 77 74 68
 3 -46 12 120 102 101 100 91 88 85 82 81 79 78 74
 3 -3 12 120 119 115 101 100 94 92 91 87 81 78 74
 3 -51 10 120 115 101 100 91 89 88 85 78 74
 9 -1 9 99 90 88 83 82 81 79 78 76
 2 -42 11 121 119 113 101 100 99 85 84 81 79 78
 9 -15 11 113 101 100 99 94 91 87 83 81 79 78
 3 -34 5 102 92 84 81 68
 5 -98 13 120 119 118 116 114 113 102 100 99 91 87 84 79
 2 -68 8 120 119 118 101 100 94 87 74
 6 -70 12 121 120 119 118 116 114 113 99 91 84 83 79
 10 -25 10 120 119 115 113 109 98 91 84 83 78
 4 -18 13 121 118 116 115 112 100 99 95 90 89 87 85 83
 10 -39 9 120 119 118 117 114 113 91 83 79
 9 -7 9 117 116 113 101 100 99 91 83 79
 10 -45 7 117 116 102 99 92 88 79
 3 -67 14 120 119 115 114 113 109 108 107 101 100 98 96 95 84
 8 -28 12 118 117 115 113 110 108 98 97 96 95 92 81
 7 -38 11 114 110 109 107 101 100 98 97 96 92 82
 2 -85 9 116 114 113 109 99 98 95 84 83
 5 -63 9 115 110 101 99 97 95 92 83 81
 1 -68 14 121 117 116 115 114 113 110 109 106 100 98 97 96 87
 3 -18 9 120 117 113 110 109 106 98 95 83
 4 -92 12 118 117 116 114 112 111 108 107 106 97 96 95
 7 -20 11 115 111 110 109 108 107 106 98 97 96 95
 1 -65 10 116 115 114 113 110 109 105 103 96 91
 4 -35 8 116 114 112 109 107 106 105 103
 3 -26 5 115 113 105 95 87
 9 -23 6 111 108 107 105 103 96
 1 -49 5 117 111 110 103 97
 3 -88 5 109 108 107 104 103
 8 0 4 113 107 104 95
 5 -37 3 108 104 103
 4 -86 3 119 114 103
 1 -73 3 113 104 103
 9 -8 3 110 106 103
 9 0 2 107 106
 3 -55 2 111 106
 8 -34 2 105 104
 3 -86 1 95
 1 -37 1 103
 7 -83 1 104
 4 -24 1 105
 5 -4 1 112
 3 -58 1 106
 7 -92 1 103
 3 -89 1 105
 2 -99 1 108
 6 -98 1 122
 5 -83 1 122
 2 -72 1 122
 2 -16 1 122
 10 -99 1 122
 10 -43 1 122
 3 -75 1 122
 2 -92 1 122
 5 0 1 122
 8 -80 1 122
 3 -11 1 122
 4 -44 1 122
 5 -96 1 122
 7 -38 1 122
 1 -22 1 122
 3 -32 1 122
 1 -98 1 122
 2 -43 1 122
 2 -59 1 122
 0 30640 0
