32
 0 -23 4 2 3 4 5
 5 -47 4 12 9 8 7
 6 -70 3 12 7 6
 2 -35 3 12 8 7
 5 -73 3 12 8 7
 10 -14 3 16 11 8
 5 -16 4 16 14 11 10
 9 -96 3 14 13 10
 9 -81 2 16 10
 8 -70 2 18 15
 7 -53 2 18 15
 6 -12 1 14
 10 -63 4 22 20 18 17
 4 -81 1 15
 7 -12 4 22 20 19 17
 2 -4 3 23 20 18
 1 -77 3 25 23 21
 4 -5 1 19
 2 -56 3 31 25 21
 1 -36 4 31 28 25 24
 7 -38 3 28 26 24
 7 -24 3 31 26 24
 6 -37 3 31 28 26
 7 -52 1 27
 10 -56 1 26
 3 -85 2 30 29
 6 -24 2 30 29
 1 -47 2 30 29
 3 -86 1 32
 2 -48 1 32
 3 -45 1 32
 0 7330 0
