122
 0 -73 25 2 3 4 5 6 7 8 9 10 11 12 13 15 17 19 20 21 23 24 26 28 33 38 44 54
 8 -60 12 70 66 59 53 48 47 46 43 40 36 30 14
 5 -1 15 77 75 70 60 58 56 55 51 50 48 45 35 32 31 29
 7 -96 12 74 70 66 58 56 53 45 43 39 36 34 16
 3 -82 12 77 56 51 50 46 40 39 36 31 29 25 22
 1 -18 13 77 70 68 64 53 50 43 40 39 35 34 31 25
 9 -72 20 80 78 77 75 74 69 68 66 64 63 59 56 55 53 52 50 48 42 41 36
 1 -79 13 68 66 58 57 56 55 53 52 50 48 42 29 27
 6 -56 15 83 80 77 70 64 63 62 58 53 50 49 43 35 34 32
 4 -87 9 77 76 74 66 58 52 48 36 18
 5 -7 15 83 80 76 75 69 68 62 61 59 57 52 50 43 34 29
 1 -86 14 96 83 77 76 73 65 62 58 57 53 52 46 45 29
 6 -36 14 85 76 75 66 65 62 61 60 58 57 55 52 46 29
 4 -20 16 86 83 82 81 77 74 69 68 64 60 58 57 56 52 49 31
 10 -13 13 97 83 82 77 74 72 70 68 63 58 56 39 30
 3 -29 16 86 83 81 80 77 76 75 73 69 63 61 60 52 49 46 41
 8 -38 12 86 77 74 68 63 62 61 55 50 49 43 37
 7 -26 14 86 83 82 67 65 64 63 60 59 57 53 50 49 46
 4 -17 14 95 85 83 77 73 65 63 60 59 58 57 56 51 49
 4 -96 18 98 97 96 92 83 82 81 78 76 75 72 69 68 65 64 63 57 50
 2 -45 17 98 97 96 94 91 82 81 80 78 76 74 72 67 65 63 57 48
 5 -13 12 86 83 76 73 69 67 65 61 60 57 53 49
 5 -17 9 75 72 71 67 65 61 60 53 35
 1 -49 11 98 90 75 74 73 72 71 60 57 51 48
 6 -35 16 120 93 88 87 86 85 81 80 79 75 74 73 69 67 66 49
 8 -32 17 121 96 94 90 89 86 80 76 74 73 72 70 67 66 64 57 56
 1 -65 7 82 77 76 71 69 67 36
 1 -39 13 119 118 96 91 83 81 79 78 76 75 72 65 48
 5 -95 12 120 92 91 88 86 82 81 74 67 64 63 49
 7 -61 10 98 94 90 86 81 76 67 62 60 50
 6 -100 18 121 119 117 96 94 92 91 85 80 79 78 76 72 71 65 63 62 61
 8 -19 13 121 98 97 88 86 85 81 78 74 68 66 65 57
 2 -6 15 121 119 117 116 95 94 92 91 85 79 78 76 65 63 55
 9 -62 15 121 113 107 98 94 93 91 88 85 78 72 71 67 65 60
 2 -67 13 121 97 96 95 93 89 86 85 81 78 76 57 52
 6 -82 10 110 97 95 91 85 83 65 62 61 60
 3 -71 22 121 120 119 117 115 114 113 94 93 92 90 88 87 85 84 83 82 81 80 76 75 73
 3 -14 12 121 119 112 95 93 88 86 85 83 78 65 57
 8 -100 10 119 112 93 92 91 86 67 65 61 57
 8 -12 22 120 119 118 117 116 115 114 113 112 110 107 97 94 90 89 88 87 86 85 79 78 73
 5 -82 14 121 120 119 112 111 95 94 93 91 88 85 72 67 57
 1 -41 14 121 120 116 113 112 110 94 90 88 85 84 81 76 60
 2 -23 12 119 112 107 97 94 88 87 73 72 71 67 65
 2 -38 9 121 112 109 92 88 86 85 65 57
 7 -65 17 121 119 118 117 115 112 111 110 109 98 95 94 93 92 87 85 61
 5 -12 19 121 120 118 116 115 114 112 110 107 106 103 94 92 90 89 88 87 84 68
 8 -75 17 121 120 118 117 112 110 106 96 94 91 90 89 88 86 84 74 72
 4 -47 16 121 120 117 115 112 111 110 109 95 93 92 89 87 86 85 61
 10 -2 13 119 114 112 108 107 98 97 94 90 89 78 72 71
 6 -22 13 121 120 119 114 107 95 93 88 87 85 84 73 71
 5 -72 13 119 113 111 103 93 92 91 89 87 81 78 76 67
 8 -76 19 120 117 116 115 114 113 112 110 109 106 104 103 101 100 99 92 90 88 87
 2 -80 17 121 119 117 116 115 113 110 108 107 105 102 98 97 94 85 81 79
 1 -36 15 121 120 118 116 115 111 108 107 103 101 96 94 87 81 78
 4 -5 14 118 115 109 108 106 105 104 101 93 90 88 84 83 82
 1 -72 16 120 117 113 112 111 110 109 107 106 105 104 103 92 91 88 84
 1 -48 14 118 117 116 115 113 110 108 107 104 102 101 87 84 79
 10 -97 12 121 120 114 112 111 108 107 106 103 91 87 78
 7 -1 14 119 118 117 116 111 109 107 106 105 104 103 96 91 88
 9 -88 12 119 118 117 115 109 106 103 101 99 96 92 87
 4 -21 10 116 114 113 108 107 106 105 103 88 84
 3 -8 10 113 112 111 109 107 105 103 102 93 89
 7 -85 8 114 113 111 106 103 101 87 84
 8 -74 9 115 113 109 108 105 103 102 99 93
 5 -19 8 120 114 105 103 102 101 90 89
 4 -34 6 107 104 102 101 92 82
 7 -34 9 117 116 110 109 106 105 104 100 99
 8 -77 8 119 113 109 108 102 100 99 91
 7 -87 8 119 118 112 110 106 104 103 94
 1 -18 7 120 112 109 107 104 101 84
 7 -12 8 118 116 115 110 106 104 102 100
 4 -30 7 109 105 104 103 102 101 99
 6 -12 5 109 108 103 100 91
 5 -9 5 119 113 107 102 95
 1 -83 5 112 109 108 101 89
 7 -96 5 108 107 102 100 99
 1 -98 5 113 107 106 104 101
 4 -51 3 105 102 84
 3 -70 4 106 103 100 99
 6 -49 4 112 105 101 99
 6 -66 3 106 104 100
 8 -46 3 112 110 103
 10 -2 3 107 102 100
 4 -59 2 100 99
 9 -98 2 104 99
 5 -25 2 100 99
 4 -66 1 105
 1 -97 1 102
 3 -24 1 104
 1 -25 1 111
 2 -70 1 101
 3 -87 1 108
 7 -93 1 100
 9 -68 1 99
 1 -4 1 101
 3 -97 1 114
 2 -19 1 101
 10 -89 1 99
 7 -95 1 122
 6 -84 1 122
 5 -65 1 122
 5 -46 1 122
 4 -27 1 122
 2 -82 1 122
 2 -79 1 122
 9 -2 1 122
 7 -30 1 122
 7 -16 1 122
 8 -68 1 122
 1 -8 1 122
 9 -70 1 122
 8 -57 1 122
 10 -16 1 122
 5 -17 1 122
 1 -98 1 122
 4 -60 1 122
 7 -12 1 122
 8 -52 1 122
 8 -71 1 122
 5 -44 1 122
 8 -97 1 122
 0 30780 0
