122
 0 -18 24 2 3 4 5 6 7 8 9 10 11 12 13 14 15 16 18 19 20 21 22 23 26 29 39
 2 -38 17 85 77 69 55 53 52 51 50 48 47 43 42 41 31 30 27 25
 1 -14 21 75 69 68 65 63 62 59 57 55 50 49 48 47 46 45 44 42 38 35 34 24
 3 -62 15 77 69 68 60 53 51 47 45 44 43 42 37 33 32 31
 9 -68 17 85 75 68 66 62 56 55 53 52 51 47 46 44 42 38 31 28
 1 -13 10 85 70 68 65 63 59 55 53 44 17
 5 -58 24 85 82 77 70 69 68 67 65 63 62 61 59 58 57 55 54 53 52 49 47 46 45 43 36
 5 -7 13 75 70 69 68 62 55 53 47 45 43 42 38 24
 2 -84 12 85 69 55 54 53 51 50 49 45 38 30 27
 4 -6 18 85 70 68 66 65 64 63 62 60 58 57 55 52 51 47 44 38 36
 4 -45 18 85 74 71 69 68 67 65 64 62 59 58 56 55 52 49 44 42 31
 9 -68 18 121 91 85 75 74 69 68 65 62 60 56 55 54 53 52 49 43 38
 6 -1 14 77 67 65 64 62 60 59 58 56 55 49 47 43 31
 3 -96 12 85 84 77 68 66 61 60 53 52 48 36 25
 5 -27 8 85 68 62 60 52 48 38 25
 4 -89 16 121 74 70 65 64 62 60 58 57 56 55 51 50 46 42 38
 4 -26 6 64 57 47 42 38 24
 10 -64 15 121 120 72 69 68 66 65 61 60 54 52 51 48 47 38
 5 -58 14 120 85 72 68 66 65 63 62 54 52 50 49 48 38
 2 -81 18 95 93 85 82 79 77 76 70 67 64 63 62 61 58 55 53 42 41
 2 -3 14 119 95 82 81 75 74 73 67 63 61 56 54 53 32
 5 -85 13 121 119 95 65 64 59 58 57 56 55 47 42 38
 5 -85 16 95 93 76 73 71 70 66 65 63 58 57 56 55 54 52 51
 5 -17 17 121 95 93 82 80 76 73 72 71 66 61 60 58 56 54 52 51
 4 -78 11 119 91 72 71 70 67 65 64 56 49 40
 1 -48 9 121 120 91 72 70 61 60 54 38
 10 -42 17 120 117 116 95 94 89 82 73 72 68 67 63 62 61 60 59 57
 2 -14 15 120 119 117 94 83 79 77 73 71 67 64 63 59 57 49
 3 -17 15 121 95 93 92 91 89 87 77 76 71 64 62 60 55 47
 10 -44 22 121 120 118 116 114 113 95 94 92 89 87 82 81 76 73 72 71 70 68 67 64 58
 3 -31 16 120 119 112 93 89 88 84 82 81 80 79 76 70 63 61 54
 4 -20 12 120 117 94 93 89 87 80 70 59 58 57 55
 8 -32 11 119 118 93 91 75 73 72 64 62 56 52
 9 -84 19 119 118 116 113 112 111 107 95 93 92 90 87 76 73 72 71 70 67 56
 1 -48 15 120 119 112 111 105 95 94 93 90 73 72 71 70 67 52
 9 -85 22 119 118 117 116 114 113 112 111 105 95 93 92 91 89 88 87 83 81 79 73 72 71
 10 -76 17 119 117 116 114 113 95 94 93 92 91 90 83 75 72 70 67 64
 1 -52 24 118 117 116 115 114 113 112 111 109 107 94 93 90 89 87 84 82 81 80 78 77 76 71 67
 4 -69 11 117 115 112 93 84 82 81 73 71 58 52
 8 -3 10 93 89 88 87 83 80 78 73 59 54
 8 -29 19 121 118 117 114 113 112 111 108 104 103 94 92 86 84 81 78 72 66 65
 3 -83 13 120 112 108 107 105 104 102 91 89 88 81 78 54
 3 -44 19 117 116 114 113 112 111 109 106 104 101 95 90 89 88 87 86 84 73 66
 8 -74 14 120 117 113 111 105 102 95 93 92 88 86 83 80 73
 6 -32 13 120 119 114 113 108 107 106 104 101 91 87 79 64
 4 -92 17 118 116 114 113 112 108 107 105 104 102 101 95 91 90 86 80 79
 2 -57 13 117 114 112 108 104 103 100 94 90 83 80 79 74
 5 -99 11 117 114 113 101 95 88 87 86 74 73 70
 9 -22 17 118 116 115 114 112 111 110 109 106 101 100 95 93 89 88 86 78
 1 -37 14 116 114 113 111 109 106 105 99 96 92 91 84 83 76
 4 -15 17 115 113 111 110 109 105 104 103 102 99 98 97 94 91 90 86 83
 2 -35 13 116 114 113 109 106 104 103 100 89 87 86 83 79
 4 -56 12 116 114 113 112 111 109 108 107 105 101 87 71
 1 -75 17 118 117 116 115 114 113 111 110 109 103 101 100 99 98 92 90 86
 3 -78 11 118 114 112 106 105 103 101 100 96 78 72
 3 -27 12 120 109 108 105 104 103 100 94 89 88 86 79
 7 -49 13 113 112 109 108 107 105 103 101 99 97 96 91 84
 2 -57 10 111 105 103 102 99 98 91 88 86 83
 8 -75 10 114 112 111 110 107 105 102 101 92 76
 3 -13 11 119 118 114 112 106 105 104 102 101 96 78
 6 -64 10 110 108 106 105 104 102 97 96 87 83
 4 -72 11 113 112 109 107 105 103 102 100 99 97 90
 2 -13 9 121 107 106 105 102 101 96 87 78
 3 -16 7 112 111 109 105 103 86 78
 2 -18 8 116 107 102 101 98 97 90 87
 7 -11 8 119 115 107 105 99 98 97 96
 1 -34 7 108 106 102 100 99 96 88
 6 -22 7 107 104 103 102 100 98 86
 5 -11 6 111 103 99 98 88 86
 6 -5 7 110 108 106 104 100 98 96
 2 -35 6 106 104 102 100 98 86
 1 -78 6 115 110 109 102 99 98
 3 -15 6 110 108 103 100 98 97
 3 -99 6 111 109 106 105 102 99
 7 -18 6 108 104 99 98 97 96
 6 -77 5 108 104 103 100 97
 3 -56 4 101 98 97 86
 7 -12 3 99 98 97
 6 -40 3 110 98 97
 1 -89 3 106 99 96
 9 -10 3 106 100 96
 6 -74 3 101 100 99
 5 -28 2 107 101
 9 -38 2 102 98
 7 -4 2 117 108
 4 -90 1 96
 7 -69 1 99
 7 -44 1 97
 5 -90 1 96
 8 -15 1 96
 9 -5 1 100
 6 -73 1 97
 5 -77 1 104
 9 -62 1 101
 6 -97 1 103
 1 -46 1 122
 9 -73 1 122
 8 -99 1 122
 2 -94 1 122
 8 0 1 122
 9 -66 1 122
 9 -95 1 122
 8 -9 1 122
 6 -85 1 122
 10 -97 1 122
 9 -76 1 122
 3 -13 1 122
 5 -70 1 122
 4 -76 1 122
 9 -76 1 122
 8 -28 1 122
 8 -34 1 122
 7 -1 1 122
 6 -79 1 122
 8 -58 1 122
 9 -84 1 122
 7 -7 1 122
 10 -92 1 122
 7 -21 1 122
 1 -30 1 122
 10 -63 1 122
 0 29690 0
