122
 0 -62 26 2 3 4 5 6 7 8 9 10 11 12 13 14 15 16 17 18 19 20 23 24 28 29 31 44 45
 10 -100 19 83 74 60 59 58 57 56 54 53 52 50 49 43 40 37 35 33 32 27
 3 -11 16 83 82 74 70 57 51 50 47 46 43 41 39 38 35 33 26
 10 -92 14 83 82 62 58 56 49 47 46 43 39 36 34 30 25
 7 -49 14 83 81 71 70 66 62 60 59 57 51 38 37 22 21
 10 -33 17 95 88 83 81 74 70 69 59 57 53 50 49 46 43 41 33 27
 2 -6 13 83 82 71 62 56 55 47 46 42 40 39 34 33
 5 -88 17 82 81 71 66 63 62 61 60 58 57 55 54 53 51 43 42 33
 1 -6 15 86 83 82 81 71 63 62 60 56 55 53 51 48 33 32
 9 -57 13 88 71 69 63 61 58 55 54 53 47 43 34 33
 6 -99 10 83 82 81 77 74 71 66 60 25 22
 2 -36 14 87 70 69 60 59 58 55 54 51 50 48 47 43 40
 6 -83 15 86 82 77 71 69 63 62 60 59 58 57 55 51 50 33
 10 -62 13 79 76 73 71 69 64 62 61 55 53 51 39 34
 4 -51 21 87 86 85 83 81 80 76 74 72 71 69 68 66 64 63 58 56 55 53 51 46
 4 -98 17 87 86 82 76 74 73 72 70 69 68 66 64 63 62 56 46 37
 10 -64 15 95 88 85 81 77 74 70 69 63 55 51 50 46 43 33
 3 -7 13 95 88 85 81 74 70 69 63 57 55 51 48 33
 2 -24 15 88 86 85 81 74 73 72 71 65 64 58 57 55 51 48
 7 -58 15 95 81 80 74 72 70 69 68 65 63 59 55 54 53 51
 10 -86 10 95 85 82 79 78 77 69 53 43 33
 8 -32 15 116 88 86 85 80 79 76 72 69 68 64 58 55 53 50
 5 -23 13 118 88 80 78 76 72 69 68 65 64 63 48 47
 3 -22 10 95 85 82 81 78 69 67 66 55 33
 2 -56 9 95 88 85 79 78 69 55 53 33
 5 -44 17 118 88 87 85 81 80 79 78 77 72 69 68 66 65 63 58 53
 3 -72 13 85 82 79 73 72 71 68 65 64 61 55 51 48
 10 -40 13 121 120 95 81 80 79 76 73 70 69 68 48 46
 10 -11 12 88 87 86 81 79 76 73 72 64 63 61 37
 2 -15 19 121 120 119 118 117 115 113 95 94 88 81 78 77 75 73 72 67 65 57
 8 -49 12 121 118 107 92 86 82 78 75 68 67 63 58
 6 -84 10 121 120 114 89 85 80 77 70 68 46
 10 -72 16 120 118 116 115 114 113 90 87 80 76 75 73 72 68 65 64
 4 -52 16 119 113 95 86 85 81 80 78 77 74 72 70 68 67 66 65
 7 -69 15 120 119 116 115 94 93 92 91 88 86 71 69 67 62 61
 8 -9 11 118 115 113 95 84 76 71 69 65 63 53
 7 -52 12 121 119 118 116 109 107 89 80 78 67 65 55
 10 -5 10 121 118 92 88 78 76 75 68 63 55
 6 -52 5 88 85 65 63 48
 1 -15 16 121 119 115 114 111 109 108 107 95 91 90 78 75 72 65 63
 4 -86 8 121 109 107 75 68 65 63 55
 4 -46 14 118 117 115 110 106 94 91 86 85 79 76 69 67 65
 9 -55 15 116 115 114 113 112 110 105 103 93 90 89 84 76 68 64
 7 -66 13 118 116 110 106 93 92 91 88 85 78 72 69 67
 10 -33 18 120 119 118 114 112 111 110 107 106 94 92 91 90 86 79 78 75 71
 2 -27 9 119 117 116 115 113 109 67 65 61
 10 -58 16 117 116 115 113 111 106 103 101 99 93 92 90 86 85 79 66
 6 -41 12 117 115 113 110 109 94 92 91 84 77 75 67
 6 -2 9 119 116 113 106 91 75 72 67 61
 5 -9 10 119 117 113 109 106 99 97 92 67 61
 3 -51 16 120 118 114 113 110 109 107 106 103 101 94 92 91 90 89 78
 4 -17 16 118 115 114 112 108 106 105 101 100 94 93 92 91 90 89 81
 7 -69 11 119 114 109 108 107 106 102 97 94 75 67
 1 -52 11 121 119 117 113 111 108 92 90 85 75 73
 3 -92 17 120 117 115 114 113 112 110 108 106 105 103 102 98 94 91 90 84
 8 -67 13 118 115 114 106 105 103 99 95 92 91 88 79 77
 5 -29 10 112 110 108 103 102 98 93 79 76 68
 6 -25 17 119 115 114 113 111 109 106 105 103 101 100 99 96 95 93 91 89
 1 -41 17 120 117 115 114 113 112 110 109 107 106 105 102 100 97 96 94 93
 9 0 15 118 113 110 109 108 105 104 103 102 101 100 97 90 88 85
 1 -79 12 118 112 111 110 108 107 103 102 101 98 90 78
 1 -37 12 114 113 112 108 107 106 103 102 101 99 95 90
 7 -61 10 120 117 116 110 106 104 103 101 97 94
 4 -31 9 121 119 117 111 108 106 102 100 96
 4 -68 7 105 101 99 97 96 93 92
 5 -74 7 110 109 108 107 102 91 89
 4 -93 6 112 111 103 101 98 90
 4 -39 6 111 106 101 99 96 91
 6 -95 6 114 109 108 101 97 89
 3 -52 6 111 110 106 98 96 91
 8 -34 6 109 105 103 101 99 97
 7 -79 5 101 100 99 96 89
 8 -17 5 110 109 106 102 99
 6 -24 5 106 103 101 97 96
 9 -13 4 105 104 100 89
 9 -100 4 109 107 100 96
 9 -34 4 116 108 107 96
 1 -76 2 105 84
 5 -67 3 100 97 96
 7 -66 3 112 98 96
 10 -45 3 103 102 97
 10 -60 3 113 108 99
 7 -49 3 100 99 97
 3 -30 2 104 100
 10 -12 2 107 98
 2 -86 2 105 98
 10 -28 2 103 101
 9 -38 1 89
 6 -36 1 98
 5 -92 1 96
 7 -11 1 97
 1 -91 1 102
 8 -68 1 104
 8 -52 1 99
 9 -53 1 97
 9 -79 1 122
 5 -97 1 122
 5 -80 1 122
 2 -92 1 122
 2 -90 1 122
 2 -87 1 122
 1 -62 1 122
 2 -14 1 122
 6 -72 1 122
 4 -19 1 122
 3 -10 1 122
 6 -69 1 122
 1 -57 1 122
 5 -39 1 122
 1 -37 1 122
 8 -78 1 122
 4 -6 1 122
 3 -18 1 122
 4 -32 1 122
 6 -82 1 122
 2 -86 1 122
 2 -7 1 122
 5 -33 1 122
 6 -90 1 122
 4 -39 1 122
 6 -60 1 122
 0 30685 0
