122
 0 -43 6 2 3 4 5 7 13
 4 -85 12 33 32 30 21 20 18 16 14 12 11 8 6
 1 -69 9 33 32 29 23 17 14 12 11 9
 7 -84 5 33 32 17 10 8
 8 -21 10 35 34 33 30 28 25 23 21 20 16
 2 -40 9 39 35 34 31 29 28 27 25 17
 8 -31 8 35 34 32 29 28 25 24 22
 10 -50 7 39 38 29 26 24 23 15
 6 -80 6 39 34 27 25 24 15
 3 -48 8 39 35 34 31 28 27 25 22
 1 -97 5 39 37 26 22 19
 8 -98 5 36 35 28 27 24
 5 -90 7 52 39 36 34 31 29 27
 6 -65 5 46 41 39 28 25
 10 -55 6 46 41 36 35 31 28
 9 -6 7 52 46 44 41 39 36 27
 9 -52 4 42 38 37 22
 7 -13 4 36 31 29 28
 3 -29 5 52 44 34 31 25
 8 -15 5 44 42 37 36 24
 8 -6 4 49 42 39 22
 8 -77 8 63 52 51 46 44 41 40 36
 1 -78 7 55 52 49 46 43 42 31
 6 -90 6 55 52 49 43 41 31
 2 -93 5 51 49 40 38 36
 10 -85 6 55 52 47 44 43 35
 6 -14 6 55 51 49 42 40 38
 1 -77 6 51 47 44 43 42 37
 8 -53 6 49 47 46 44 43 40
 8 -50 8 60 55 50 49 48 47 45 43
 7 -30 8 63 61 60 56 51 48 47 40
 2 -23 4 51 47 42 37
 9 -11 7 59 55 53 51 50 49 42
 4 -46 5 55 49 47 45 42
 1 -33 7 61 60 56 51 50 49 45
 6 -33 6 60 55 48 47 45 43
 6 -72 5 60 59 53 52 49
 8 -71 6 63 61 60 54 53 47
 2 -60 3 60 47 45
 8 -62 3 71 50 45
 9 -85 7 71 68 67 60 59 58 54
 1 -22 6 71 68 61 60 56 54
 8 -43 5 71 70 59 56 53
 7 -71 4 70 60 59 53
 9 -5 3 59 54 53
 7 -13 8 71 70 68 65 62 61 58 57
 2 -5 8 71 70 68 67 65 62 58 57
 10 -67 4 68 67 58 54
 5 -61 3 71 63 54
 8 -73 3 68 67 54
 7 -96 3 71 67 54
 9 -14 8 74 71 70 68 65 64 62 61
 10 -82 6 68 67 65 62 58 57
 7 -30 5 74 70 65 62 57
 3 -29 5 74 71 66 61 56
 8 -9 6 81 79 75 72 69 67
 9 -1 3 73 69 64
 4 -54 3 74 73 64
 9 -28 3 73 69 66
 5 -88 6 88 81 79 77 73 72
 1 -52 5 81 79 77 76 67
 9 -17 6 88 82 81 79 73 72
 9 -95 4 81 79 77 67
 2 -100 3 84 78 66
 8 -88 5 88 79 76 75 73
 7 -93 8 89 88 85 81 80 79 77 76
 6 -82 7 95 93 92 88 83 82 73
 7 -65 7 95 92 88 84 83 78 77
 5 -39 6 88 85 84 80 77 76
 7 -58 6 95 92 88 83 82 73
 4 -76 7 95 93 88 82 81 80 79
 10 -34 5 93 89 85 80 76
 8 -96 6 94 91 90 89 84 78
 4 -10 8 95 94 93 91 90 86 83 81
 3 -50 4 94 93 89 78
 4 -61 7 100 95 94 92 91 86 83
 1 -23 5 93 90 87 86 82
 4 -89 4 87 86 85 80
 1 -16 4 91 90 86 83
 9 -29 9 106 105 104 101 100 99 98 97 96
 1 -25 9 106 105 104 101 100 99 98 97 96
 3 -11 8 106 104 101 98 97 96 94 91
 5 -100 6 106 104 101 99 98 87
 2 -33 6 121 106 105 104 97 96
 10 -69 7 121 106 105 104 102 100 98
 1 -18 5 121 105 101 97 96
 4 -1 5 121 120 105 103 97
 8 -20 3 103 101 97
 4 -72 3 105 98 96
 2 -72 5 119 110 107 105 104
 2 -5 3 105 103 102
 5 -81 4 121 110 105 102
 7 -41 3 120 111 97
 6 -61 8 120 119 117 116 115 110 108 105
 5 -46 6 121 120 117 111 107 105
 4 -80 5 119 118 114 107 103
 3 -98 4 118 117 114 102
 1 -38 8 118 117 116 115 114 112 110 108
 7 -77 7 121 119 117 114 110 109 108
 9 -53 7 118 117 116 115 114 109 108
 1 -10 5 120 117 111 109 107
 8 -99 4 119 112 108 107
 4 -47 5 117 116 115 112 110
 9 -83 5 120 117 116 112 111
 7 -64 4 118 114 113 109
 5 -97 4 115 114 112 108
 8 -92 2 116 115
 7 -9 1 113
 8 -29 1 112
 9 -46 1 113
 1 -8 1 114
 9 -98 1 122
 10 -70 1 122
 10 -37 1 122
 8 -72 1 122
 9 -58 1 122
 7 -54 1 122
 9 -50 1 122
 10 -30 1 122
 6 -91 1 122
 4 -84 1 122
 0 32065 0
