122
 0 -68 13 2 3 4 5 6 7 8 9 12 14 16 17 23
 10 -22 13 46 38 36 34 31 30 29 28 27 24 22 15 11
 1 -63 11 36 35 31 29 28 24 20 19 18 15 13
 10 -7 7 35 28 26 25 18 13 10
 6 -46 8 37 35 31 29 24 21 18 13
 1 -63 7 37 35 31 27 26 20 13
 1 -45 11 52 49 42 39 38 35 34 32 31 24 15
 6 -94 9 50 42 37 34 33 32 31 20 19
 3 -99 11 52 50 48 45 44 42 39 35 32 29 15
 2 -32 11 52 50 45 40 39 38 37 36 33 27 24
 2 -30 15 54 53 52 50 48 45 44 42 41 40 39 37 35 33 32
 6 -99 15 52 50 49 48 45 42 41 40 39 38 37 35 33 32 29
 7 -50 15 54 53 52 51 49 48 46 45 44 42 41 40 38 33 32
 3 -95 9 63 54 52 43 41 37 33 31 28
 6 -11 12 77 68 63 56 55 54 53 43 41 40 37 33
 8 -11 14 77 65 62 55 54 53 52 51 49 48 47 45 43 38
 4 -1 11 61 58 57 54 49 48 47 43 41 37 30
 7 -1 13 71 63 60 57 56 55 54 53 52 51 48 43 33
 8 -6 13 77 71 63 56 55 53 51 48 47 44 43 41 40
 4 -37 10 62 56 54 52 49 48 47 44 39 38
 7 -94 11 70 60 59 58 57 53 50 45 42 41 39
 8 -17 9 77 68 55 54 51 44 41 40 33
 5 -5 13 77 71 68 63 58 57 56 55 54 48 44 43 41
 4 -37 13 82 71 68 63 62 61 60 59 54 53 51 48 44
 1 -40 10 77 68 65 64 63 61 58 55 54 37
 6 -87 7 77 69 65 60 57 48 33
 4 -37 11 82 77 72 67 62 59 57 55 54 51 42
 2 -32 7 65 62 60 53 50 45 39
 8 -98 13 72 71 70 67 66 65 64 62 60 59 58 56 51
 4 -11 12 82 72 71 67 66 65 64 62 60 56 55 51
 3 -73 7 77 65 64 62 57 48 45
 1 -66 9 72 70 66 65 62 60 57 55 43
 7 -4 11 80 76 73 72 70 67 64 62 61 58 47
 8 -27 6 62 60 59 56 53 41
 4 -14 13 82 80 78 75 73 72 70 67 66 64 62 58 56
 5 -59 8 79 78 75 71 66 64 56 49
 3 -1 12 86 83 82 80 76 75 72 71 67 62 59 51
 8 -51 10 95 73 71 68 67 66 64 63 60 57
 2 -96 13 95 85 81 80 78 77 75 73 71 68 67 64 55
 3 -84 8 72 70 69 67 64 62 60 57
 6 -32 11 95 83 82 78 76 73 72 69 67 66 65
 5 -36 9 78 76 73 69 68 66 65 64 63
 1 -55 9 95 88 86 82 79 75 67 64 59
 6 -68 9 86 79 75 73 72 69 67 66 64
 8 -80 8 82 78 75 72 71 68 67 56
 3 -63 9 88 83 82 79 77 74 70 68 59
 10 -57 9 95 93 89 82 79 75 74 66 59
 5 -61 14 107 101 95 89 87 86 85 83 81 80 79 78 74 70
 5 -13 10 98 95 88 86 82 80 72 69 68 67
 2 -33 14 101 98 95 93 91 89 88 87 86 85 83 82 76 72
 9 -92 11 101 99 95 94 88 87 85 78 74 73 69
 3 -89 10 98 97 93 91 88 86 85 80 76 64
 7 -63 12 101 99 98 94 93 89 87 85 80 78 74 69
 6 -79 10 101 93 87 86 83 80 78 76 74 69
 1 -11 10 107 101 99 96 91 89 87 86 79 74
 3 -11 12 106 102 101 99 98 97 95 93 88 85 84 76
 6 -100 10 101 99 98 93 91 87 86 85 78 76
 2 -90 8 107 100 95 93 87 86 79 74
 9 -77 12 121 120 107 101 99 98 91 90 87 85 81 78
 7 -65 8 98 97 94 89 86 80 75 74
 2 -42 11 121 107 102 101 100 99 98 91 85 84 78
 10 -61 9 121 101 99 94 91 89 88 84 81
 3 -22 9 107 106 100 97 96 94 93 86 74
 5 -90 7 121 106 101 96 89 83 74
 7 -75 6 101 99 91 87 75 74
 3 -69 10 120 100 99 98 97 94 90 88 85 81
 8 -15 6 99 96 93 89 87 74
 2 0 13 121 120 119 118 116 115 107 103 97 96 94 90 89
 10 -61 8 120 107 102 100 97 91 90 81
 3 -75 12 121 116 115 106 103 102 100 97 96 93 92 91
 9 -71 9 120 117 101 99 97 96 94 90 88
 1 -6 7 120 106 105 97 94 90 81
 3 -35 9 119 118 116 115 102 100 98 93 90
 4 -11 7 118 116 115 105 103 102 84
 8 -20 7 121 115 106 103 102 100 84
 6 -81 5 121 120 107 100 81
 1 -21 6 118 115 107 105 96 87
 1 -29 8 117 116 115 106 105 103 96 92
 1 -84 7 121 119 117 115 106 98 94
 3 -48 6 121 117 116 105 96 90
 3 -9 9 118 117 116 115 112 111 110 103 96
 7 -17 11 121 119 117 116 114 113 112 111 110 105 104
 7 -79 7 118 117 111 110 104 103 99
 5 -62 3 120 119 90
 4 -29 9 119 118 116 115 113 112 111 108 104
 5 -60 8 117 115 114 113 112 110 105 104
 7 -99 4 116 102 97 92
 6 -53 8 118 116 115 114 113 112 111 108
 8 -92 5 113 111 105 104 100
 4 -16 2 114 92
 6 -6 5 119 111 110 105 104
 1 -81 5 112 111 110 108 104
 5 -32 5 117 114 111 108 104
 5 -42 4 112 108 104 102
 5 -25 5 121 112 110 109 108
 5 -35 4 114 113 108 104
 7 -32 4 112 111 110 104
 1 -21 4 114 113 111 108
 4 -97 3 115 112 105
 2 -9 3 110 109 108
 2 -35 3 111 110 109
 7 -58 2 110 109
 7 -40 2 113 108
 8 -43 1 109
 2 -46 1 108
 6 -32 1 108
 7 -82 1 110
 1 -26 1 122
 6 -40 1 122
 8 -30 1 122
 2 -46 1 122
 8 -66 1 122
 2 -39 1 122
 4 -26 1 122
 8 -34 1 122
 5 -58 1 122
 2 -27 1 122
 9 -96 1 122
 9 -48 1 122
 9 -10 1 122
 7 -79 1 122
 0 28805 0
