122
 0 -69 8 2 3 4 7 8 11 13 17
 3 -14 4 12 10 9 5
 2 -59 5 25 20 19 12 6
 2 -11 9 34 27 26 25 22 21 20 19 16
 3 -7 9 39 34 27 26 23 22 20 19 18
 9 -4 9 40 34 30 27 26 23 22 21 16
 9 -98 5 28 22 21 19 14
 7 -50 10 39 35 34 33 28 27 26 25 24 22
 2 -38 7 40 39 27 26 24 22 15
 5 -64 8 35 34 33 30 26 25 24 22
 5 -80 6 40 34 30 26 22 15
 3 -21 7 40 34 33 29 28 27 21
 6 -4 9 41 38 36 33 32 31 28 27 25
 3 -73 6 41 33 31 27 25 24
 3 -81 8 41 38 36 33 32 31 29 28
 1 -57 7 39 38 36 35 33 32 28
 5 -49 5 36 35 33 29 24
 8 -37 8 50 41 40 38 32 31 29 28
 5 -2 5 41 40 33 29 24
 1 -87 6 43 40 36 35 33 29
 4 -65 5 39 38 36 35 32
 10 -70 6 50 43 42 41 36 31
 1 -31 4 43 41 33 29
 8 -72 3 42 38 32
 2 -20 3 50 43 29
 9 -57 6 50 48 47 43 42 37
 6 -89 6 51 50 48 44 42 37
 1 -89 7 52 48 47 45 44 43 42
 2 -93 5 51 47 44 42 37
 9 -90 3 51 41 37
 4 -56 9 57 54 52 51 49 48 47 46 44
 6 -76 8 57 52 49 48 47 46 45 44
 4 -99 8 62 57 56 52 50 48 45 42
 3 -73 3 51 42 37
 1 -30 6 54 52 51 50 44 41
 8 -94 2 51 37
 7 -90 7 62 57 56 52 49 46 45
 1 -39 6 62 54 53 52 47 43
 1 -25 8 66 62 61 57 55 54 51 48
 7 -66 4 62 55 54 42
 8 -14 5 65 62 56 47 46
 10 -82 4 67 65 49 46
 2 -50 3 55 51 46
 5 -48 7 69 63 62 61 56 55 53
 9 -41 6 64 63 60 58 55 54
 7 -48 9 72 69 66 64 63 61 60 59 58
 7 -27 9 72 69 67 64 63 61 60 59 58
 10 -12 6 69 65 63 60 59 53
 10 -94 5 69 66 63 59 53
 4 -2 5 75 67 66 65 53
 8 -34 7 77 72 68 67 65 59 58
 6 -41 9 79 78 76 75 72 71 70 69 68
 6 -74 7 78 77 72 70 68 64 58
 1 -99 8 84 79 78 75 74 72 69 65
 8 -19 5 79 71 68 67 65
 1 -97 3 75 70 60
 3 -60 8 88 84 80 79 78 75 74 70
 7 -25 8 88 87 81 79 76 74 73 71
 2 -16 7 88 84 82 79 75 74 70
 2 -84 6 89 88 81 80 76 68
 1 -40 8 89 88 87 83 79 78 74 71
 5 -91 9 88 87 86 84 82 81 79 73 72
 7 -31 12 93 92 91 89 87 86 84 83 81 80 79 76
 1 -56 9 91 89 88 87 86 84 81 76 73
 4 -84 4 93 86 76 70
 4 -19 8 91 88 87 85 84 83 76 74
 10 -1 8 93 91 88 87 86 81 78 76
 1 -19 5 91 87 84 74 73
 7 -92 7 92 91 88 87 86 80 77
 5 -19 5 91 89 87 81 73
 5 -3 6 96 91 86 84 82 80
 2 -6 7 99 98 96 93 91 89 85
 2 0 4 98 92 85 83
 4 -33 7 99 96 95 94 93 92 86
 2 -37 6 98 95 91 87 86 85
 6 -58 4 96 95 94 82
 2 -26 4 100 98 90 83
 8 -47 5 98 95 94 92 85
 9 -86 7 107 104 100 99 98 95 90
 1 -15 4 102 99 94 85
 10 -62 9 107 106 104 103 100 99 98 97 95
 7 -19 7 107 104 102 100 99 98 90
 10 -28 7 107 104 103 99 96 95 94
 2 -52 7 110 107 106 103 100 99 95
 7 -96 4 107 104 100 90
 9 -29 4 121 107 104 90
 10 -36 3 121 102 90
 7 -86 8 120 119 108 107 106 101 100 97
 8 -83 4 110 107 100 95
 6 -64 8 120 119 109 108 106 103 101 97
 1 -87 7 120 119 108 107 102 101 100
 2 -14 10 121 120 119 113 110 109 108 106 105 103
 9 -23 6 120 119 108 105 102 100
 6 -29 5 120 119 108 106 97
 3 -33 5 120 119 116 102 101
 1 -52 8 119 117 114 112 110 109 108 102
 5 -15 7 117 116 115 113 111 110 105
 7 -23 6 121 119 113 109 108 105
 6 -65 4 119 113 108 105
 9 -70 5 121 117 116 112 109
 1 -54 4 117 113 111 105
 10 -56 3 118 115 113
 10 -44 3 117 116 111
 7 -5 3 113 112 111
 6 -43 2 114 112
 9 -1 2 116 114
 6 -4 2 116 111
 2 -43 1 111
 7 -88 1 115
 7 -65 1 118
 8 -98 1 122
 5 0 1 122
 9 -43 1 122
 7 -68 1 122
 10 -57 1 122
 10 -81 1 122
 5 -25 1 122
 3 -11 1 122
 10 -36 1 122
 5 -27 1 122
 7 -34 1 122
 0 29040 0
