122
 0 -86 26 2 3 4 5 6 7 8 9 10 12 13 15 16 17 18 20 23 24 25 26 27 29 30 37 42 43
 4 -89 11 72 61 58 56 55 50 40 33 21 19 11
 10 -54 11 72 56 53 50 48 47 46 44 36 32 14
 4 -66 18 87 75 72 71 61 59 58 53 50 49 48 46 44 41 40 39 33 31
 1 -70 14 87 72 66 63 60 55 54 53 48 46 44 40 34 32
 8 -94 13 72 65 64 63 59 56 54 48 46 44 40 38 22
 5 -26 13 87 72 71 64 58 57 54 53 47 46 45 33 32
 5 -9 22 96 88 87 77 75 71 68 67 66 65 64 63 61 60 59 54 52 49 48 46 44 40
 1 -98 22 87 77 76 75 71 68 66 65 64 61 60 59 57 56 55 53 50 49 48 46 44 40
 3 -84 14 77 69 66 65 59 55 52 51 50 48 46 41 40 33
 2 -2 15 94 88 87 86 71 70 69 66 63 60 57 53 48 46 32
 7 -74 15 96 87 77 72 71 69 67 66 58 57 52 50 47 40 36
 7 -46 13 96 85 72 71 67 66 65 61 59 57 52 51 28
 4 -57 15 88 87 77 75 69 66 65 61 59 58 57 52 49 40 33
 2 -7 13 96 88 87 77 76 72 71 65 61 54 49 35 33
 9 -85 11 94 79 71 70 66 63 60 55 51 46 32
 10 -86 21 118 88 87 86 85 83 77 73 72 71 70 69 68 67 66 65 62 61 57 55 52
 1 -51 13 96 87 76 72 71 68 67 63 62 60 47 45 41
 2 -80 15 96 95 84 79 77 70 66 65 64 63 62 54 52 47 44
 6 -47 10 95 79 71 59 54 53 47 45 44 38
 5 -93 8 94 88 87 86 66 57 46 32
 6 -84 16 118 96 87 86 84 83 77 75 71 70 69 68 62 60 55 49
 3 -46 14 94 87 83 77 75 74 71 67 66 64 63 60 52 49
 2 -60 13 96 95 90 87 84 78 77 72 71 69 64 63 40
 9 -19 10 121 96 94 74 70 68 66 65 49 41
 7 -21 19 120 119 95 90 87 85 84 83 79 77 76 75 74 73 70 68 67 64 62
 8 -80 13 118 87 83 77 76 74 71 67 66 65 62 58 49
 8 -83 18 120 119 118 95 93 88 86 84 83 78 77 75 74 73 70 63 62 58
 2 -27 13 121 94 93 88 86 84 82 74 67 66 65 52 44
 7 -8 12 119 116 96 94 83 75 73 71 70 55 51 50
 2 -51 15 120 118 96 93 85 81 79 77 74 73 69 67 66 62 52
 6 -93 15 121 119 118 96 95 92 83 77 75 73 68 67 65 59 52
 2 -57 15 119 117 93 90 86 84 83 81 79 74 73 70 68 67 62
 6 -11 12 121 120 95 89 84 79 78 76 70 65 64 47
 4 -30 10 95 94 93 91 84 83 82 80 66 44
 7 -60 17 121 119 118 114 94 92 91 90 88 86 84 78 74 70 68 65 63
 10 -70 21 120 118 117 114 113 112 107 102 94 92 91 90 88 86 85 83 82 81 77 74 70
 8 -17 13 121 120 112 94 92 89 84 82 74 70 67 66 52
 3 -12 13 119 110 94 91 90 83 82 79 78 74 68 65 64
 6 -41 12 118 117 111 106 101 93 85 83 79 73 70 62
 6 -46 17 120 119 115 114 113 111 105 92 91 90 88 86 84 83 78 73 64
 2 -9 20 120 119 118 117 115 114 110 107 102 101 93 92 89 85 81 80 79 78 74 66
 1 -29 20 121 119 116 115 114 113 111 108 102 96 95 93 91 86 85 82 80 78 76 73
 3 -52 15 120 118 115 114 113 112 111 104 101 92 90 85 81 73 69
 2 -51 11 121 114 112 101 93 92 90 85 74 69 66
 3 -8 17 119 115 114 112 110 107 103 102 101 90 89 85 83 81 80 78 74
 7 -22 16 119 118 117 114 112 110 109 107 105 102 92 90 88 83 80 74
 5 -17 17 121 118 117 115 114 112 110 109 105 102 101 99 93 89 82 80 74
 6 -37 15 120 119 107 104 102 101 95 93 92 89 85 82 81 79 78
 1 -12 10 121 118 111 110 104 92 91 86 84 63
 1 -89 17 121 120 114 112 111 107 105 103 102 101 95 91 90 89 87 81 80
 8 -67 11 116 115 113 110 103 102 91 90 80 78 76
 10 -29 14 118 115 114 113 111 106 105 104 102 101 100 99 97 73
 4 -85 13 118 114 113 112 107 106 105 103 93 89 86 81 80
 2 -75 12 120 113 112 108 102 101 95 91 90 89 80 78
 9 -96 13 121 114 113 111 110 102 101 99 93 91 90 82 80
 10 -94 12 116 111 107 105 102 101 99 95 93 92 89 79
 9 -32 11 115 111 110 107 105 99 91 90 82 80 79
 8 -31 9 120 115 107 101 99 90 84 80 74
 6 -72 14 121 114 112 111 110 108 107 105 103 102 97 95 93 91
 3 -70 12 120 119 113 107 106 105 104 101 94 89 84 81
 3 -56 10 121 116 114 112 102 94 92 91 82 80
 9 -77 12 115 109 108 107 106 105 102 101 99 97 89 82
 2 -62 9 118 107 106 103 102 101 93 81 80
 7 -88 11 117 112 107 105 104 102 101 100 99 98 97
 2 -57 9 113 109 105 104 103 100 99 98 97
 4 -64 6 114 108 104 100 98 78
 4 -95 8 115 113 111 105 103 101 99 97
 9 -20 8 119 117 116 110 107 105 102 97
 7 -91 6 115 110 108 99 98 80
 2 -95 5 109 103 102 89 81
 9 -88 6 120 112 103 102 101 100
 1 -7 5 110 109 107 103 89
 7 -98 5 116 111 108 106 97
 4 -69 5 117 106 104 99 97
 4 -66 4 117 107 105 101
 4 -30 3 110 101 89
 6 -6 3 109 106 99
 9 -86 3 113 112 97
 10 -10 2 104 97
 2 -89 2 108 99
 7 -82 2 103 100
 5 -24 2 99 98
 10 -42 2 102 98
 3 -27 2 105 97
 2 -2 2 101 97
 6 -62 2 108 100
 9 -64 2 103 101
 10 -62 1 98
 6 -42 1 100
 5 -95 1 98
 4 -74 1 97
 8 -25 1 100
 7 -9 1 109
 5 -86 1 106
 2 -72 1 99
 1 -29 1 122
 4 -96 1 122
 6 -6 1 122
 7 -12 1 122
 8 -40 1 122
 2 -18 1 122
 1 -10 1 122
 2 -52 1 122
 5 -88 1 122
 2 -90 1 122
 9 -74 1 122
 2 -70 1 122
 8 -29 1 122
 7 -83 1 122
 9 -32 1 122
 10 -80 1 122
 1 -15 1 122
 6 -54 1 122
 9 -6 1 122
 8 -96 1 122
 2 -73 1 122
 9 -98 1 122
 6 -56 1 122
 4 -92 1 122
 6 -97 1 122
 0 -32461 0
