122
 0 -97 18 2 3 4 5 6 7 8 9 10 11 12 13 14 17 20 23 26 29
 9 -76 13 49 48 46 39 37 36 35 32 31 30 28 25 24
 7 -81 11 49 43 42 40 38 33 25 24 22 19 16
 7 -1 10 46 43 40 36 33 32 25 22 21 19
 7 -17 9 49 42 40 36 32 27 25 22 15
 2 -25 10 52 49 43 40 37 36 31 27 22 18
 2 -33 12 52 51 49 48 46 42 40 39 36 35 33 22
 5 -23 11 46 43 42 41 39 37 36 35 31 25 22
 2 -48 10 51 49 42 40 39 35 34 32 30 22
 2 -42 15 65 59 58 50 49 48 47 46 44 43 42 39 38 33 31
 7 -96 11 61 59 48 47 43 42 41 39 36 33 25
 6 -95 14 61 59 55 52 50 48 47 43 42 41 39 36 35 34
 8 -17 12 65 61 56 55 54 51 50 49 48 45 41 30
 9 -81 13 65 63 60 59 58 48 45 44 41 39 38 34 31
 3 -38 12 65 63 61 58 51 48 47 41 39 37 34 33
 8 -73 13 61 59 58 55 52 51 50 48 47 41 39 36 34
 3 -42 8 61 60 56 55 49 47 40 25
 3 -66 15 73 71 69 65 61 59 58 55 54 50 48 47 45 44 42
 7 -64 14 73 71 65 63 61 60 58 55 50 48 47 44 41 39
 10 -46 11 73 65 59 56 51 50 49 48 47 41 31
 9 -30 10 61 58 55 49 48 45 44 42 38 34
 8 -69 15 77 73 71 69 65 61 60 59 58 55 54 50 47 45 44
 4 -15 15 77 76 73 72 69 63 61 60 58 57 56 54 53 51 48
 2 -96 8 72 65 61 58 56 45 41 34
 7 -22 6 65 63 58 50 45 34
 1 -89 13 77 76 73 72 71 69 61 60 57 56 54 51 48
 10 -45 6 72 61 59 56 51 34
 7 -27 8 76 73 71 65 54 51 50 40
 3 -42 8 71 69 61 58 54 53 45 44
 5 -84 7 72 60 59 58 57 47 38
 8 -46 10 77 75 71 69 67 66 61 55 54 53
 3 -67 10 76 69 68 64 63 62 59 56 54 52
 5 -11 6 72 68 56 55 53 45
 3 -58 12 84 77 76 75 73 71 69 68 64 62 57 54
 5 -68 5 75 71 62 58 44
 10 -85 8 76 75 72 68 67 65 62 56
 10 -46 7 81 79 77 75 69 67 50
 6 -39 10 84 82 76 75 73 71 69 68 64 62
 7 -44 9 81 79 76 72 69 67 62 57 54
 1 -56 10 84 82 79 75 74 72 69 66 64 57
 4 -64 9 84 82 79 77 76 68 66 62 57
 2 -71 9 84 82 79 77 75 72 62 60 57
 8 -21 9 82 75 74 71 70 68 67 66 64
 8 -57 6 76 70 68 67 64 56
 5 -32 7 82 79 75 67 66 62 57
 3 -47 6 84 81 72 71 70 56
 3 -54 8 104 93 91 87 81 75 67 62
 2 -80 7 93 87 84 82 79 64 62
 5 -94 7 104 102 84 82 77 63 62
 2 -13 5 93 87 82 72 53
 2 -98 9 104 96 88 83 80 79 75 67 66
 7 -79 9 104 93 88 85 81 75 74 70 67
 3 -49 4 104 91 84 62
 2 -10 13 121 104 103 102 93 91 90 88 87 86 85 82 70
 10 -6 11 121 104 103 96 90 86 85 82 80 76 70
 5 -73 13 121 119 104 101 94 93 92 88 87 85 82 79 74
 10 -3 12 104 103 102 93 91 90 89 88 87 86 85 70
 2 -34 11 121 101 94 92 87 85 84 83 81 79 74
 8 -36 9 104 102 96 93 91 88 85 75 67
 1 -52 10 121 101 93 92 91 88 83 81 78 74
 4 -9 10 121 120 101 95 94 93 92 88 83 68
 8 -70 7 121 96 88 85 80 74 70
 10 -42 6 93 88 85 79 74 70
 10 -64 13 121 120 117 101 100 98 95 92 91 90 81 80 78
 4 -95 13 120 118 100 99 95 93 92 88 87 86 85 84 78
 1 -22 11 121 117 116 102 95 93 92 90 89 85 78
 2 -93 10 120 118 103 101 100 99 92 86 84 78
 4 -11 7 104 103 99 89 86 85 81
 6 -54 15 120 119 118 117 116 115 112 103 102 99 95 94 93 92 85
 9 -34 10 120 118 117 101 100 99 95 92 83 78
 1 -46 10 119 102 101 100 99 96 94 88 85 79
 3 -7 9 117 102 101 100 98 95 92 80 78
 2 -50 15 121 120 119 118 117 116 115 114 112 102 101 100 99 97 85
 9 -98 8 120 103 98 97 95 90 89 86
 6 -61 12 121 120 117 116 115 107 101 98 97 95 92 89
 7 -36 10 120 116 115 113 102 98 95 93 92 89
 10 -98 9 119 105 101 100 99 98 96 91 86
 5 -93 11 119 115 114 113 112 111 109 107 106 105 94
 5 -31 9 117 116 115 114 113 112 105 98 91
 7 -87 11 118 116 115 114 111 110 109 106 105 99 97
 3 -51 9 119 115 113 110 109 106 102 97 96
 4 -30 10 118 113 112 111 110 108 107 106 105 98
 3 -34 8 116 114 110 107 106 105 98 97
 4 -26 8 116 113 111 108 107 106 105 98
 7 -51 7 113 111 108 107 106 105 98
 3 -57 6 117 115 114 113 111 107
 3 -56 4 110 106 105 96
 8 -12 5 117 110 109 107 105
 7 -28 4 118 112 105 100
 1 -92 4 109 108 105 99
 3 -57 4 111 109 106 97
 10 -49 3 114 111 108
 5 -39 3 111 107 106
 2 -42 2 110 97
 9 -64 2 110 106
 2 -75 2 112 107
 3 -76 1 108
 2 -11 1 109
 7 -56 1 107
 6 -48 1 106
 1 -7 1 110
 8 -12 1 105
 7 -31 1 105
 9 -18 1 116
 3 -21 1 122
 9 -19 1 122
 5 -58 1 122
 10 -99 1 122
 4 -51 1 122
 8 -87 1 122
 3 -21 1 122
 9 -34 1 122
 6 -99 1 122
 4 -84 1 122
 4 -29 1 122
 5 -79 1 122
 2 -16 1 122
 4 -31 1 122
 7 -14 1 122
 5 -62 1 122
 1 -50 1 122
 0 30250 0
