32
 0 -62 2 2 3
 8 -89 2 6 4
 7 -1 2 6 5
 2 -55 4 11 9 8 7
 9 -7 4 11 9 8 7
 6 -68 2 10 8
 2 -6 3 19 12 10
 5 -57 5 19 16 15 13 12
 4 -77 4 19 16 15 12
 2 -41 3 16 14 13
 10 -33 3 14 13 12
 6 -18 4 26 21 18 17
 1 -32 4 26 21 18 17
 5 -38 2 17 15
 10 -56 5 26 24 22 21 20
 1 -11 2 21 17
 1 -84 3 24 22 20
 2 -80 3 24 22 20
 4 -18 3 26 24 21
 5 -3 4 29 28 25 23
 8 -40 3 29 28 23
 5 -30 2 29 23
 3 -57 2 31 27
 6 -4 2 30 28
 8 -23 2 31 27
 6 -41 2 31 27
 7 -12 1 30
 1 -33 1 31
 5 -35 1 30
 2 -31 1 32
 9 -46 1 32
 0 5940 0
