122
 0 -28 19 2 3 4 5 6 7 8 9 10 12 13 14 15 16 19 20 22 23 27
 8 -48 11 45 37 35 34 29 26 25 24 21 17 11
 9 -5 11 61 46 39 37 36 35 30 26 24 21 18
 2 -48 8 54 50 45 34 33 29 17 11
 5 -48 12 55 50 45 42 40 39 38 37 36 26 25 18
 4 -80 14 61 58 50 49 46 44 40 39 38 37 36 32 28 26
 1 0 11 54 51 41 40 39 38 36 34 28 26 24
 6 -100 8 61 49 46 45 39 37 28 17
 7 -80 7 52 43 40 35 34 33 25
 9 -97 12 61 58 57 49 48 46 42 41 40 38 36 35
 5 -80 10 71 61 58 57 51 46 44 39 38 28
 1 -18 11 62 61 58 56 53 51 46 44 42 40 34
 9 -96 10 60 58 52 50 49 47 40 39 37 35
 2 -91 10 73 71 57 52 49 48 47 39 38 35
 2 -76 13 72 71 68 61 59 58 57 55 49 44 42 39 36
 1 -59 11 81 71 60 57 52 48 47 44 41 36 35
 8 -32 10 60 59 58 57 55 52 51 41 36 31
 1 -87 10 73 58 56 54 53 52 51 47 43 34
 7 -5 10 70 59 57 55 54 46 42 40 39 33
 3 -49 8 57 55 50 49 46 43 42 29
 8 -54 11 67 59 58 57 52 50 49 47 44 43 38
 10 -87 5 71 58 38 36 28
 9 -18 10 61 58 54 53 52 51 47 44 40 39
 1 -10 13 73 67 62 60 59 58 56 55 53 50 44 43 42
 9 -46 11 73 64 58 57 56 54 53 49 47 46 44
 3 -61 11 73 68 67 65 63 62 56 53 52 48 43
 6 -82 9 72 70 63 62 59 56 53 51 40
 10 -14 8 73 70 67 60 55 48 47 42
 8 -31 7 72 70 64 61 52 40 39
 7 -72 9 75 72 70 64 63 62 57 56 40
 1 -21 8 75 72 70 64 63 62 56 40
 2 -72 13 81 77 73 72 71 70 68 67 66 65 63 55 51
 2 -70 10 81 79 77 73 71 66 65 64 53 47
 6 -86 9 81 75 67 66 65 63 57 49 48
 1 -23 10 80 77 72 67 66 65 62 55 53 51
 3 -54 11 82 80 79 78 77 74 73 67 65 63 53
 10 -76 10 81 80 78 76 75 70 68 63 62 57
 9 -7 9 85 77 69 68 64 63 60 56 53
 6 -90 8 85 81 79 78 75 63 62 56
 10 -55 12 87 81 79 78 77 76 74 73 71 68 67 65
 5 -29 10 85 79 78 77 76 75 66 64 63 62
 4 -42 8 87 85 80 77 66 65 64 52
 8 -38 12 88 87 84 81 80 76 75 72 71 70 69 64
 3 -77 11 82 80 79 78 77 76 75 74 70 66 65
 7 -54 8 78 77 76 75 72 69 63 58
 9 -25 9 81 79 78 77 76 74 72 67 65
 7 -48 8 85 78 75 74 72 68 63 62
 3 -31 6 87 78 77 76 69 59
 7 -90 9 101 100 88 87 84 82 78 70 69
 3 -92 9 91 88 87 81 77 75 74 69 68
 7 -48 5 78 76 75 69 64
 3 -65 9 121 101 88 84 83 79 76 75 69
 7 -81 12 121 102 101 98 91 88 87 86 84 83 76 75
 9 -57 9 101 100 91 87 85 84 82 74 69
 9 -41 8 121 101 91 88 85 84 76 69
 7 -20 7 103 86 82 80 76 74 66
 7 -22 10 102 101 100 90 88 87 84 82 79 74
 7 -17 6 101 84 83 82 74 70
 7 -92 5 100 90 88 84 64
 3 -58 10 103 102 101 95 91 88 84 80 76 74
 3 -69 11 121 117 101 100 94 91 89 87 84 81 75
 6 -15 7 118 100 91 90 87 83 69
 5 -1 11 118 116 103 102 101 100 88 87 86 84 83
 4 -83 7 102 101 99 91 83 82 74
 9 -60 6 101 100 99 93 88 69
 1 -10 13 121 119 118 101 100 99 95 93 92 91 90 89 83
 10 -64 9 120 118 115 94 90 88 86 85 84
 10 -5 14 121 120 118 116 114 113 101 100 99 97 96 94 90 86
 2 -94 13 120 116 115 114 113 103 102 98 97 96 95 94 86
 9 -93 13 120 119 118 115 103 102 99 96 93 92 91 90 85
 10 -94 9 118 116 113 103 100 99 95 92 83
 4 -85 11 120 116 115 113 101 100 96 95 94 93 86
 4 -65 14 121 119 118 116 114 113 111 102 99 97 96 93 92 89
 8 -79 13 121 120 118 117 116 115 114 113 98 97 93 92 89
 3 -98 14 120 119 118 116 115 114 113 109 103 99 97 96 93 92
 8 -22 11 118 117 115 114 100 99 97 96 94 92 90
 9 -9 8 121 116 115 111 97 95 92 84
 4 -19 5 119 108 99 92 83
 6 -65 10 119 118 114 113 111 99 96 93 91 89
 8 -26 9 118 117 113 99 98 96 94 93 92
 1 -48 8 118 116 114 113 109 98 96 92
 7 -19 7 121 119 112 96 95 94 93
 10 -64 8 120 117 115 114 107 97 96 94
 7 -47 8 114 113 112 110 109 108 96 93
 10 -29 7 116 113 112 111 110 97 95
 2 -14 5 119 117 104 92 89
 1 -78 6 115 113 111 99 95 93
 7 -94 8 113 111 109 108 107 106 105 104
 8 -43 6 112 110 109 108 107 105
 3 -88 6 112 109 108 106 105 104
 6 -2 5 110 109 108 106 104
 10 -94 4 112 110 107 106
 9 -100 4 107 106 105 104
 6 -30 4 111 110 109 104
 10 -31 4 108 107 105 104
 3 -36 3 106 105 104
 4 -28 2 106 104
 1 -7 2 111 104
 2 -69 1 107
 3 -11 1 105
 8 -21 1 111
 1 -5 1 104
 5 -5 1 108
 5 -68 1 122
 10 -60 1 122
 1 -62 1 122
 6 -12 1 122
 2 -77 1 122
 9 -10 1 122
 2 -10 1 122
 2 -88 1 122
 7 -37 1 122
 2 -62 1 122
 8 -23 1 122
 5 -94 1 122
 10 -85 1 122
 8 -91 1 122
 1 -37 1 122
 4 -29 1 122
 7 -37 1 122
 4 -49 1 122
 0 30665 0
