32
 0 -12 2 2 3
 10 -46 3 7 6 4
 4 -51 3 9 8 5
 7 -99 4 12 11 9 8
 6 -41 5 21 14 12 11 10
 6 -65 5 21 14 12 11 10
 3 -84 4 21 17 14 12
 4 -83 3 21 14 10
 5 -100 3 21 14 10
 3 -90 3 20 17 13
 6 -77 3 18 16 15
 10 -32 2 20 13
 6 -2 2 18 16
 6 -29 2 19 15
 7 -75 3 25 22 20
 1 -11 2 22 19
 1 -6 2 22 18
 5 -67 3 29 25 23
 9 -96 2 25 23
 2 -79 2 29 23
 10 -25 1 22
 7 -62 3 29 28 24
 7 -55 2 28 24
 3 -15 2 27 26
 6 -14 2 27 26
 6 -93 1 30
 3 -3 1 30
 10 -16 1 30
 6 -47 1 30
 6 -29 1 31
 1 -73 1 32
 0 7885 0
