122
 0 -42 28 2 3 4 5 6 7 8 9 10 11 12 13 15 16 17 18 19 22 23 24 25 27 28 29 30 31 32 33
 9 -84 12 90 80 69 62 59 56 45 44 38 35 26 14
 3 -74 15 90 80 71 70 64 63 60 58 46 45 43 41 39 38 20
 3 -5 20 90 82 80 72 69 66 62 61 59 57 54 53 49 48 47 44 43 42 37 35
 1 -72 21 90 80 75 72 71 69 68 67 66 63 59 58 57 56 54 52 51 50 49 43 36
 9 -53 16 80 78 75 72 68 65 62 59 55 53 50 46 45 43 40 34
 3 -19 16 90 80 71 70 69 68 63 59 53 48 47 46 40 39 38 37
 2 -100 10 79 70 69 66 64 54 53 47 45 21
 2 -39 13 90 81 79 75 70 69 59 56 45 44 43 38 34
 4 -32 18 118 90 82 81 79 77 75 73 70 69 68 66 63 59 57 56 54 38
 9 -20 13 99 90 82 71 67 65 63 60 59 58 57 47 37
 7 -83 12 80 79 69 64 55 53 49 47 46 45 44 43
 3 -62 13 90 83 72 69 63 59 58 57 55 49 47 40 39
 9 -90 9 78 70 68 66 57 55 43 39 34
 7 -95 17 99 96 82 81 75 74 73 71 69 68 65 62 61 59 56 53 45
 1 -74 16 120 98 95 90 86 83 80 79 72 69 68 63 57 55 47 43
 3 -36 11 98 82 71 69 68 67 53 52 47 43 41
 9 -31 19 117 99 82 80 77 75 74 73 72 71 68 67 66 65 63 59 57 56 55
 8 -89 16 120 82 81 80 79 78 77 75 71 64 60 57 55 54 49 43
 7 -41 10 118 83 68 65 62 57 55 53 47 40
 8 -3 9 96 90 81 75 72 68 67 58 34
 10 -2 13 118 99 82 79 77 73 70 65 59 57 56 53 38
 6 -40 17 90 85 83 82 81 80 79 78 77 75 73 72 69 67 61 53 48
 1 -19 17 119 99 98 90 82 81 79 78 74 70 69 68 67 63 58 57 56
 3 -88 16 120 97 90 85 78 75 74 73 72 71 68 66 60 59 56 50
 6 -10 10 120 86 79 72 68 65 57 55 47 43
 1 -34 21 121 119 118 99 98 97 96 89 82 81 78 77 75 74 73 71 70 68 67 59 57
 9 -2 12 121 120 86 81 78 75 72 71 58 57 49 43
 1 -40 17 120 119 95 90 89 83 82 81 78 75 74 73 68 63 58 57 55
 10 -5 16 98 96 95 86 83 82 81 74 73 68 67 66 63 58 57 54
 3 -77 13 116 99 96 86 82 81 80 78 75 73 69 58 45
 7 -9 13 121 119 117 98 90 83 82 81 75 67 59 57 43
 7 -69 22 121 120 118 116 98 97 96 95 90 89 86 83 81 80 78 77 76 75 74 73 72 57
 3 -86 13 121 119 118 99 86 83 82 74 73 71 63 52 49
 3 -72 15 121 119 114 113 98 96 94 91 85 81 78 74 71 68 58
 8 -31 16 118 117 111 99 98 95 94 93 89 88 86 83 82 79 73 55
 3 -95 15 119 116 111 98 97 94 93 89 88 83 79 78 74 73 55
 2 -48 17 121 114 111 110 98 95 94 93 89 86 85 83 78 76 74 72 67
 1 -25 16 118 117 111 110 99 98 95 93 92 88 86 85 79 76 75 67
 2 -25 14 117 111 99 95 94 93 89 88 87 85 82 79 74 67
 4 -34 13 119 118 116 95 89 88 87 86 84 83 78 76 57
 2 -76 18 120 119 117 116 114 113 112 99 97 96 94 93 91 85 77 76 74 68
 3 -6 18 118 116 114 112 111 99 97 96 94 93 91 89 88 87 85 76 74 73
 10 -57 13 118 117 115 111 97 96 95 86 85 83 76 68 67
 9 -54 12 120 117 98 97 95 89 88 87 84 83 77 57
 7 -26 10 119 116 109 99 96 91 88 74 73 57
 9 -23 11 121 116 113 111 85 84 81 78 77 75 74
 4 -72 16 118 117 114 112 111 110 109 107 96 95 93 91 89 87 84 74
 6 -13 16 115 114 113 112 111 110 107 98 95 93 92 91 89 88 87 84
 9 -43 15 118 116 115 114 113 111 96 94 92 91 88 87 81 77 76
 7 0 13 116 113 111 110 99 98 97 94 93 89 88 87 84
 7 -8 16 117 115 113 112 111 110 109 108 107 105 95 94 93 92 91 84
 3 -29 12 120 119 114 111 103 97 95 91 88 86 84 76
 6 -13 12 119 116 114 110 106 101 99 97 92 87 85 76
 5 -74 11 121 115 114 112 107 96 92 87 85 84 76
 6 -13 12 115 114 113 111 107 106 102 100 95 92 89 83
 7 -49 15 115 114 112 111 110 108 107 106 105 102 101 94 93 92 85
 3 -21 8 118 115 97 93 88 84 77 76
 4 -20 9 116 114 111 107 103 101 95 86 76
 10 -1 5 111 105 93 88 69
 1 -5 12 119 118 116 111 110 109 106 105 102 94 91 87
 4 -95 10 117 114 112 109 107 103 91 87 86 84
 10 -17 8 116 112 109 105 97 88 85 84
 2 -29 8 117 116 114 111 107 104 96 74
 9 -3 10 113 111 108 107 105 101 98 95 94 87
 5 -5 10 113 112 111 110 106 103 102 93 91 89
 10 -54 9 120 116 113 112 109 108 107 103 84
 3 -47 5 110 105 88 87 84
 3 -16 10 121 113 110 109 107 106 104 103 102 101
 8 -13 9 117 114 110 107 105 104 103 102 93
 3 -95 7 116 111 108 107 105 100 84
 8 -1 7 119 112 107 105 103 91 88
 10 -6 6 113 110 105 104 103 84
 2 -9 6 115 108 106 105 100 92
 1 -18 4 114 102 91 87
 2 -13 5 109 108 105 102 100
 2 -78 5 110 107 104 102 100
 6 -66 5 117 112 109 107 100
 1 -86 3 109 96 91
 9 -40 2 103 84
 10 -98 4 108 105 104 102
 6 -31 4 114 112 110 100
 4 -94 3 112 109 91
 6 -30 3 106 102 101
 3 -68 3 104 103 100
 10 -76 3 113 106 100
 6 -69 2 104 100
 2 -80 2 108 100
 7 -72 2 105 101
 2 -39 2 108 106
 1 -12 1 101
 8 -96 1 103
 3 -1 1 100
 2 -87 1 103
 3 -50 1 104
 8 -35 1 100
 8 -1 1 107
 2 -13 1 109
 6 -81 1 115
 8 -80 1 122
 5 -77 1 122
 7 -21 1 122
 6 -23 1 122
 5 -16 1 122
 1 -35 1 122
 1 -69 1 122
 7 -71 1 122
 2 -32 1 122
 2 -86 1 122
 8 -50 1 122
 3 -22 1 122
 5 -22 1 122
 1 -56 1 122
 9 -17 1 122
 5 -49 1 122
 10 -42 1 122
 8 -70 1 122
 3 -74 1 122
 9 -66 1 122
 7 -61 1 122
 3 -33 1 122
 0 26770 0
