122
 0 -50 21 2 3 4 5 6 7 8 9 10 11 13 15 16 18 19 21 22 23 26 27 29
 10 -42 14 64 57 53 49 48 45 39 38 35 34 32 24 20 12
 5 -20 12 67 63 62 60 58 53 46 39 38 37 35 14
 7 -28 19 80 79 69 65 64 63 62 58 56 52 48 46 43 41 39 37 35 33 25
 3 -74 19 80 75 74 69 67 64 63 58 56 51 47 45 44 43 41 40 38 35 24
 7 -53 21 90 82 80 79 75 72 66 65 64 63 61 60 57 56 55 52 50 46 42 41 39
 9 -86 20 96 80 79 75 68 67 63 60 59 58 56 55 53 52 51 50 46 43 41 37
 7 -35 16 75 72 70 69 62 61 58 57 54 52 48 47 46 43 39 30
 5 -26 11 80 68 62 58 56 54 53 48 42 37 17
 4 -87 19 121 90 80 75 74 73 72 64 63 58 57 54 51 47 45 44 43 38 37
 6 -31 12 80 79 75 69 60 58 57 56 55 44 35 28
 10 -2 17 90 78 76 75 72 69 68 66 61 59 58 56 55 51 42 41 36
 2 -97 16 80 72 70 69 68 67 64 60 58 57 56 55 50 46 43 31
 1 -81 15 82 79 78 75 74 72 69 66 65 61 59 57 56 41 32
 10 -28 18 121 96 90 89 84 80 77 75 74 72 66 64 59 58 55 51 42 38
 4 -20 18 90 84 82 80 78 75 74 73 70 67 65 62 56 55 54 44 43 40
 3 -73 23 121 94 90 89 84 82 81 79 78 77 76 75 74 73 72 70 69 67 66 61 59 57 55
 4 -29 19 90 84 82 81 79 78 76 73 72 71 70 68 67 65 62 61 60 59 56
 4 -4 16 121 96 95 90 84 82 80 76 75 73 72 70 64 63 45 43
 3 -99 18 121 120 96 90 89 84 81 76 73 70 68 63 61 59 56 55 54 50
 10 -8 16 121 119 83 81 80 79 76 75 71 70 65 64 57 56 54 53
 5 -13 16 121 120 90 89 81 80 77 76 75 73 72 68 59 58 57 44
 2 -75 13 119 89 80 79 77 75 72 64 57 56 55 53 51
 3 -5 17 121 119 118 96 93 92 90 89 84 83 79 77 76 70 59 55 42
 8 -27 12 90 89 87 82 78 77 75 72 70 61 57 42
 10 -92 11 84 82 81 75 73 67 60 59 57 54 44
 6 -64 10 120 89 82 80 77 72 62 56 53 47
 4 -68 7 96 89 76 73 72 46 41
 10 -27 14 120 95 92 89 86 84 79 78 77 76 73 72 62 55
 7 -60 16 121 120 114 96 93 90 88 84 83 82 81 80 77 64 63 59
 6 -8 14 120 113 92 87 84 83 82 81 77 75 73 66 63 61
 3 -15 11 119 118 93 90 89 84 83 80 77 55 42
 6 -68 19 118 117 114 111 96 95 94 92 91 90 88 87 86 81 78 77 76 72 68
 6 -50 14 119 118 96 95 94 91 87 85 83 82 77 68 65 56
 5 -42 13 118 117 113 96 90 87 84 78 77 71 68 66 59
 4 -93 18 121 117 116 115 112 96 95 94 93 92 89 85 84 83 80 79 74 71
 9 -62 15 117 113 95 93 92 89 87 86 83 82 81 78 76 71 66
 4 -16 15 118 117 114 113 111 95 94 92 91 88 86 81 78 76 68
 3 -14 15 119 118 117 116 115 114 113 110 96 95 92 87 76 71 68
 8 -90 15 119 118 116 111 95 94 92 91 89 88 87 85 77 72 68
 8 -95 12 121 118 117 112 111 92 91 88 84 81 70 54
 1 -13 12 120 117 114 113 110 109 95 94 86 81 73 71
 2 -28 17 119 118 117 115 113 112 111 110 109 108 103 93 92 89 86 83 81
 2 -19 16 119 118 117 116 114 113 112 109 104 103 94 87 86 85 83 71
 9 -84 9 119 116 109 107 86 83 77 71 65
 5 -69 13 117 116 112 111 107 100 99 92 91 87 86 78 74
 10 -33 13 119 113 112 111 108 94 93 87 86 84 83 81 79
 7 -84 13 120 116 114 112 103 93 92 91 87 86 85 78 77
 7 -73 12 114 113 111 110 108 93 92 90 86 84 81 76
 9 -13 15 119 118 116 114 113 111 109 103 100 92 91 86 85 83 77
 7 -57 14 118 117 115 113 110 109 107 103 94 93 92 87 83 70
 7 -10 10 118 114 113 102 93 92 86 83 78 73
 8 -52 11 118 117 110 109 108 94 92 90 87 85 73
 3 -2 11 114 113 109 108 106 101 100 94 86 85 77
 1 -89 9 117 116 114 109 107 103 98 87 71
 2 -53 17 115 114 113 110 109 108 107 106 105 104 103 102 101 100 99 92 86
 9 -40 13 118 117 116 109 107 104 102 99 96 95 92 91 88
 8 -36 8 108 100 92 91 86 85 83 82
 9 -32 14 115 111 110 109 108 107 104 102 101 100 99 95 91 86
 7 -72 12 120 117 113 108 106 104 103 100 98 87 85 83
 4 -11 14 117 114 112 109 107 106 105 104 102 99 98 97 95 88
 6 -44 13 118 116 112 110 109 108 105 104 99 96 94 91 85
 7 -96 13 119 118 109 108 105 104 103 102 101 100 99 94 86
 5 -88 12 117 113 111 110 108 106 102 101 100 99 92 87
 9 -3 11 120 117 113 110 108 104 103 101 99 98 89
 4 -75 10 116 115 114 108 105 104 98 97 91 85
 6 -45 9 112 109 108 104 103 102 98 92 83
 6 -96 10 112 109 108 107 104 103 99 98 97 93
 2 -9 10 115 112 111 109 106 104 103 98 97 93
 8 -90 9 114 108 106 105 104 102 100 99 86
 4 -25 8 111 108 105 102 99 97 91 88
 2 -48 7 115 113 104 103 100 97 83
 3 -32 9 112 107 106 105 104 103 101 100 98
 8 -62 8 120 118 114 109 105 103 102 101
 7 -78 6 104 103 102 101 98 93
 2 -12 5 112 105 101 100 85
 8 -84 6 115 110 105 104 99 98
 2 -88 6 119 110 109 108 98 97
 2 -19 6 110 107 104 103 101 99
 10 -86 5 109 102 101 99 91
 8 -3 4 116 106 104 85
 2 -1 4 111 109 103 97
 1 -24 3 105 101 99
 7 -63 3 107 104 103
 10 -2 2 107 102
 7 -90 2 98 97
 4 -27 2 105 97
 1 -100 2 101 100
 6 -17 2 100 97
 4 -2 2 115 99
 2 -67 1 106
 2 -40 1 97
 9 -65 1 100
 6 -75 1 98
 10 -14 1 103
 1 -21 1 98
 3 -27 1 122
 7 -33 1 122
 6 -82 1 122
 7 -99 1 122
 2 -24 1 122
 1 -48 1 122
 2 -75 1 122
 9 -44 1 122
 3 -39 1 122
 8 -47 1 122
 8 -75 1 122
 6 -13 1 122
 4 -76 1 122
 8 -92 1 122
 6 -55 1 122
 5 -84 1 122
 9 -81 1 122
 4 -21 1 122
 8 -54 1 122
 1 -89 1 122
 3 -36 1 122
 8 -74 1 122
 4 -61 1 122
 8 -91 1 122
 9 -52 1 122
 0 29950 0
