122
 0 -58 9 2 3 4 5 6 7 9 11 12
 5 -18 7 26 19 18 17 16 14 10
 5 -88 4 21 15 13 8
 10 -41 6 26 24 23 20 18 13
 10 -53 6 26 24 21 20 19 13
 4 -9 6 26 22 20 18 17 16
 2 -16 4 26 24 20 13
 3 -58 7 34 26 25 24 23 22 20
 6 -47 2 21 13
 3 -41 6 34 28 25 23 22 21
 10 -84 3 22 20 17
 9 -25 3 22 18 17
 3 -24 2 22 17
 9 -65 4 34 30 23 20
 6 -42 5 38 37 34 25 20
 7 -90 4 33 30 24 23
 10 -90 8 40 37 34 33 32 29 28 25
 6 -10 6 40 33 32 29 27 25
 9 -26 6 40 38 37 29 28 25
 10 -5 7 42 40 36 33 32 29 28
 9 -16 7 42 40 36 33 32 29 27
 7 -75 7 50 42 40 36 33 32 27
 4 0 7 42 40 37 36 32 31 27
 2 -83 6 50 40 39 36 32 29
 6 -95 7 53 51 50 46 42 35 30
 9 -71 4 39 36 32 31
 7 -19 7 49 48 47 46 39 38 35
 7 -61 8 53 50 49 47 46 41 39 35
 3 -26 3 54 41 31
 4 -35 6 62 54 48 45 43 36
 2 -20 6 62 53 51 48 46 35
 4 -22 6 62 54 53 51 46 35
 9 -97 5 62 54 51 46 35
 7 -29 8 57 56 53 50 46 44 42 39
 9 -98 8 68 64 63 59 55 45 44 43
 5 -6 8 68 66 59 55 49 47 44 41
 7 -1 7 68 64 63 59 56 44 43
 3 -20 6 66 55 54 52 45 41
 8 -82 9 78 70 68 64 63 62 59 52 51
 3 -84 7 64 63 61 55 54 52 45
 2 -25 7 77 70 65 64 63 61 56
 1 -31 10 77 74 70 69 68 66 65 64 63 60
 9 -80 7 70 67 66 65 61 58 57
 2 -37 6 78 74 70 61 58 52
 5 -94 7 78 77 70 69 67 65 56
 7 -28 8 77 74 70 69 66 65 63 60
 4 -62 7 74 70 69 67 65 64 58
 1 -15 5 73 65 64 63 57
 8 -47 9 78 77 74 73 71 70 67 65 64
 4 -8 7 78 77 75 69 65 64 58
 9 -26 6 74 73 72 67 66 61
 6 -24 5 77 69 67 65 60
 7 -4 6 78 74 72 71 69 63
 5 -92 7 86 80 74 73 72 70 67
 1 -3 4 74 70 69 60
 5 -13 2 74 58
 3 -35 7 89 82 77 76 74 71 69
 9 -9 2 80 60
 9 -96 5 77 76 73 71 69
 2 -69 6 89 85 81 76 73 71
 7 -31 6 89 88 82 81 71 69
 8 -21 8 89 85 83 82 81 80 77 71
 9 -54 3 88 80 67
 9 -8 8 94 89 86 82 81 80 79 76
 8 -77 6 89 86 82 81 79 72
 6 -42 10 94 90 88 87 85 84 83 82 81 79
 8 -39 6 94 89 83 81 79 75
 4 -90 9 94 90 87 85 84 83 82 81 79
 3 -18 7 94 90 85 84 83 80 79
 2 -98 9 94 91 90 88 87 85 84 83 81
 2 -25 7 99 94 90 87 86 84 79
 3 -37 3 94 91 76
 1 -68 7 94 92 90 88 87 83 82
 3 -79 6 96 91 90 88 83 81
 4 -44 6 96 92 90 87 84 82
 5 -33 6 96 92 90 87 84 83
 3 -60 6 99 94 92 91 87 84
 3 -7 7 106 104 96 93 91 87 82
 10 -26 7 103 100 97 96 93 92 91
 2 -50 5 106 99 96 93 87
 3 -69 8 106 103 102 100 99 98 95 92
 5 -55 9 110 108 105 103 102 100 99 98 97
 10 -89 8 121 112 106 105 104 102 97 93
 8 -58 7 112 106 105 103 102 100 93
 3 -67 6 105 102 99 98 95 93
 2 -33 13 120 119 112 111 110 109 108 106 105 104 103 101 100
 10 -18 8 112 111 110 108 103 100 98 97
 9 -13 9 120 119 112 110 108 106 105 101 100
 8 -45 10 121 120 119 111 110 109 108 107 104 101
 10 -32 3 110 101 95
 3 -40 3 110 101 95
 6 -49 9 120 119 114 111 110 109 108 107 104
 4 -67 8 120 119 111 110 109 108 107 101
 8 -57 8 121 120 119 111 109 108 106 101
 2 -24 9 121 120 119 117 115 112 109 108 107
 5 -97 7 121 119 117 110 108 107 105
 3 -10 6 120 119 116 109 107 101
 3 -47 4 121 120 119 101
 8 -84 6 121 118 117 116 115 107
 4 -98 5 121 117 115 114 107
 6 -12 5 118 117 115 114 113
 8 -70 4 119 114 113 111
 6 -57 4 118 116 115 114
 4 -15 4 118 117 116 115
 8 -38 3 115 114 113
 3 -6 2 114 113
 10 -1 1 113
 9 -59 1 116
 4 -87 1 113
 7 0 1 113
 10 -76 1 116
 4 -3 1 114
 1 0 1 122
 5 -95 1 122
 2 -4 1 122
 8 -11 1 122
 9 -64 1 122
 7 -9 1 122
 2 -97 1 122
 2 -95 1 122
 2 -11 1 122
 0 26985 0
