122
 0 -99 15 2 3 4 5 6 7 8 9 10 12 14 19 22 27 30
 9 -52 14 58 45 40 37 36 35 32 31 25 23 21 20 18 16
 4 -11 9 58 52 48 39 28 25 24 17 11
 4 -30 10 49 47 38 37 34 32 31 29 23 13
 6 -39 9 52 50 48 39 33 31 29 24 11
 4 0 7 50 48 38 35 23 21 11
 8 -12 13 58 54 52 48 46 45 44 43 39 32 28 25 24
 1 -55 10 52 49 47 46 37 32 28 26 25 24
 8 -64 9 54 49 47 45 38 36 34 32 21
 3 -4 5 52 41 36 32 15
 8 -21 13 65 59 54 53 51 49 47 46 45 43 41 37 34
 6 -15 11 59 54 53 51 47 45 43 41 36 35 31
 8 -86 10 59 58 51 46 43 41 40 35 25 24
 7 -11 11 59 57 53 52 49 48 47 46 44 41 24
 3 -9 7 66 65 54 47 46 34 28
 6 -100 11 65 57 54 51 50 47 46 44 43 42 41
 2 -43 13 70 66 65 61 60 56 53 51 50 49 46 43 38
 10 -75 10 65 64 60 53 51 47 46 42 41 38
 10 -10 6 63 54 53 49 36 29
 3 -35 7 66 65 62 56 46 43 34
 1 -82 9 87 68 60 59 52 46 43 42 41
 5 -42 7 66 62 57 56 55 44 36
 8 -14 12 87 70 66 65 64 61 57 56 55 52 44 42
 3 -67 8 73 71 66 63 62 61 55 36
 3 -99 14 87 73 70 68 66 65 64 63 62 61 60 57 55 42
 1 -81 11 87 72 70 68 65 64 62 61 57 45 44
 4 -17 12 87 71 70 68 66 65 64 60 59 57 51 42
 5 -52 6 64 60 57 56 53 38
 6 -95 9 87 66 64 61 57 55 51 44 42
 3 -49 9 87 71 68 66 65 56 55 43 42
 3 -50 12 87 79 72 70 69 68 67 65 63 62 57 44
 5 -27 11 71 69 66 65 63 61 60 57 55 53 51
 9 -26 9 87 73 70 68 62 61 55 49 42
 7 -49 7 70 68 64 57 55 44 42
 2 -37 12 83 71 70 69 68 67 66 63 60 56 55 52
 2 -53 8 104 87 70 68 65 64 60 42
 1 -85 13 91 87 83 82 75 73 71 70 69 67 66 64 62
 6 -65 11 87 85 82 75 73 71 69 68 67 59 55
 7 -69 11 92 91 86 84 76 75 71 68 67 64 56
 10 -84 11 94 91 84 83 82 73 72 71 70 64 62
 7 -31 9 92 84 76 73 71 70 66 63 61
 8 -80 13 92 91 86 83 82 79 78 77 76 75 72 69 67
 4 -37 13 103 96 92 86 83 80 79 76 73 72 67 64 63
 4 -98 11 103 91 86 84 83 82 75 74 73 71 60
 8 -26 8 104 91 83 75 69 67 66 60
 6 -1 7 84 83 82 74 73 63 55
 10 -82 6 104 87 85 83 56 55
 10 -35 14 103 98 94 92 91 89 86 85 82 79 76 73 71 68
 8 -7 13 104 103 96 92 91 84 83 82 80 79 76 67 64
 6 -77 11 104 92 85 83 82 77 76 75 69 68 67
 7 -62 15 103 97 96 91 90 89 86 85 84 82 80 75 74 73 72
 9 -24 16 121 104 103 102 98 97 96 94 92 89 85 84 82 80 78 73
 4 -57 10 121 102 98 97 96 94 85 83 82 62
 7 -18 11 98 96 94 86 85 83 82 80 79 78 73
 10 -27 12 121 120 103 100 94 92 86 80 79 77 76 72
 10 -14 11 103 97 96 94 90 89 82 78 77 74 72
 3 -58 13 121 120 103 102 97 94 92 89 86 84 80 77 76
 1 -54 12 121 104 102 97 94 92 90 89 85 84 78 73
 3 -14 9 103 97 96 91 90 83 78 74 72
 8 -55 12 121 102 100 98 97 94 92 88 85 80 77 76
 10 -7 12 121 119 108 104 103 102 94 89 86 82 81 80
 7 -49 8 120 108 92 89 86 81 80 76
 2 -57 10 108 102 100 97 95 91 90 88 85 78
 6 -16 7 118 102 90 89 88 85 77
 7 -10 9 108 100 98 96 93 90 88 85 80
 4 -73 7 118 108 100 94 88 81 79
 5 -11 6 108 98 95 94 88 74
 9 -58 5 97 90 88 80 74
 5 -14 8 121 120 103 96 93 88 84 80
 4 -99 4 102 96 81 74
 10 -87 6 119 108 104 102 97 78
 9 -93 8 119 118 108 102 101 98 95 88
 5 -56 3 118 88 77
 7 -15 8 121 120 119 118 112 101 100 93
 5 -95 6 108 101 100 95 94 88
 6 -96 6 119 118 101 99 93 90
 2 -15 2 108 81
 9 -15 7 120 118 115 112 101 99 93
 3 -85 7 119 115 112 102 101 99 97
 5 -1 6 118 116 115 101 99 95
 7 -66 5 115 101 99 95 93
 10 -90 5 120 118 115 95 93
 4 -51 4 118 105 95 89
 6 -31 9 118 117 116 115 114 113 108 105 101
 7 -37 6 119 116 115 112 101 99
 1 -17 2 95 88
 8 -39 5 121 118 112 101 94
 7 -80 7 116 115 112 111 107 106 99
 1 -97 7 117 116 114 112 107 106 100
 10 -22 9 117 116 115 114 113 112 111 107 106
 2 -26 6 120 117 115 114 113 101
 1 -59 8 119 114 113 112 111 107 106 105
 5 -62 7 117 116 114 111 107 106 105
 7 -31 7 116 115 114 111 107 106 105
 5 -46 6 114 113 112 111 110 107
 4 -36 5 118 114 113 112 105
 2 -38 5 116 113 111 109 106
 8 -35 5 113 112 111 110 107
 5 -36 4 117 114 113 105
 10 -15 5 115 113 111 110 109
 2 -69 3 111 107 106
 4 -20 2 106 105
 1 -97 3 117 115 112
 4 -59 3 116 112 109
 7 -38 2 110 109
 8 -80 1 110
 1 -40 1 109
 6 -79 1 112
 2 -50 1 122
 2 -27 1 122
 2 -47 1 122
 8 -88 1 122
 9 -86 1 122
 7 -24 1 122
 10 -47 1 122
 1 -94 1 122
 6 -61 1 122
 2 -69 1 122
 9 -93 1 122
 1 -52 1 122
 6 -36 1 122
 0 29465 0
