122
 0 -6 22 2 3 5 6 7 8 9 10 11 12 14 15 16 17 20 22 24 25 29 30 34 36
 7 -12 11 57 54 51 40 31 28 27 26 23 13 4
 3 -58 19 70 68 65 64 58 57 55 54 51 47 46 44 43 37 33 28 26 23 18
 9 -90 16 82 69 65 60 58 55 52 50 48 47 45 44 42 39 38 32
 5 -42 14 68 65 64 61 59 57 53 51 49 42 41 40 39 21
 4 -87 18 82 73 70 68 64 61 58 57 56 55 54 52 51 50 42 39 35 32
 3 -14 10 68 61 54 50 40 39 37 33 28 23
 8 -7 10 64 61 60 59 55 54 53 45 19 18
 9 -8 20 82 76 73 70 69 68 62 61 60 59 57 56 55 54 53 52 51 49 48 39
 5 -73 17 96 82 76 74 68 67 62 61 59 57 54 50 49 48 47 45 33
 10 -93 20 95 83 82 78 76 74 73 72 70 67 66 63 60 59 54 52 51 46 45 43
 8 -14 18 96 82 73 71 69 68 67 66 65 62 59 55 53 52 49 48 45 39
 6 -2 10 82 71 70 69 65 59 55 53 32 18
 7 -81 15 96 95 83 82 75 74 71 69 63 60 59 55 53 46 44
 4 -41 16 96 91 82 77 75 74 73 72 69 62 59 58 56 52 49 47
 9 -37 11 96 92 87 82 75 71 69 66 61 44 39
 3 -29 17 94 93 90 83 82 78 74 73 72 71 69 67 66 63 60 55 48
 5 -97 11 96 93 83 78 76 67 66 62 56 50 39
 3 -91 16 120 94 92 91 89 82 79 76 74 72 69 68 63 56 51 48
 7 -46 11 96 93 87 82 77 71 69 64 57 53 39
 4 -89 14 90 78 76 75 74 73 72 67 66 60 56 55 54 50
 1 -36 18 119 117 95 94 93 90 85 78 77 76 75 73 72 71 67 62 56 55
 7 -73 13 119 118 111 95 91 77 75 73 69 62 56 52 49
 7 -83 16 118 95 94 93 90 89 83 79 78 77 71 69 66 63 60 56
 7 -45 16 119 95 94 93 92 82 80 78 77 74 71 69 66 61 55 53
 9 -19 20 119 118 117 115 95 94 93 92 89 88 85 83 82 79 77 73 71 66 62 53
 4 -98 16 119 118 95 94 93 90 83 82 77 76 69 67 63 62 61 56
 10 -10 13 120 118 117 112 96 90 82 77 71 67 66 63 48
 7 -47 11 119 93 82 76 75 72 61 56 55 53 50
 4 -29 19 120 119 118 117 115 113 95 93 92 90 89 85 81 78 76 75 72 66 62
 10 -65 14 119 118 117 96 91 89 85 81 78 71 67 62 56 52
 10 -12 9 120 119 118 96 84 74 67 66 49
 5 -92 18 118 117 116 115 112 95 93 92 91 90 87 80 77 75 73 72 63 60
 7 -72 12 121 118 94 91 90 89 88 78 71 67 60 50
 3 -80 18 120 119 118 112 111 96 93 92 91 90 89 87 81 80 79 77 71 69
 3 -12 18 119 117 115 114 111 94 92 91 90 89 85 84 82 79 77 74 62 56
 10 -6 17 119 117 116 115 108 94 90 89 85 82 81 80 77 76 74 71 66
 3 -78 16 119 117 116 112 110 108 90 89 85 83 79 77 76 72 66 59
 9 -5 15 120 119 118 116 115 113 95 94 91 90 89 79 74 72 63
 4 -97 14 119 118 117 116 115 114 92 90 85 79 75 72 66 56
 4 -77 12 121 116 114 96 95 93 89 84 79 77 69 56
 3 -40 15 120 119 117 113 112 111 94 92 91 90 89 88 79 71 62
 6 -36 14 120 114 113 111 109 106 96 94 93 92 79 75 69 62
 9 -15 15 115 114 112 103 93 91 90 89 85 80 79 77 76 73 72
 1 -34 14 121 120 119 118 116 115 114 111 90 88 85 84 77 56
 6 -70 11 120 119 113 94 93 92 86 85 84 62 61
 10 -82 8 119 118 117 115 94 85 71 53
 3 -74 18 121 119 116 115 114 113 111 109 107 106 103 102 101 95 87 84 80 75
 2 -45 17 117 115 114 110 109 107 105 102 93 92 90 89 85 83 80 79 78
 6 -88 13 120 117 116 114 111 109 103 101 99 87 85 84 77
 5 -81 9 118 112 111 108 101 99 90 77 71
 6 -47 13 121 109 107 106 102 98 94 93 88 87 84 80 79
 6 -92 19 121 120 116 114 113 112 111 110 109 108 107 106 104 103 102 101 99 97 84
 6 -48 11 119 118 110 106 104 103 98 88 87 79 77
 10 -64 12 120 118 111 109 103 102 98 91 89 87 86 81
 2 -1 14 113 112 110 109 107 106 105 103 102 101 100 98 87 80
 7 -27 14 116 114 112 111 110 109 107 105 101 100 92 86 85 80
 1 0 13 119 118 117 116 112 111 109 108 104 101 90 89 76
 5 -49 12 120 118 115 114 109 107 103 102 98 93 86 84
 8 -44 11 120 119 109 108 106 103 102 101 86 85 84
 1 0 14 117 115 112 111 109 107 105 104 103 102 100 99 97 89
 5 -49 11 116 110 107 105 103 102 101 100 98 87 80
 7 -63 10 111 110 108 107 106 105 103 97 85 81
 4 -26 11 112 111 110 106 104 102 99 98 97 94 84
 3 -45 10 120 118 114 112 111 107 94 90 89 86
 9 -68 11 121 111 106 104 103 102 101 99 98 91 86
 6 -39 11 115 113 111 110 107 106 105 103 98 92 87
 5 -6 11 118 115 109 107 103 102 101 100 99 87 86
 4 -74 9 117 115 108 105 102 99 88 86 85
 9 -47 11 118 108 107 105 104 103 102 101 100 98 92
 6 -13 10 110 109 107 106 104 103 102 98 97 84
 9 -79 8 121 109 106 104 102 99 98 84
 9 -71 9 120 113 110 108 107 106 100 99 97
 1 -56 5 112 110 102 88 86
 7 -22 5 108 99 98 88 86
 1 -23 5 106 100 99 98 97
 1 -13 4 113 107 102 86
 9 -3 4 116 112 101 97
 1 -82 3 101 99 86
 10 -79 3 104 99 97
 7 -82 3 114 101 99
 4 -56 3 104 102 97
 1 -35 3 103 101 98
 5 -1 2 105 100
 8 -20 2 104 98
 7 -17 1 97
 6 -32 1 108
 7 -43 1 100
 5 -16 1 106
 3 -34 1 98
 10 -11 1 105
 1 -62 1 97
 6 -95 1 101
 2 -86 1 103
 4 -24 1 98
 3 -43 1 101
 9 -39 1 122
 4 -38 1 122
 4 -100 1 122
 2 -37 1 122
 4 -90 1 122
 1 -8 1 122
 3 -70 1 122
 7 -69 1 122
 8 -64 1 122
 6 -84 1 122
 6 -28 1 122
 6 -47 1 122
 8 -40 1 122
 1 -95 1 122
 5 -46 1 122
 9 -21 1 122
 5 -22 1 122
 2 -64 1 122
 6 -85 1 122
 6 -88 1 122
 1 -31 1 122
 10 -69 1 122
 6 -34 1 122
 6 -33 1 122
 3 -6 1 122
 0 29065 0
