122
 0 -26 14 2 3 4 5 6 7 8 9 11 13 15 16 18 20
 6 -69 11 38 35 34 32 28 26 23 21 19 14 12
 8 -59 8 50 32 29 24 22 21 14 10
 8 -46 9 51 43 32 30 29 24 22 17 12
 6 -24 9 40 35 32 29 28 25 24 21 19
 5 -7 11 62 51 50 43 42 40 36 33 31 29 17
 3 -19 15 62 60 57 51 50 47 45 43 42 40 39 38 33 30 27
 2 -91 13 63 60 57 52 49 47 45 42 40 36 35 29 28
 5 -56 13 61 54 52 51 49 48 45 44 39 37 36 32 31
 5 -75 12 62 61 60 56 49 48 43 38 37 36 33 31
 5 -48 15 63 57 56 54 51 50 49 48 45 44 42 40 39 38 37
 9 -70 10 62 56 50 48 47 42 40 36 33 31
 2 -2 13 63 62 60 57 56 54 51 49 48 47 44 42 40
 3 -34 12 63 57 56 49 48 47 45 44 43 42 41 40
 4 -54 8 62 61 56 48 45 36 33 31
 9 -66 7 61 54 52 49 43 31 29
 5 -43 12 63 60 56 54 49 48 47 46 45 44 39 37
 2 -71 12 62 60 56 54 53 48 47 45 44 42 41 36
 6 -65 10 62 61 58 56 52 51 45 43 42 31
 3 -95 8 60 56 51 49 47 42 41 27
 4 -11 12 63 61 57 56 51 49 48 46 45 44 39 37
 6 -77 6 62 61 57 48 42 26
 10 -74 7 63 61 57 54 49 42 29
 1 -57 10 68 63 62 61 60 56 53 49 48 36
 4 -27 9 68 65 63 56 54 53 49 47 42
 8 -97 8 63 58 56 53 49 46 44 39
 9 -25 5 61 54 48 44 36
 1 -61 8 81 75 61 59 58 54 46 43
 10 -1 5 65 59 56 48 37
 5 -78 11 75 72 68 65 63 61 59 58 56 55 54
 10 -18 7 64 63 59 57 53 46 41
 8 -93 7 85 75 68 63 57 56 42
 9 -16 6 75 71 59 54 46 44
 6 -45 8 75 68 61 60 59 55 53 48
 8 -70 9 87 81 72 71 62 61 59 55 54
 9 -12 8 85 81 75 65 64 59 58 46
 1 -37 11 91 85 76 75 72 70 68 64 58 55 53
 3 -45 7 84 68 65 64 59 58 46
 6 -88 11 85 84 83 81 76 75 72 70 65 59 55
 5 -62 8 91 84 76 72 68 64 55 53
 5 -80 12 98 91 87 84 83 81 76 75 72 71 70 55
 9 -21 4 84 81 59 46
 5 -63 16 98 91 90 89 87 85 84 83 76 73 71 69 68 67 65 64
 10 -72 17 98 91 90 89 87 85 84 83 81 78 76 74 73 72 68 65 64
 7 -76 14 98 91 90 89 85 84 79 76 73 71 69 68 67 65
 3 -8 7 91 87 83 76 72 70 55
 6 -32 7 75 73 72 71 67 61 59
 2 -19 10 121 91 89 87 83 77 69 67 66 58
 8 -64 6 98 91 85 83 70 55
 3 -70 9 98 83 74 73 71 67 66 64 61
 8 0 11 98 91 85 83 79 73 71 69 68 67 65
 4 -55 5 89 83 72 71 55
 10 -10 12 120 98 89 87 83 81 79 77 74 73 71 67
 3 -30 12 120 103 97 91 84 83 80 78 77 74 70 64
 6 -57 8 121 103 82 77 73 69 67 66
 5 -92 10 121 98 91 84 82 80 78 74 73 66
 9 -91 10 120 119 98 97 87 84 82 74 70 65
 2 -73 11 103 100 98 96 90 88 86 80 78 73 71
 10 -4 9 121 119 103 102 98 93 91 74 66
 6 -99 8 120 103 102 97 91 90 78 64
 5 -27 9 121 120 103 101 94 85 79 77 76
 10 -51 15 120 117 114 103 102 101 100 98 97 95 94 92 91 89 78
 10 -57 13 120 117 103 101 100 98 96 95 94 92 88 87 78
 2 -95 10 118 101 100 96 93 92 88 86 82 79
 7 -69 9 121 115 112 103 102 101 100 86 77
 10 -88 9 120 117 100 96 94 92 90 88 79
 6 -18 5 114 97 96 80 78
 10 -2 11 120 119 115 114 108 102 99 95 94 93 92
 8 -30 6 118 115 113 112 99 74
 9 -41 9 118 117 115 114 111 106 95 94 89
 2 -37 6 118 113 110 97 93 82
 8 -14 4 115 94 93 82
 1 -62 12 118 115 113 112 111 110 108 106 105 104 97 95
 3 -38 5 107 101 100 92 86
 7 -8 10 119 117 115 113 111 109 108 103 99 93
 2 -96 8 119 117 115 109 108 99 93 92
 4 -100 7 118 117 116 109 105 92 88
 8 -99 10 119 118 116 115 110 109 108 107 106 93
 6 -85 10 115 114 113 112 111 108 106 105 104 95
 8 -36 7 112 109 108 105 102 101 92
 2 -9 7 118 109 108 107 100 94 92
 3 -48 9 117 114 111 108 107 106 105 104 95
 4 -10 8 115 113 110 109 108 107 106 93
 3 -95 7 117 113 112 108 105 101 92
 7 -11 7 114 111 110 107 106 100 96
 5 -81 6 117 114 109 108 104 94
 5 -40 7 114 110 109 108 106 105 104
 9 -42 6 111 110 108 106 104 99
 2 -80 6 116 113 112 105 104 99
 8 -28 6 118 115 114 109 106 104
 1 -13 6 111 110 108 107 106 105
 5 -87 3 111 106 104
 9 -89 3 112 105 104
 5 -94 2 110 105
 2 -37 2 116 109
 6 -21 2 113 105
 6 -32 2 109 107
 9 -34 2 108 107
 9 -89 1 107
 7 -27 1 104
 9 -47 1 110
 1 -86 1 113
 10 -72 1 107
 10 -71 1 122
 3 -52 1 122
 6 -89 1 122
 8 -71 1 122
 4 -52 1 122
 1 -28 1 122
 4 -26 1 122
 3 -57 1 122
 7 -53 1 122
 1 -96 1 122
 6 -67 1 122
 10 -90 1 122
 5 -66 1 122
 3 -68 1 122
 6 -74 1 122
 8 -37 1 122
 6 -100 1 122
 10 -12 1 122
 0 31820 0
