122
 0 -26 13 2 3 4 5 7 8 9 11 12 16 22 25 27
 2 -41 11 44 34 33 31 30 23 18 17 15 14 13
 2 -67 7 44 33 24 21 14 13 10
 7 -93 6 34 32 31 29 19 6
 6 0 15 49 48 47 44 43 38 37 35 34 33 31 30 29 28 26
 2 -24 6 43 35 33 30 24 13
 3 -14 10 48 47 43 42 36 35 30 21 20 19
 9 -22 11 65 49 48 47 44 42 39 37 33 30 18
 6 -68 10 49 48 45 43 42 39 35 32 29 18
 5 -19 9 49 45 43 39 35 30 26 23 18
 3 -83 12 65 61 50 49 47 44 41 38 35 33 32 26
 5 -2 10 65 50 49 48 47 40 38 34 33 26
 5 -60 9 65 48 45 41 40 39 38 37 26
 2 -74 10 61 49 47 45 42 41 40 36 32 29
 9 -72 9 61 49 43 42 40 39 36 35 21
 1 0 9 65 48 47 45 44 41 37 28 26
 8 -24 10 73 65 61 49 42 41 40 39 36 35
 8 -83 9 61 55 54 53 52 50 41 40 36
 1 -7 7 56 55 53 51 49 39 33
 4 -43 9 61 55 53 52 50 46 45 44 40
 2 -2 13 80 67 65 64 63 62 56 54 53 51 50 46 45
 4 0 11 80 67 64 62 56 55 53 51 47 46 45
 9 -44 9 73 67 61 60 55 52 50 47 40
 4 -61 9 71 65 62 52 51 50 47 45 42
 1 -89 8 73 61 58 56 55 44 42 36
 5 -82 8 78 73 67 58 56 55 42 36
 1 -76 15 83 80 78 73 67 64 62 61 60 58 56 55 53 52 51
 6 -73 7 78 73 67 63 59 53 36
 2 -95 12 83 78 73 71 69 65 62 60 55 53 52 50
 7 -88 4 63 62 53 40
 7 -54 4 78 67 63 36
 7 -29 10 81 80 78 76 73 72 67 64 58 46
 9 -38 6 78 63 62 59 46 45
 6 -1 8 81 80 78 76 73 64 55 46
 6 -41 12 89 81 80 78 75 72 69 67 60 58 55 52
 8 -52 6 81 80 64 62 51 46
 7 -46 13 89 83 81 80 78 73 72 71 68 63 61 58 52
 1 -81 10 89 81 75 72 71 69 58 57 54 52
 1 -33 9 86 80 78 69 67 64 63 60 50
 1 -48 8 86 83 80 78 59 58 56 51
 1 -62 12 89 86 80 75 71 70 69 68 67 66 63 57
 4 -13 8 86 83 80 77 70 68 63 53
 6 -39 14 91 89 81 80 78 77 76 75 74 73 70 68 66 58
 5 -10 13 102 91 89 86 77 76 75 74 72 70 66 63 59
 8 -97 13 102 101 89 84 83 81 76 74 73 72 70 68 60
 6 -49 10 86 83 75 74 71 70 69 68 66 60
 3 -36 8 91 89 81 75 69 59 58 54
 5 -4 14 102 100 96 91 90 86 81 76 74 73 72 70 68 66
 2 -99 11 101 99 89 83 82 80 78 76 75 71 63
 8 -91 7 102 89 75 72 68 58 57
 10 -61 11 101 100 95 91 89 77 76 72 70 69 68
 4 -94 11 102 100 96 95 91 86 79 76 74 70 66
 10 -40 10 102 96 91 89 88 76 75 74 72 66
 7 -58 11 102 101 99 95 84 82 79 78 77 76 68
 3 -56 10 102 101 100 99 96 91 87 84 68 63
 2 -34 10 102 93 90 89 85 84 82 81 74 71
 4 -56 12 101 100 96 95 93 91 90 88 85 79 76 74
 4 -61 14 120 106 100 99 98 97 96 95 93 92 90 87 85 82
 9 -75 9 100 99 96 95 90 88 87 79 68
 4 -55 11 120 100 98 95 93 92 91 90 85 79 77
 10 -37 10 121 106 103 100 99 95 90 84 79 76
 8 -67 7 100 93 92 84 82 79 74
 4 -70 11 120 106 98 95 94 93 92 90 88 85 79
 3 -94 13 121 119 116 106 104 101 100 98 97 92 90 89 88
 10 -13 7 121 101 97 87 85 84 76
 3 -62 11 121 120 115 114 104 101 97 93 92 85 84
 8 -19 11 121 120 112 105 104 102 101 97 94 88 87
 7 -45 11 120 115 114 106 105 104 98 97 93 92 85
 10 -88 10 121 117 115 114 104 102 99 96 94 84
 6 -73 6 106 97 94 93 87 82
 8 -94 6 120 119 118 95 92 77
 10 -59 6 121 120 105 98 94 79
 2 -20 5 106 93 88 87 85
 5 -74 9 121 119 117 113 112 109 106 99 87
 1 -44 12 120 119 118 116 115 114 112 111 104 103 100 97
 3 -33 9 120 119 117 115 114 109 98 94 92
 2 -25 6 113 106 104 97 96 87
 3 -88 10 121 117 116 115 114 113 111 110 105 96
 5 -50 11 119 118 117 116 115 114 112 111 107 104 97
 5 -36 5 120 112 102 97 87
 7 -19 9 119 117 116 115 114 112 110 103 92
 2 -80 6 121 115 113 108 104 88
 3 -41 6 119 110 108 104 103 93
 7 -97 5 119 113 109 105 98
 9 -3 7 119 118 117 116 113 112 111
 4 -87 7 119 117 116 113 109 108 107
 9 -13 6 116 115 114 111 110 103
 3 -46 6 117 114 111 110 109 103
 10 -76 5 118 115 111 109 107
 2 -13 4 112 110 107 105
 7 -97 4 111 108 107 104
 4 -54 4 113 111 108 107
 7 -7 4 116 112 109 107
 1 -61 4 118 113 108 107
 10 -77 4 114 113 108 107
 5 -25 3 112 109 103
 5 -75 2 110 108
 9 -69 2 112 110
 4 -72 2 118 110
 3 -64 2 109 108
 7 -97 2 109 108
 7 -71 2 113 111
 9 -2 1 107
 8 -32 1 109
 1 -78 1 108
 9 0 1 107
 2 -54 1 122
 6 -73 1 122
 2 -86 1 122
 5 -17 1 122
 10 -63 1 122
 3 -26 1 122
 1 -64 1 122
 9 -91 1 122
 1 -73 1 122
 10 -65 1 122
 1 -31 1 122
 5 -27 1 122
 3 -78 1 122
 9 -98 1 122
 2 -38 1 122
 0 31380 0
