122
 0 -37 18 2 3 4 5 6 7 8 9 10 11 12 15 16 18 19 20 23 26
 6 -40 13 62 49 47 37 36 32 31 27 25 24 21 17 14
 6 -90 11 62 58 49 47 42 41 38 37 35 33 13
 4 -85 11 62 49 47 45 39 37 36 29 25 22 21
 10 -2 11 53 47 43 42 38 37 34 31 30 29 24
 4 -15 9 55 43 42 41 40 39 30 28 21
 1 -29 17 63 62 58 55 53 52 49 48 47 45 43 42 40 39 37 35 34
 10 -69 14 62 55 53 49 48 47 45 43 42 39 36 35 34 29
 8 -8 9 62 58 53 49 43 42 41 33 17
 2 -59 6 45 40 39 35 22 21
 5 -76 13 55 53 52 49 48 47 45 41 40 39 37 36 34
 5 -18 11 55 52 50 49 48 42 37 36 35 34 32
 1 -96 7 56 55 45 43 39 29 21
 4 -25 12 65 63 56 53 52 48 45 43 42 41 40 35
 8 -3 11 65 64 55 52 49 48 42 40 39 38 32
 4 -25 5 62 56 40 39 21
 5 -92 7 55 54 48 45 39 35 29
 1 -27 8 74 64 55 53 47 46 44 29
 9 -47 10 65 57 53 52 50 48 46 44 43 37
 7 -60 13 68 66 63 62 60 58 57 55 49 44 43 42 41
 3 -91 11 66 64 57 54 53 52 51 50 48 46 34
 1 -34 9 66 57 56 55 50 43 42 41 34
 5 -13 13 66 65 64 63 61 55 54 52 50 49 44 42 39
 10 -6 9 65 55 54 52 50 48 45 44 39
 9 -95 9 74 66 65 56 54 52 44 42 40
 4 -93 12 80 74 65 63 60 55 53 52 51 50 47 43
 7 -35 9 74 66 64 63 54 52 51 44 40
 4 -89 9 74 65 64 61 60 56 50 45 44
 3 -48 8 85 66 65 63 59 52 51 40
 9 -79 10 74 68 64 62 61 56 54 51 49 44
 1 -53 10 73 69 64 61 59 58 54 52 51 50
 9 -41 7 63 61 60 54 51 45 44
 8 -17 5 66 63 57 54 39
 9 -40 9 81 74 72 69 68 65 61 60 44
 3 -13 7 81 72 68 64 60 57 44
 9 -63 6 74 72 64 63 58 44
 2 -13 10 85 84 76 74 71 69 66 60 59 56
 9 -49 9 95 85 78 76 74 73 68 61 51
 4 -23 9 80 79 78 76 74 73 69 60 51
 5 -39 5 80 69 60 57 50
 7 -45 14 95 90 85 84 79 78 77 76 74 73 72 70 69 59
 1 -23 8 95 85 80 79 78 76 73 51
 1 -21 5 73 67 64 61 54
 1 -52 14 95 90 85 84 83 82 79 78 77 76 75 73 70 59
 7 -58 10 95 90 81 77 76 72 71 69 67 66
 3 -9 7 78 76 71 69 67 63 60
 6 -5 6 89 84 71 69 67 54
 2 -68 12 97 95 93 90 89 83 82 81 78 76 68 61
 3 -38 11 97 95 94 90 89 84 81 77 75 71 69
 10 -63 10 95 93 90 89 81 79 78 72 68 67
 9 -6 12 96 91 90 89 84 83 82 81 77 72 70 67
 3 -14 15 103 97 96 95 93 92 91 89 88 84 83 82 81 76 75
 10 -64 15 104 102 97 96 95 94 90 88 85 83 81 79 78 77 75
 1 -76 12 97 96 95 93 90 88 85 82 81 77 76 75
 5 -40 11 117 97 95 94 93 91 86 84 82 78 71
 8 -41 10 97 94 93 91 89 82 79 77 75 70
 9 -37 5 97 84 83 77 61
 6 -84 11 119 117 103 94 92 91 88 84 81 80 75
 5 -28 6 121 96 92 91 80 67
 5 -17 14 120 119 118 104 102 96 95 94 91 90 88 87 77 75
 2 -93 7 118 117 94 92 91 75 71
 4 -4 5 118 94 92 89 69
 1 -13 13 121 120 117 116 114 103 97 96 93 89 86 84 82
 6 -45 12 120 119 104 103 97 94 91 89 86 84 83 78
 7 -25 7 117 115 104 97 93 92 71
 8 -35 7 121 120 119 96 94 78 73
 2 -15 12 120 119 118 117 116 103 102 97 94 88 87 86
 10 -42 7 119 117 104 91 86 84 77
 9 -86 8 120 110 103 96 93 91 83 82
 2 -16 14 121 120 119 118 117 116 115 113 104 103 102 100 88 87
 10 -40 9 121 116 103 102 101 96 88 87 79
 1 -37 7 117 114 103 102 99 97 75
 6 -48 9 118 117 116 114 109 93 89 87 86
 1 -23 8 120 119 118 117 103 94 91 89
 8 -48 8 121 116 112 111 110 109 100 86
 7 -74 10 115 114 111 110 109 108 104 101 99 94
 8 -25 9 121 116 114 112 108 103 99 98 92
 10 -98 12 118 115 114 113 111 110 109 108 107 106 101 100
 8 -7 10 120 119 113 112 111 110 109 100 99 98
 8 -81 6 112 111 109 105 104 89
 8 -79 5 120 118 113 105 87
 5 -12 9 119 113 109 108 107 104 101 100 98
 9 -20 9 117 116 115 113 112 108 106 100 99
 2 -95 9 118 111 110 109 108 107 105 102 98
 3 -34 8 118 117 111 110 109 105 99 98
 8 -48 6 115 113 108 107 101 98
 4 -10 6 112 111 110 108 99 98
 3 -99 7 114 111 110 109 108 106 105
 8 -62 5 110 108 102 99 98
 4 -57 5 111 109 101 100 99
 6 -70 6 114 113 111 108 107 105
 3 -45 5 111 110 107 106 105
 2 -42 4 112 108 105 98
 1 -3 3 112 106 100
 7 -43 3 110 109 105
 5 -87 2 107 105
 8 -63 2 113 109
 6 -5 1 106
 7 -1 1 107
 1 -27 1 105
 10 -15 1 105
 2 -70 1 106
 3 -91 1 109
 4 -21 1 106
 2 -62 1 122
 10 -5 1 122
 9 -4 1 122
 7 -2 1 122
 10 -8 1 122
 4 -97 1 122
 4 -16 1 122
 4 -53 1 122
 9 -71 1 122
 9 -10 1 122
 3 -46 1 122
 8 -17 1 122
 8 -21 1 122
 9 -85 1 122
 9 -59 1 122
 3 -35 1 122
 10 -38 1 122
 0 26045 0
