122
 0 -16 13 2 3 4 5 6 7 8 9 10 12 13 18 22
 9 -26 13 37 29 28 27 26 25 23 21 20 19 16 15 14
 4 -83 13 48 44 41 39 38 36 31 29 28 27 24 21 17
 3 -35 9 39 38 36 33 32 26 23 19 14
 4 -54 8 55 45 28 27 24 20 15 11
 6 -20 8 44 39 35 31 30 24 20 15
 8 -49 11 55 51 49 47 44 39 36 35 30 24 20
 4 -69 11 53 50 49 41 39 38 34 32 31 30 26
 5 -78 11 50 49 45 41 39 38 35 33 32 26 25
 10 -67 9 55 49 46 45 39 38 36 31 20
 4 -6 13 50 49 48 47 43 39 38 36 35 34 33 32 30
 10 -71 15 58 55 53 50 49 47 46 45 43 41 39 37 35 32 29
 2 -91 11 55 53 51 50 48 47 41 36 33 32 30
 7 -22 7 64 56 55 46 35 31 24
 5 -8 10 59 58 50 48 47 46 42 38 34 32
 3 -66 10 59 55 53 50 47 46 42 39 36 32
 8 -32 10 59 58 56 55 53 50 46 42 35 32
 1 -77 11 73 68 59 55 53 50 47 43 42 41 32
 3 -19 9 70 61 51 49 46 45 44 34 31
 9 -23 6 69 53 50 41 33 32
 1 -54 6 56 50 49 35 34 30
 8 -91 12 68 58 57 56 55 49 46 45 43 42 41 40
 3 -45 4 64 59 41 24
 9 -74 14 87 83 73 68 67 63 61 60 53 52 50 43 42 40
 2 -45 12 77 73 68 67 61 60 59 55 52 46 43 42
 10 -60 11 68 67 63 60 59 58 56 55 54 48 40
 7 -32 11 83 73 68 67 64 63 60 57 50 42 40
 6 -38 11 77 73 70 68 65 64 62 61 49 46 42
 9 -48 9 87 67 63 60 59 56 52 42 40
 7 -26 10 77 68 67 62 61 60 59 57 46 42
 1 -63 10 77 68 67 63 60 59 58 57 47 43
 6 -15 10 87 83 67 64 63 61 60 57 52 40
 2 -52 14 89 87 77 74 72 70 68 67 66 65 64 61 58 56
 5 -95 13 88 87 84 77 75 73 68 65 64 63 62 60 54
 4 -98 12 88 87 84 75 73 72 70 69 68 62 60 54
 2 -44 12 87 83 75 73 72 69 67 66 63 62 61 54
 10 -76 12 83 79 75 72 69 68 67 65 61 60 57 54
 9 -36 7 87 69 64 63 62 56 51
 5 -10 11 87 86 84 77 74 71 68 66 65 63 56
 2 -91 12 88 84 81 79 77 76 75 74 72 70 65 62
 4 -74 11 88 83 81 79 77 76 75 70 65 63 54
 10 -74 10 89 88 84 79 76 72 71 69 66 54
 8 -78 11 89 86 84 79 76 75 74 72 66 65 62
 1 -94 9 96 88 87 77 75 74 73 68 58
 7 -42 11 92 86 83 79 77 74 72 71 67 66 65
 5 -44 12 89 88 87 86 84 83 79 78 75 72 69 63
 4 -74 11 92 89 87 86 83 79 78 76 74 72 66
 10 -63 11 87 86 84 83 81 80 77 76 75 74 73
 10 -53 9 92 86 84 82 80 75 71 63 60
 10 -91 11 104 92 88 86 82 80 77 76 74 71 66
 2 -85 9 121 90 89 88 86 77 72 71 68
 6 -31 7 94 90 86 84 75 70 65
 2 -50 12 104 103 96 94 91 90 89 88 85 81 79 78
 6 -5 10 104 103 97 92 91 86 82 80 78 74
 9 -98 9 104 103 96 94 92 90 79 78 66
 10 -97 7 96 85 83 82 81 75 73
 6 -57 12 104 103 102 98 97 94 92 91 89 86 81 80
 9 -64 9 97 95 94 91 90 86 82 81 71
 1 -96 7 96 94 90 88 82 71 69
 10 -39 7 103 96 95 90 89 78 66
 1 0 10 104 102 96 93 90 88 86 85 84 76
 6 -91 7 121 119 104 94 93 80 71
 4 -15 14 121 119 118 115 114 104 103 97 96 95 94 93 90 85
 9 -17 10 115 104 103 102 99 97 93 90 85 80
 6 -2 8 118 117 104 103 102 91 82 80
 8 -8 8 120 110 102 100 97 91 85 81
 10 -61 13 121 120 118 115 114 104 103 102 101 95 93 90 85
 9 -71 6 120 117 116 100 82 76
 2 -85 10 121 118 110 102 101 100 95 93 91 85
 2 -10 11 121 119 115 114 104 99 96 95 93 92 85
 10 -75 6 115 103 101 99 85 78
 6 -63 6 118 115 103 93 85 80
 6 -69 5 117 93 92 91 79
 2 -32 12 121 120 119 118 117 115 114 102 101 98 94 90
 8 -50 15 117 116 114 113 111 110 109 108 104 103 102 100 99 98 93
 4 -15 10 118 113 112 110 109 108 103 98 95 91
 6 -82 7 118 115 110 102 97 95 85
 1 -15 14 120 118 117 116 114 113 111 110 109 108 106 102 100 98
 9 -93 13 120 119 116 115 113 112 110 108 106 100 99 97 95
 1 -100 9 120 116 114 113 109 108 101 96 95
 5 -49 8 121 118 114 111 109 108 101 93
 10 -66 8 119 114 111 110 109 101 98 93
 7 -19 10 119 118 113 112 111 110 109 108 105 104
 8 -44 9 119 118 116 114 109 108 107 106 98
 6 -38 8 117 116 113 112 111 109 108 98
 3 -63 8 119 117 115 112 108 107 106 100
 3 -66 8 113 112 111 110 109 107 105 104
 2 -16 7 120 115 114 110 109 98 95
 5 -43 5 115 111 110 108 93
 8 -84 7 113 111 110 109 108 107 100
 5 -65 5 119 115 114 111 99
 10 -88 5 116 108 107 106 105
 9 -85 4 112 107 106 105
 6 -94 3 108 106 99
 4 -5 2 107 105
 6 -56 2 110 106
 7 -32 2 109 105
 5 -97 1 105
 2 -69 1 105
 9 -57 1 105
 5 -47 1 105
 5 -78 1 107
 4 -67 1 106
 1 -34 1 106
 8 -25 1 122
 4 -83 1 122
 6 -77 1 122
 8 -46 1 122
 2 -99 1 122
 6 -81 1 122
 8 -44 1 122
 3 -24 1 122
 4 -70 1 122
 3 -40 1 122
 6 -30 1 122
 10 -84 1 122
 3 -52 1 122
 1 -63 1 122
 7 -87 1 122
 6 -94 1 122
 10 -65 1 122
 0 -32066 0
