122
 0 -37 23 2 3 4 5 6 7 8 9 10 11 12 13 14 17 18 20 21 23 24 26 28 33 35
 1 -2 11 60 59 58 56 54 53 46 34 27 19 16
 8 -43 15 84 76 69 60 51 50 48 46 44 43 41 38 37 34 32
 10 -96 8 59 51 44 42 39 34 27 15
 9 -13 11 76 69 62 57 54 52 51 45 37 32 22
 4 -61 17 86 85 76 74 69 68 66 62 56 53 51 45 44 43 42 41 31
 7 -80 9 64 51 50 45 43 41 39 29 19
 1 -29 14 94 85 83 74 72 67 61 60 57 51 49 44 32 30
 6 -9 14 94 86 74 58 57 56 55 54 52 51 47 40 36 25
 5 -6 12 74 72 63 61 58 57 51 50 49 36 34 30
 1 -33 12 75 68 66 61 60 58 55 51 44 38 37 29
 3 0 13 94 75 66 64 62 58 57 55 50 45 41 38 29
 4 -66 13 79 69 66 64 59 57 55 49 48 47 44 42 38
 9 -60 17 94 92 83 76 74 69 68 66 64 61 58 57 54 53 51 38 34
 9 -67 13 94 93 86 85 76 63 62 57 56 48 45 43 36
 1 -78 13 117 94 86 85 76 75 69 57 51 50 45 44 36
 3 -12 23 121 120 117 116 94 93 86 84 83 76 74 73 72 71 70 67 66 63 58 55 53 51 48
 4 -86 12 120 119 93 86 79 69 68 63 54 45 41 38
 2 -73 13 120 119 86 83 76 75 74 73 63 61 57 55 38
 2 -90 21 121 120 117 93 92 90 86 85 83 80 78 76 74 70 68 67 64 63 58 53 51
 7 0 12 84 75 74 72 70 64 61 58 56 52 49 40
 1 -56 11 119 117 88 85 84 79 74 68 55 44 41
 4 -7 22 121 120 118 117 116 115 114 94 91 86 85 84 77 75 73 72 71 68 66 65 63 50
 2 -20 19 120 118 117 116 94 93 86 85 84 83 82 76 74 69 67 65 60 58 48
 8 -96 18 119 118 117 114 113 92 91 85 84 83 79 75 72 68 64 62 61 44
 6 -67 21 120 117 116 115 93 92 90 85 84 83 80 78 75 74 71 68 67 63 62 58 51
 7 -23 21 120 118 117 115 114 113 93 92 91 89 86 85 83 79 74 73 72 68 63 61 57
 3 -89 12 120 117 116 93 86 85 79 78 75 59 57 41
 6 -28 18 121 120 119 116 93 88 86 85 84 76 74 73 70 69 67 65 59 52
 1 -35 13 112 84 80 75 73 70 68 65 64 59 56 55 52
 9 -39 12 120 119 117 112 94 83 79 65 64 61 57 55
 4 -97 17 121 120 116 115 112 103 93 86 81 79 75 71 70 68 66 58 55
 2 -34 19 121 120 116 114 112 92 91 87 84 83 76 75 71 70 67 65 63 61 58
 9 -40 16 121 120 119 118 116 111 93 86 85 80 79 71 70 65 62 52
 3 -25 22 120 119 118 117 114 112 111 92 91 90 86 85 84 81 78 77 75 71 70 65 64 63
 2 -19 10 119 116 91 88 84 80 78 71 68 41
 8 -84 16 121 117 113 112 94 92 89 83 82 80 72 71 70 67 64 59
 9 -33 11 121 116 113 112 110 88 85 72 71 67 52
 2 -28 15 118 117 115 114 113 105 104 92 87 85 84 83 81 63 62
 3 -22 13 119 117 116 92 91 90 88 83 80 78 77 67 63
 10 -70 17 121 115 114 112 109 106 103 100 98 90 87 83 82 77 70 67 65
 9 -15 13 118 115 112 108 98 94 91 81 80 75 72 65 63
 10 -82 12 114 113 108 106 103 91 83 82 81 80 70 58
 9 -28 14 120 116 112 100 93 90 89 81 80 77 73 71 70 63
 7 -1 13 118 115 113 112 111 109 92 88 80 73 72 70 61
 8 -64 11 120 117 103 92 91 90 87 78 70 67 64
 2 -85 14 120 119 112 109 103 100 90 83 82 81 80 78 70 65
 2 -35 13 119 114 111 110 109 104 92 91 81 80 75 68 61
 8 -24 20 116 114 113 112 111 110 109 108 107 105 104 103 102 101 100 99 93 88 81 76
 7 -43 15 119 112 109 108 105 103 99 97 93 90 83 81 80 79 78
 9 -93 12 118 114 109 106 104 103 99 98 91 87 79 65
 8 -68 15 117 115 114 106 105 103 101 98 91 90 89 87 82 81 77
 5 -97 15 115 112 111 110 109 107 105 103 102 100 98 89 87 77 75
 9 -1 14 117 113 112 108 107 104 103 102 100 87 82 81 78 75
 4 -82 13 118 114 113 111 110 108 105 92 91 90 87 78 77
 7 -72 13 120 117 116 111 108 105 103 99 97 87 79 78 77
 3 -95 10 109 107 99 88 84 81 80 77 71 70
 4 -93 11 119 111 110 109 107 105 99 98 89 88 77
 9 -4 13 118 114 108 107 104 103 102 99 98 97 96 95 91
 4 -65 10 113 110 108 107 105 103 101 99 97 80
 9 -95 8 108 105 103 100 99 96 90 78
 2 -39 10 112 107 103 102 101 100 98 95 89 88
 5 -37 9 110 109 106 103 102 101 96 95 82
 10 -58 9 116 115 110 109 99 98 96 95 88
 8 -25 8 113 110 107 105 102 96 95 89
 5 -40 6 109 105 100 99 97 80
 4 -1 5 111 108 105 104 81
 1 -69 5 100 99 98 96 87
 4 -10 5 110 105 98 96 87
 8 -70 4 102 101 97 96
 8 -42 4 108 106 104 98
 6 -43 4 104 103 101 99
 8 -18 4 107 104 103 98
 5 -51 4 112 111 103 97
 1 -25 3 101 99 88
 3 -38 3 106 96 89
 4 -94 3 104 96 95
 3 -57 3 106 98 95
 1 -56 3 107 101 100
 3 -48 2 96 87
 5 -8 2 96 95
 2 -93 2 99 97
 1 -92 2 111 107
 9 -78 2 100 95
 10 -52 2 109 108
 3 -19 2 102 95
 2 -52 1 95
 2 0 1 97
 8 -9 1 97
 4 -46 1 102
 7 -15 1 100
 8 -88 1 101
 9 -70 1 98
 2 -70 1 97
 8 -24 1 122
 9 -67 1 122
 9 -36 1 122
 9 -18 1 122
 8 -98 1 122
 9 -98 1 122
 8 -55 1 122
 7 -43 1 122
 1 -51 1 122
 3 -2 1 122
 10 -22 1 122
 1 -71 1 122
 3 -58 1 122
 10 -82 1 122
 9 -73 1 122
 10 -69 1 122
 1 -9 1 122
 2 -54 1 122
 9 -58 1 122
 1 -4 1 122
 9 -63 1 122
 2 -11 1 122
 10 -53 1 122
 5 -5 1 122
 4 -31 1 122
 2 -42 1 122
 5 -31 1 122
 0 28680 0
