122
 0 -99 5 2 3 4 5 15
 1 -59 8 26 19 14 13 10 9 8 7
 4 -74 7 30 24 20 16 11 10 6
 8 -91 8 30 26 20 19 17 13 12 9
 9 -82 6 32 26 19 18 14 7
 9 -8 6 32 19 18 17 14 12
 5 -64 6 30 27 25 22 17 12
 6 -99 4 32 22 16 12
 1 -91 8 35 34 32 29 27 23 22 18
 2 -34 4 35 25 22 12
 2 -87 5 32 29 22 21 18
 6 -55 5 42 40 29 23 21
 2 -58 5 42 32 25 23 22
 5 -52 5 42 40 37 35 22
 4 -85 4 42 28 25 22
 7 -51 5 35 33 31 28 25
 7 -39 6 45 44 42 37 31 28
 7 -56 5 47 42 40 28 25
 6 -43 4 44 38 33 23
 10 -100 4 44 38 33 23
 1 -24 4 44 34 31 28
 7 -9 7 46 45 44 41 39 38 31
 9 -96 5 45 41 39 37 31
 1 -86 4 44 41 32 31
 10 -85 7 49 45 41 39 38 37 36
 8 -21 6 49 47 42 37 36 33
 6 -79 9 53 49 48 46 44 43 42 41 39
 3 -22 8 53 49 48 46 43 41 39 38
 3 -81 3 49 36 33
 8 -37 4 45 41 39 37
 3 -89 4 53 49 47 36
 7 -47 4 47 46 39 38
 4 -31 4 53 48 43 39
 7 -7 6 65 57 53 48 46 45
 8 -82 10 66 65 58 57 56 55 54 53 52 51
 2 -56 7 65 58 56 52 51 50 43
 2 -24 6 65 55 53 51 48 46
 1 -91 7 65 57 55 54 52 51 50
 1 -41 8 65 59 58 57 56 54 52 51
 3 -5 6 59 57 56 54 51 46
 3 -64 7 67 66 57 56 55 54 52
 10 -47 8 80 66 64 61 60 58 57 54
 8 -8 6 67 66 64 61 55 54
 7 -84 8 80 72 66 65 64 61 60 54
 2 -33 6 80 66 63 58 56 51
 10 -51 9 80 74 67 66 64 63 62 61 58
 2 -44 8 80 72 69 67 65 64 61 54
 1 -27 6 72 67 64 61 60 54
 4 -55 4 69 68 61 52
 9 -88 8 80 74 69 68 66 64 62 61
 1 -89 7 74 72 70 68 67 64 60
 5 -6 8 80 77 76 75 74 72 70 62
 4 -66 7 83 81 80 79 71 64 59
 2 -23 6 76 74 70 68 63 62
 5 -24 5 80 70 69 68 59
 1 -69 5 74 72 69 64 61
 3 -27 10 90 83 81 79 76 75 74 72 71 69
 1 -89 7 90 88 76 72 70 69 68
 10 -50 11 91 90 87 82 78 77 76 75 74 73 72
 8 -3 8 90 84 83 81 77 76 75 69
 10 -43 9 89 87 84 83 82 81 77 75 71
 10 -93 7 90 83 82 81 79 73 71
 8 -60 9 93 91 90 85 84 82 78 75 73
 8 -97 8 93 91 87 84 77 76 75 73
 8 -76 6 90 84 83 82 73 71
 9 -80 9 93 91 88 87 85 83 82 76 73
 2 -31 8 93 91 87 84 82 77 76 73
 8 -22 8 93 91 89 87 83 81 78 77
 1 -36 5 97 93 91 82 73
 3 -91 8 100 97 94 93 91 89 86 83
 3 -51 5 93 91 86 85 78
 5 -78 6 97 94 93 89 86 84
 4 -68 6 103 100 95 94 89 86
 9 -83 6 106 103 99 97 93 86
 7 -33 4 103 97 88 86
 4 -84 7 103 100 97 96 95 94 92
 3 -15 6 103 102 100 95 92 85
 2 -87 6 103 100 99 97 96 92
 3 -69 5 103 99 94 92 87
 9 -10 4 103 99 94 86
 7 -23 4 111 106 95 86
 7 -43 5 102 100 99 96 92
 8 -12 6 103 102 101 99 98 96
 6 -78 5 106 103 102 99 92
 8 -85 5 107 106 101 96 94
 1 -92 4 102 98 96 92
 8 -36 4 110 106 101 97
 3 -95 3 106 99 92
 9 -34 6 121 120 108 102 101 99
 1 -50 3 102 101 100
 3 -67 4 121 106 102 96
 10 -4 6 121 120 110 108 107 101
 3 -71 8 121 120 110 109 108 107 105 104
 6 -4 9 121 120 119 118 114 111 110 108 105
 10 -42 7 121 114 110 108 107 105 104
 8 -15 6 120 110 109 108 105 104
 6 -56 5 121 120 111 105 102
 5 -89 5 121 120 109 105 104
 7 -60 5 119 111 110 109 105
 8 -28 5 121 120 110 106 105
 4 -47 3 109 105 104
 7 -50 3 112 109 107
 10 -79 3 120 114 107
 10 -94 4 119 117 116 113
 6 -25 2 113 112
 7 -11 1 108
 6 -98 3 118 116 113
 1 -50 2 115 112
 1 -77 2 118 114
 7 -99 1 112
 4 -3 1 112
 7 -93 2 117 116
 3 -66 1 115
 10 -3 1 115
 1 -73 1 122
 9 -76 1 122
 1 -22 1 122
 8 -36 1 122
 5 -72 1 122
 4 -52 1 122
 2 -97 1 122
 0 -32031 0
