122
 0 -84 23 2 3 4 5 6 7 8 9 10 11 12 13 14 15 16 17 20 21 25 27 32 37 41
 10 -96 15 66 63 62 57 56 53 51 49 47 44 42 36 30 29 22
 10 -11 14 75 74 67 62 61 56 53 50 49 44 28 24 23 22
 5 -28 10 66 57 52 51 36 34 33 30 26 18
 8 -34 14 121 83 77 73 69 67 57 53 52 51 47 42 35 19
 1 -22 12 71 67 61 58 52 50 49 45 40 39 33 31
 4 -21 16 83 75 74 73 69 67 66 62 59 58 57 56 55 53 36 28
 6 -42 16 95 89 83 77 76 75 74 73 71 61 60 59 56 49 47 30
 9 -27 11 121 83 66 65 57 52 47 44 42 38 35
 7 -28 19 89 83 78 77 75 74 73 69 68 66 63 58 57 54 53 52 47 46 39
 5 -27 14 85 83 77 75 74 71 69 66 64 63 60 54 40 30
 10 -87 16 121 81 78 75 74 70 68 59 58 57 56 52 50 48 43 40
 7 -75 13 121 95 83 76 73 71 66 59 57 52 47 44 30
 4 -82 16 95 89 81 75 74 70 65 62 61 60 59 58 50 49 47 36
 4 -82 10 121 95 77 75 73 62 57 55 30 28
 5 -66 16 121 89 83 78 71 70 69 66 65 63 62 60 54 51 50 47
 8 -60 13 121 120 89 81 72 70 68 65 62 60 56 52 38
 6 -97 10 121 94 83 75 74 71 67 63 62 28
 8 -39 17 95 89 86 85 79 78 76 75 71 70 65 64 62 60 58 56 45
 3 -11 17 120 95 90 89 83 81 76 75 74 73 72 70 68 61 57 56 47
 7 -7 13 121 120 118 95 89 78 76 74 70 65 61 47 45
 10 -88 14 121 94 89 85 83 80 77 70 69 68 60 59 54 52
 7 -13 17 121 120 118 117 95 90 89 88 83 82 81 78 76 72 68 60 47
 7 -63 16 121 120 118 95 90 89 83 82 78 76 71 69 68 65 63 47
 3 -20 13 120 90 89 86 83 80 75 72 70 63 61 57 44
 5 -24 14 118 90 89 88 82 81 78 77 76 75 73 69 61 47
 6 -64 14 121 120 118 117 94 90 88 83 81 76 72 70 68 47
 10 -93 9 120 118 93 89 82 76 60 47 45
 6 -6 20 120 119 118 117 116 95 92 85 84 83 82 80 78 76 75 73 68 65 64 61
 5 -19 7 118 93 78 70 67 58 45
 4 -65 16 120 117 116 105 90 84 82 81 80 79 75 74 73 72 60 57
 2 -96 15 119 116 95 93 92 90 89 86 84 81 78 76 65 64 59
 10 -66 20 121 120 119 118 117 116 105 95 94 90 86 84 83 82 81 79 76 75 72 63
 9 -22 15 121 119 117 116 110 95 92 89 86 84 83 80 78 64 62
 5 0 14 120 119 116 115 114 94 89 87 85 72 71 68 61 59
 2 -79 15 121 120 119 118 117 93 90 86 85 80 79 78 76 71 64
 7 -23 15 117 109 95 93 92 90 84 82 81 79 77 76 74 68 64
 9 -80 14 119 116 114 113 111 95 90 87 85 78 76 75 63 59
 9 -70 15 120 116 115 114 111 105 93 90 87 86 85 84 79 76 59
 8 -95 15 117 115 114 110 109 95 94 93 90 89 87 84 76 73 62
 7 -36 13 121 120 115 114 113 92 87 84 81 79 78 76 70
 2 -91 16 119 118 116 115 110 108 106 95 90 88 84 82 81 78 75 74
 6 -58 15 120 119 116 115 114 108 107 105 92 90 87 86 79 72 69
 6 -95 9 116 92 88 85 82 79 69 64 60
 5 -33 12 117 116 115 107 92 90 88 87 81 80 72 68
 5 -71 20 118 117 116 115 114 113 112 111 110 109 108 106 105 95 94 93 92 91 84 82
 5 -62 11 119 116 113 101 92 86 85 84 80 79 64
 9 -92 8 118 116 112 90 86 72 69 64
 7 -41 11 121 119 116 113 111 108 91 85 79 78 69
 9 -56 13 118 115 106 105 93 92 88 87 86 84 82 79 72
 7 -10 13 120 116 115 114 109 108 102 94 92 88 84 76 68
 10 -20 11 118 116 113 111 109 102 93 88 84 79 64
 3 -75 14 120 111 109 108 106 105 101 100 95 94 90 87 84 70
 10 -44 14 118 114 112 110 108 105 103 93 92 90 88 86 81 72
 3 -9 14 118 116 115 111 109 106 105 104 103 102 90 88 87 79
 7 -68 13 115 113 112 107 105 104 103 102 101 100 91 88 80
 10 -8 11 118 115 112 111 102 101 100 94 88 87 85
 5 -99 13 120 116 112 109 107 106 105 104 102 101 97 87 84
 5 -24 11 118 117 110 108 107 106 101 100 91 88 82
 4 -22 14 119 114 113 112 111 110 108 106 103 102 100 98 97 91
 6 -32 13 113 111 110 109 107 106 105 103 102 100 97 93 91
 3 -79 9 113 111 108 107 105 101 91 88 82
 8 -38 12 110 109 108 106 104 103 102 99 98 97 92 91
 1 -48 11 115 114 108 107 106 105 103 100 98 97 87
 9 -47 12 115 114 113 109 108 104 103 100 99 98 97 91
 2 -22 12 118 116 109 108 104 103 102 101 99 97 96 94
 3 -100 7 114 108 105 103 101 91 79
 8 -20 10 113 112 110 106 105 104 103 101 99 91
 3 -76 8 117 106 104 102 101 100 97 84
 10 -51 7 119 116 110 107 103 96 82
 6 -34 7 111 105 102 98 97 92 84
 2 -56 9 113 111 109 104 101 100 99 98 96
 3 -27 9 108 107 106 103 102 101 100 99 98
 10 -89 7 113 111 104 101 100 99 91
 4 -65 5 102 98 97 93 91
 4 -44 6 106 104 101 100 99 97
 9 -68 6 120 112 105 101 100 98
 4 -32 5 109 105 101 99 94
 1 -18 5 112 110 100 98 97
 4 -13 5 114 108 98 97 96
 9 -36 4 111 102 100 91
 4 -13 4 104 102 98 97
 5 -23 3 106 97 93
 7 -88 3 103 99 96
 2 -35 3 104 103 98
 4 -9 3 109 102 97
 10 -44 2 99 91
 5 -39 2 99 98
 2 -64 2 112 105
 6 -38 1 91
 7 -64 1 96
 3 -53 1 100
 10 -90 1 101
 1 -11 1 107
 2 -39 1 97
 6 -74 1 122
 5 -99 1 122
 2 -3 1 122
 6 -40 1 122
 5 -87 1 122
 10 -36 1 122
 9 -50 1 122
 4 -28 1 122
 7 -54 1 122
 4 -83 1 122
 7 -40 1 122
 3 -21 1 122
 9 -10 1 122
 5 -91 1 122
 1 -66 1 122
 8 -53 1 122
 8 -72 1 122
 9 -14 1 122
 8 -1 1 122
 6 -20 1 122
 7 -89 1 122
 10 -85 1 122
 9 -19 1 122
 6 -89 1 122
 1 -72 1 122
 9 -83 1 122
 0 30050 0
