122
 0 -10 18 2 3 4 5 6 7 8 9 10 12 14 16 17 21 23 24 25 26
 9 -92 12 63 55 52 51 48 46 45 43 31 22 20 15
 1 -89 13 73 63 61 55 51 49 45 41 38 36 31 22 15
 2 -89 14 90 60 56 55 53 52 39 38 37 36 34 33 30 13
 2 -55 9 59 58 56 45 43 36 34 19 11
 5 -80 18 62 60 56 53 52 50 49 48 47 46 43 41 39 37 34 31 28 27
 10 -58 14 90 73 58 53 52 44 43 41 38 34 33 32 27 13
 6 -42 13 75 70 67 60 55 54 53 52 49 45 37 33 18
 8 -100 21 75 73 70 69 67 63 61 60 58 56 55 54 52 51 50 48 47 45 41 36 34
 1 -37 17 100 90 83 75 69 68 67 66 65 54 53 51 47 43 41 38 29
 2 -95 19 100 88 85 76 75 74 70 69 67 65 63 62 55 54 51 49 47 46 40
 1 -85 16 94 90 75 74 70 65 63 59 55 54 53 52 51 47 38 35
 2 -5 21 100 88 83 78 75 71 70 69 68 67 66 65 63 62 61 59 57 54 51 50 47
 10 -40 18 100 99 89 88 87 75 74 73 63 62 60 58 55 53 47 43 40 39
 9 -79 14 90 87 77 76 72 66 65 62 60 57 56 53 47 37
 6 -17 15 82 75 73 72 71 70 69 67 66 64 60 57 56 52 32
 4 -20 13 94 90 88 77 75 73 68 65 63 53 45 40 37
 5 -98 14 100 99 74 73 69 66 65 63 62 58 51 41 40 34
 9 -31 14 100 99 90 86 83 69 66 65 62 57 51 48 42 39
 4 -96 8 89 75 69 68 60 56 33 29
 3 -64 15 94 90 88 87 77 76 73 72 71 68 65 64 62 50 37
 8 -32 12 91 83 78 75 74 67 66 59 58 54 39 34
 6 -79 11 90 88 74 69 68 62 53 52 47 39 33
 7 -11 19 92 88 84 83 82 78 76 73 72 71 70 68 65 64 63 61 59 58 49
 4 -12 14 100 90 83 82 80 76 75 74 73 71 69 65 54 34
 9 -68 13 100 93 88 86 85 83 79 74 73 66 65 51 39
 2 -65 20 121 119 100 99 92 91 89 87 81 80 78 77 76 74 72 69 67 66 64 59
 3 -75 19 118 100 98 97 92 91 90 88 86 85 80 79 77 76 75 71 68 66 58
 2 -9 15 92 91 88 86 84 82 78 76 74 72 71 70 61 59 58
 10 -30 18 121 116 114 100 99 92 89 87 84 83 80 79 78 73 72 65 59 58
 6 -83 17 121 118 116 114 97 94 92 89 88 87 85 84 81 77 74 65 58
 2 -41 15 116 115 97 94 93 92 89 87 85 84 83 81 77 65 54
 6 -94 12 120 117 100 92 85 82 79 77 72 71 66 64
 2 -65 11 98 94 89 88 87 85 84 81 72 64 57
 4 -48 14 114 100 96 95 88 87 86 85 80 79 78 73 72 68
 7 -7 13 118 98 96 94 92 89 88 83 80 79 76 68 62
 1 -57 13 100 99 96 89 86 84 83 82 80 78 74 69 59
 6 -4 18 121 120 118 116 115 114 112 98 97 96 95 92 91 89 87 79 78 77
 7 -79 14 120 118 113 108 98 97 94 92 84 80 77 76 71 70
 2 -70 14 120 117 115 114 98 96 93 91 86 84 82 81 78 72
 6 -44 18 121 119 118 117 116 115 112 108 98 96 94 93 91 88 84 81 77 76
 3 -5 17 121 120 119 118 117 116 115 114 103 98 97 95 87 85 78 77 73
 7 -3 12 121 116 115 112 95 92 91 85 81 79 78 61
 5 -50 10 120 116 100 99 91 87 78 76 72 71
 10 -91 14 118 113 112 110 99 98 96 93 92 91 87 76 74 71
 8 -68 11 121 120 116 115 111 97 96 80 77 73 68
 7 -59 13 119 117 113 111 110 109 106 93 92 91 84 82 64
 7 -98 13 120 119 118 116 113 112 108 97 96 95 94 88 71
 2 -36 11 120 118 117 114 109 93 90 87 86 81 66
 3 -27 15 121 120 117 116 114 112 110 109 99 93 92 91 85 81 74
 8 -10 12 116 114 113 103 98 96 95 92 91 89 87 72
 4 -14 11 118 115 109 107 99 98 96 86 80 78 76
 5 -11 11 118 116 112 110 109 108 105 103 95 91 71
 6 -1 12 120 118 117 113 111 110 109 108 104 99 95 79
 6 -66 16 118 117 116 114 113 112 111 110 108 107 106 105 104 103 101 95
 3 -4 11 120 114 111 110 108 107 106 95 93 92 88
 4 -66 10 116 115 111 109 107 102 97 93 92 79
 10 -46 12 119 117 113 112 111 110 108 107 106 105 95 93
 7 -12 10 112 111 110 109 108 106 105 98 95 85
 6 -85 10 117 114 112 110 108 107 106 104 91 86
 6 -54 8 120 117 114 113 104 103 96 77
 3 -99 11 120 117 116 115 110 109 105 104 101 97 95
 10 -76 10 121 115 113 112 111 108 107 105 93 91
 6 -49 8 115 114 108 107 104 102 96 86
 10 -79 8 112 110 107 106 103 98 96 91
 9 -8 8 112 111 108 107 106 96 95 94
 6 -80 6 113 111 109 104 93 84
 3 -65 9 119 109 108 107 106 105 102 101 99
 9 -83 9 120 116 115 114 109 108 104 103 101
 7 -83 7 117 112 110 104 103 96 95
 7 -87 5 121 115 114 111 81
 9 -84 7 118 112 110 109 102 101 97
 5 -14 6 113 112 109 107 104 91
 3 -86 6 115 108 107 105 104 102
 4 -85 6 110 108 106 105 104 101
 5 -12 5 114 111 106 101 95
 8 -96 5 110 109 106 102 101
 7 -76 5 113 111 108 105 101
 9 -7 5 119 106 105 103 101
 5 -60 5 117 112 105 102 101
 6 -23 4 107 106 104 101
 8 -13 4 107 103 102 101
 9 -93 4 113 109 108 101
 3 -90 3 107 103 95
 3 -42 3 113 104 101
 9 -69 3 116 103 101
 10 -53 3 107 104 101
 2 -79 3 109 105 103
 1 -8 3 117 108 104
 3 -5 3 111 110 103
 8 -13 2 102 101
 7 -80 2 104 101
 1 -27 2 103 101
 2 -74 2 103 101
 5 -44 1 102
 3 -64 1 105
 3 -94 1 106
 6 -95 1 104
 2 -60 1 103
 8 -6 1 115
 7 -51 1 122
 7 -57 1 122
 2 -5 1 122
 6 -42 1 122
 10 -35 1 122
 6 -16 1 122
 9 -98 1 122
 7 -2 1 122
 3 -52 1 122
 2 -73 1 122
 9 -50 1 122
 7 -64 1 122
 7 -8 1 122
 10 -39 1 122
 9 -66 1 122
 10 -18 1 122
 8 -100 1 122
 6 -55 1 122
 6 -18 1 122
 8 -16 1 122
 5 -75 1 122
 0 31310 0
