122
 0 -92 16 2 3 4 5 6 7 8 9 10 11 12 14 15 19 20 23
 3 -23 10 40 39 38 35 30 29 27 24 18 17
 9 -68 15 45 42 39 38 37 35 34 33 32 31 30 29 25 24 22
 8 -70 11 45 40 39 36 35 31 30 29 24 22 17
 7 -66 10 42 40 39 35 33 32 28 24 18 16
 9 -23 7 37 35 32 31 24 16 13
 7 -47 13 51 49 47 45 44 43 39 38 36 35 31 26 24
 8 -71 9 53 47 45 40 38 37 34 33 21
 3 -41 10 51 44 39 38 37 34 33 31 25 24
 8 -5 10 53 51 47 44 42 40 39 38 27 24
 7 -73 8 49 45 44 42 39 38 24 22
 7 -18 5 60 39 33 24 16
 7 -36 10 58 53 51 49 45 44 43 41 39 33
 3 -54 8 47 45 43 42 41 39 33 32
 2 -92 7 45 44 42 41 38 37 30
 3 -19 9 72 53 52 49 46 44 41 34 30
 5 -67 7 55 49 46 41 37 34 25
 6 -47 6 55 46 45 44 41 22
 2 -54 6 49 45 44 42 38 33
 5 -55 8 60 53 52 49 46 44 41 34
 1 -87 6 57 52 49 44 39 24
 4 -31 10 79 72 71 69 62 57 53 52 47 43
 6 -4 15 79 77 72 69 63 62 61 60 59 54 53 52 50 48 46
 1 -36 10 72 64 63 61 58 56 55 54 50 41
 9 -35 9 72 71 69 62 60 56 53 52 43
 5 -13 9 72 63 61 58 57 56 55 52 41
 3 -90 8 79 72 69 62 60 52 46 43
 10 -32 6 72 62 58 48 44 43
 5 -42 11 77 66 62 61 60 59 58 54 52 46 44
 7 -80 14 79 77 76 71 64 63 62 61 59 57 55 54 51 50
 4 -90 13 80 79 77 69 64 63 62 59 58 57 53 50 48
 10 -70 13 79 77 72 71 67 64 63 61 60 59 55 54 50
 7 -3 9 77 63 61 57 56 55 52 50 46
 6 -86 7 71 69 64 62 57 56 43
 1 -47 10 79 77 71 67 63 61 59 54 52 50
 3 -2 9 79 71 67 63 62 60 54 52 50
 6 -78 11 89 80 72 71 66 63 61 59 57 56 52
 8 -17 8 77 72 65 60 59 58 52 46
 6 -56 14 89 82 80 76 74 72 71 69 68 66 65 64 63 61
 6 -73 8 79 77 72 71 64 63 57 50
 4 -8 7 83 81 80 79 77 62 48
 4 -61 7 76 74 63 62 59 54 50
 4 -56 6 77 63 61 59 54 50
 9 -63 12 89 82 80 79 76 71 70 69 68 65 64 63
 9 -67 8 74 71 68 65 64 62 61 56
 10 -75 11 89 86 83 82 81 80 76 71 68 67 64
 1 -50 9 89 85 81 80 77 73 67 59 58
 4 -43 11 89 87 85 82 75 71 70 68 67 66 65
 4 -32 8 89 83 82 81 71 70 68 64
 7 -57 9 89 87 83 81 78 70 68 66 65
 7 -62 11 92 89 87 86 85 84 83 82 75 68 66
 8 -36 8 86 83 81 78 76 74 68 64
 1 -44 14 121 119 98 97 93 87 84 83 82 81 78 76 73 70
 4 -56 12 98 97 93 87 85 84 82 81 80 75 73 70
 2 -79 8 89 87 78 75 74 73 70 69
 5 -68 10 121 93 91 85 84 83 81 79 76 70
 6 -19 9 119 112 111 98 91 87 84 74 70
 8 -91 17 121 120 119 118 117 115 112 111 107 97 93 92 91 87 86 83 78
 3 -84 7 117 97 91 87 82 75 70
 2 -44 12 118 117 112 97 96 91 90 88 84 83 76 74
 9 -66 8 120 119 112 93 91 87 85 70
 6 -32 7 117 98 93 91 87 82 70
 5 -57 15 119 118 115 113 111 110 97 96 95 94 92 91 88 86 81
 6 -45 12 119 118 109 97 96 95 94 93 87 85 84 75
 2 -99 12 121 117 116 115 113 111 106 96 95 90 84 73
 6 -13 20 121 119 118 117 115 114 112 111 110 109 107 106 103 100 97 96 95 94 93 91
 5 -7 12 119 117 112 109 108 107 98 96 93 90 84 74
 1 -43 10 116 115 114 113 106 98 97 95 90 73
 2 -60 13 119 117 115 112 111 108 106 103 97 95 93 88 83
 1 -15 13 118 115 114 113 110 108 103 96 95 94 92 88 86
 3 -35 13 119 115 114 112 111 109 108 106 105 103 95 92 78
 2 -86 13 120 119 118 117 112 111 108 107 106 103 98 92 86
 8 -86 10 120 118 112 110 109 107 103 99 94 91
 6 -99 11 121 120 115 110 106 104 103 101 100 99 95
 8 -63 7 121 113 112 111 107 103 90
 3 -12 9 120 115 111 109 106 104 102 100 99
 1 -33 9 119 117 108 107 105 103 102 101 99
 4 -83 8 116 110 104 102 100 99 96 94
 5 -13 8 119 112 111 107 106 103 101 97
 3 -24 6 119 115 111 100 94 92
 6 -48 8 117 116 114 112 106 103 102 100
 5 -64 4 111 102 99 88
 2 -13 6 114 113 109 105 100 94
 5 -10 6 114 110 105 103 101 99
 6 -15 6 117 113 104 101 100 99
 4 -32 3 109 105 90
 2 -87 5 110 108 106 103 100
 4 -63 4 116 107 101 100
 5 -95 4 111 106 102 99
 8 -46 3 102 100 99
 4 -34 2 108 104
 1 -51 2 104 99
 1 -8 2 113 99
 3 -25 1 101
 10 -33 1 102
 7 -93 1 101
 10 -52 1 105
 6 -23 1 104
 2 -73 1 122
 10 -28 1 122
 9 -25 1 122
 8 -11 1 122
 5 -23 1 122
 7 -83 1 122
 1 -2 1 122
 5 -20 1 122
 2 -59 1 122
 2 -46 1 122
 8 -59 1 122
 3 -84 1 122
 1 -34 1 122
 1 -49 1 122
 4 -54 1 122
 10 -8 1 122
 4 -88 1 122
 9 -23 1 122
 9 -95 1 122
 8 -8 1 122
 4 -35 1 122
 2 -75 1 122
 5 -24 1 122
 0 29285 0
