122
 0 -88 9 2 3 5 6 7 8 9 15 17
 4 -43 5 23 20 14 11 4
 4 -28 8 37 25 23 18 16 14 11 10
 8 -100 8 37 25 22 21 19 18 16 12
 10 -68 5 37 25 14 11 10
 8 -26 6 37 30 25 21 16 14
 2 -72 4 37 29 25 10
 3 -94 3 29 23 13
 10 -48 7 37 31 29 27 25 24 23
 2 -1 5 31 30 26 24 22
 9 -79 5 34 31 27 24 19
 5 -42 7 34 32 30 29 28 27 26
 8 -74 7 35 34 31 30 27 26 25
 7 -29 5 39 31 28 26 22
 5 -27 6 38 35 30 28 25 23
 3 -7 5 33 31 27 26 24
 4 -89 5 41 34 31 30 27
 5 -29 5 41 38 34 30 29
 8 -61 4 39 33 32 26
 6 -28 6 45 39 38 34 33 27
 8 -69 4 39 38 28 27
 3 -87 4 45 34 33 27
 1 -28 5 46 45 39 36 33
 3 -29 5 48 46 38 35 32
 7 -18 7 48 46 44 43 42 41 36
 4 -48 6 46 44 41 40 38 36
 2 -10 7 48 46 44 43 42 40 36
 2 -22 5 59 46 45 43 33
 3 -96 5 59 53 46 43 33
 1 0 3 45 39 33
 3 -35 6 52 48 46 43 42 36
 5 -72 6 59 53 50 45 44 42
 9 -78 5 48 47 44 42 40
 7 -9 7 59 53 52 50 48 44 43
 2 -17 3 47 42 40
 5 -51 8 59 57 56 53 51 50 49 47
 6 -14 8 59 58 57 56 52 50 49 47
 2 -42 3 59 51 42
 8 -20 3 58 50 43
 3 -91 6 57 56 52 51 50 49
 6 -26 4 58 57 49 45
 4 -26 7 68 63 62 58 57 56 49
 2 -65 6 68 63 57 56 51 49
 1 -28 5 70 68 57 54 51
 1 -80 6 70 63 62 60 55 52
 2 -4 7 78 71 64 62 60 58 54
 6 -56 7 76 71 70 65 63 62 55
 6 -38 7 76 69 64 63 61 60 57
 8 -70 6 70 69 65 64 60 54
 5 -64 9 83 76 74 71 68 66 65 63 61
 7 -15 8 78 72 71 67 65 64 62 60
 7 -10 12 83 80 76 75 73 72 71 69 68 67 65 64
 8 -95 10 83 80 76 73 72 71 67 66 65 64
 4 -36 2 76 55
 8 -6 6 83 80 77 74 66 61
 8 -33 6 83 80 75 74 67 65
 2 -70 5 73 71 67 66 65
 8 -26 4 70 67 66 65
 9 -66 8 89 84 81 79 77 75 74 72
 6 -8 6 84 83 80 79 73 66
 7 -22 5 81 75 73 72 67
 9 -87 5 83 82 79 77 69
 7 -19 8 89 87 86 82 81 80 79 75
 5 -2 6 92 89 81 79 77 74
 7 -29 7 98 92 89 86 82 81 77
 10 -46 6 95 89 87 82 81 75
 1 -28 7 98 94 92 86 85 84 79
 10 -31 6 98 95 93 87 81 78
 9 -68 7 98 92 91 89 86 85 81
 1 -43 6 99 98 97 92 88 80
 10 -29 7 104 98 95 94 92 87 79
 6 -50 7 98 97 95 94 88 85 82
 10 -65 9 110 104 98 95 93 91 90 89 87
 4 -84 5 100 98 94 86 82
 6 -6 7 110 98 94 93 92 88 85
 8 -93 6 110 98 92 89 88 85
 9 -83 6 110 104 94 88 87 85
 9 -22 6 104 99 94 92 90 88
 2 -53 6 110 107 97 93 90 88
 10 -42 6 110 104 95 94 93 85
 1 -55 9 110 108 105 104 100 99 97 96 94
 4 -43 7 113 110 108 107 104 93 91
 5 -71 8 121 113 105 104 100 98 96 93
 3 -91 6 110 108 104 100 95 91
 7 -11 3 121 105 90
 9 -100 6 121 108 105 97 96 95
 7 -18 6 121 113 109 105 97 96
 8 -2 2 108 91
 3 -93 6 120 113 108 107 100 94
 10 -95 5 113 108 102 100 96
 3 -39 6 121 109 106 105 102 96
 6 -36 5 107 105 102 100 96
 9 -85 6 120 112 111 106 103 102
 4 -7 5 112 111 106 103 102
 10 -72 6 117 112 111 109 106 103
 2 -28 4 120 112 111 101
 4 -68 4 111 106 103 102
 4 -88 3 108 106 101
 5 -89 6 121 119 116 113 111 107
 5 -19 4 119 112 111 106
 7 -68 2 117 103
 3 -89 5 119 118 117 115 114
 6 -99 4 118 116 115 114
 10 -3 4 119 117 116 114
 8 -84 3 117 114 111
 2 -99 3 116 115 114
 2 -85 3 117 115 114
 6 -73 1 109
 1 -90 2 115 114
 9 -67 2 116 115
 3 -16 1 115
 5 -75 1 118
 8 -52 1 114
 7 -31 1 122
 9 -9 1 122
 2 -60 1 122
 7 -84 1 122
 7 -63 1 122
 10 -28 1 122
 1 -62 1 122
 10 -62 1 122
 0 30010 0
