122
 0 -33 12 2 3 4 7 8 9 12 13 14 16 20 24
 5 -62 6 43 31 21 18 15 5
 3 -87 4 27 26 11 6
 5 -52 8 48 37 35 25 22 19 18 17
 3 -63 11 48 42 41 38 37 35 33 30 28 23 19
 10 -69 10 48 40 39 38 35 33 30 28 25 17
 7 -66 6 48 43 38 30 23 10
 4 -40 10 46 45 42 40 35 33 32 30 29 23
 3 -84 9 48 45 43 42 37 35 30 26 23
 9 -77 11 58 46 44 42 41 40 39 35 33 29 28
 1 -92 10 58 54 50 46 43 42 41 39 35 34
 3 -67 10 69 46 45 44 42 37 36 35 33 28
 7 -79 11 58 54 51 48 46 44 43 40 39 33 29
 1 -37 12 58 56 55 54 51 50 47 43 39 38 37 33
 4 -16 9 58 54 51 45 44 37 36 33 29
 7 -90 9 68 58 54 49 46 45 39 34 30
 9 -34 8 63 58 47 46 45 42 34 29
 1 -45 8 54 51 47 45 38 33 30 29
 3 -66 10 76 67 58 54 46 45 44 40 39 29
 1 -94 14 74 69 68 65 63 58 57 53 50 47 46 45 42 34
 3 -94 11 69 66 58 56 55 50 45 44 42 35 33
 5 -27 7 58 53 52 46 40 30 28
 4 -36 8 68 58 55 54 50 49 39 34
 7 -25 10 68 67 61 58 56 52 49 46 39 30
 10 -70 17 75 74 69 68 67 66 65 63 61 58 57 56 53 51 50 44 41
 1 -27 12 68 66 65 59 58 56 53 52 51 49 47 46
 5 -77 13 70 68 67 66 62 60 57 53 52 50 49 45 44
 2 -29 16 76 73 70 68 67 66 65 63 61 60 59 57 56 55 54 49
 10 -12 14 75 73 70 69 68 66 65 62 61 57 56 53 50 49
 10 -50 15 84 82 78 74 73 70 69 66 65 63 62 60 57 55 50
 7 -54 13 78 76 75 74 70 69 68 66 65 63 58 50 47
 5 -85 13 78 76 75 74 70 66 65 61 60 59 58 57 47
 3 -85 12 76 75 70 68 67 65 61 60 59 57 53 49
 7 -92 10 78 75 67 66 61 59 56 52 51 44
 9 -77 10 75 68 67 64 63 61 53 51 49 47
 5 -67 9 73 70 61 60 57 55 50 49 47
 10 -28 12 84 75 74 73 67 66 65 63 62 60 59 52
 3 -2 10 86 70 68 67 66 65 61 59 52 44
 4 -25 11 82 75 73 70 69 65 64 63 60 57 53
 7 -37 6 74 73 70 65 55 47
 3 -83 9 93 84 78 72 71 70 62 59 52
 9 -29 10 89 85 84 82 78 77 72 71 62 59
 1 -69 11 94 89 84 83 78 77 71 69 65 64 62
 9 -97 14 98 93 92 91 89 85 84 82 80 77 73 72 71 64
 1 -40 13 107 93 92 91 89 86 83 82 77 75 71 64 61
 8 -73 8 91 84 80 77 73 71 64 55
 5 -15 9 93 92 88 84 82 77 72 71 62
 10 -78 8 94 89 84 83 71 64 63 62
 6 -27 14 107 98 94 92 90 88 86 82 81 80 79 78 74 71
 4 -32 5 89 77 72 71 59
 8 -63 7 93 87 86 81 71 70 60
 6 -6 13 99 98 92 91 89 88 83 82 81 80 79 77 76
 2 -3 14 107 105 98 94 93 91 89 87 86 85 84 83 79 71
 5 -56 11 105 93 91 89 86 84 81 80 79 72 71
 7 -1 11 106 105 99 98 95 93 89 88 86 75 72
 10 -16 14 107 106 105 98 97 95 94 93 91 87 86 84 83 79
 1 -91 11 98 97 93 92 91 88 87 83 81 80 77
 5 -10 6 107 105 99 94 89 62
 3 -17 7 106 98 97 92 91 80 64
 10 -42 9 121 106 105 99 98 97 91 89 72
 7 -48 11 119 118 105 104 98 94 90 87 84 81 80
 8 -96 10 119 118 98 97 91 87 86 81 80 79
 4 -97 12 120 119 118 107 105 103 99 98 95 93 80 79
 6 -40 10 121 120 119 118 105 99 88 87 81 79
 7 -99 18 121 120 119 117 113 112 106 105 104 103 100 99 98 97 96 95 93 92
 5 -89 8 119 102 101 95 91 90 79 77
 3 -10 16 121 119 118 116 114 113 112 107 105 104 102 99 97 96 94 90
 2 -34 12 119 118 113 106 105 104 100 96 95 94 93 84
 2 -24 9 121 116 112 107 106 103 98 93 81
 1 -96 7 121 120 119 99 97 92 79
 8 -80 17 121 120 118 117 116 115 114 113 112 106 104 102 101 100 97 96 95
 5 -62 8 117 116 114 107 102 96 94 83
 2 -72 13 119 118 117 114 113 112 106 103 102 101 96 95 90
 5 -32 7 119 115 114 103 89 87 85
 8 -5 11 119 118 116 114 113 112 111 104 102 97 90
 6 -8 8 119 118 113 112 107 100 97 87
 6 -13 12 121 120 117 116 114 113 112 111 109 106 105 104
 4 -46 7 118 117 116 111 110 99 91
 10 -31 9 117 116 115 114 113 112 104 100 96
 5 -99 9 121 116 115 114 113 112 102 101 100
 9 -79 8 117 114 113 102 101 100 96 95
 5 -19 8 120 117 113 112 109 105 100 95
 6 -25 5 119 113 112 111 90
 6 -100 7 116 115 114 112 111 110 99
 9 -30 7 118 117 113 112 109 102 100
 9 -80 7 121 120 112 111 110 109 108
 8 -21 5 116 111 110 102 101
 4 -44 5 112 110 109 103 102
 4 -46 5 118 112 111 109 108
 5 -94 4 115 109 108 100
 4 -45 4 113 112 109 103
 7 -95 4 118 111 108 101
 5 -86 4 115 114 111 108
 3 -42 3 120 109 103
 9 -65 3 111 110 108
 7 -8 2 111 108
 8 -52 2 110 108
 5 -19 2 109 108
 4 -57 1 101
 9 -54 1 110
 4 -33 1 109
 3 -89 1 108
 10 -91 1 108
 6 -46 1 108
 10 -41 1 110
 8 -40 1 108
 8 -25 1 109
 10 -15 1 122
 10 -93 1 122
 6 -39 1 122
 5 -37 1 122
 2 -38 1 122
 7 -17 1 122
 4 -75 1 122
 6 -45 1 122
 3 -88 1 122
 7 -23 1 122
 10 -50 1 122
 7 -11 1 122
 10 -64 1 122
 4 -37 1 122
 0 31195 0
