122
 0 -83 27 2 3 4 5 6 7 8 9 10 11 12 13 14 15 16 17 19 20 21 22 23 24 26 27 28 30 44
 1 -85 15 77 65 61 60 56 55 53 45 40 39 36 33 29 25 18
 10 -41 16 72 69 65 61 59 56 55 53 52 51 50 48 45 39 37 31
 6 -100 15 97 72 71 67 64 62 61 58 56 54 48 46 43 32 31
 5 -20 13 85 76 74 67 64 62 55 52 49 48 45 34 33
 2 -13 14 97 85 77 70 64 62 57 54 52 48 43 42 33 32
 1 -32 12 74 73 72 67 65 63 58 57 47 45 37 35
 1 -29 15 121 97 84 74 72 70 69 67 65 63 62 56 49 48 35
 1 -18 13 97 85 76 75 72 69 65 59 55 53 48 39 37
 3 -62 20 121 97 96 91 90 84 81 74 73 72 71 69 67 66 64 59 56 51 50 38
 7 -58 20 121 97 89 86 85 84 81 79 77 75 74 70 69 67 62 59 56 54 49 48
 7 -54 16 97 91 85 84 79 78 75 71 70 67 64 61 55 51 48 43
 7 -64 15 91 85 84 74 72 70 68 67 65 61 59 57 55 52 48
 8 -57 11 84 75 74 72 70 68 65 63 52 48 35
 1 -71 18 96 91 77 75 74 73 72 71 69 68 67 66 65 61 60 59 57 55
 10 -95 15 91 89 85 84 79 77 72 70 67 66 63 61 59 55 43
 5 -97 15 91 89 81 79 74 72 70 67 64 55 54 53 52 48 43
 9 -36 13 97 90 86 76 75 74 72 63 62 59 49 48 41
 3 -4 20 121 96 91 87 85 84 79 77 76 75 74 73 71 70 69 68 66 65 59 55
 3 -47 16 97 96 91 75 74 73 72 71 67 66 65 64 61 56 54 52
 10 -2 11 97 86 85 76 72 67 62 59 48 43 41
 4 -16 8 121 119 84 72 63 61 48 31
 3 -69 18 97 91 90 89 88 84 81 79 77 74 73 70 67 64 62 59 58 52
 2 -74 18 121 97 96 91 90 84 81 79 76 73 71 70 69 68 66 64 59 51
 6 0 15 97 95 91 86 85 84 81 79 76 74 71 62 54 48 43
 1 -12 13 91 86 81 79 77 75 73 71 66 59 53 52 43
 10 -62 16 121 116 97 96 95 85 84 79 76 73 71 69 66 65 64 63
 7 -6 15 121 118 91 90 89 86 81 79 76 72 71 70 59 56 48
 7 -59 7 81 74 70 66 64 59 43
 1 -16 12 121 95 91 89 85 84 81 78 77 62 58 48
 4 -29 13 118 116 96 88 86 85 78 75 73 70 66 57 49
 4 -56 18 121 120 119 117 114 96 95 93 91 90 89 86 84 83 79 73 68 63
 7 -93 14 111 108 96 91 90 89 87 86 84 79 72 71 66 59
 2 -71 14 118 116 95 93 91 87 86 80 77 71 69 68 66 63
 3 -91 12 118 117 91 90 89 88 87 86 85 79 61 59
 3 -41 16 120 119 118 117 96 95 92 90 89 88 83 79 78 74 68 64
 7 -80 14 121 119 117 96 93 91 90 89 83 81 78 77 68 64
 2 -79 14 120 118 116 115 112 94 93 85 80 78 77 76 68 57
 10 -49 11 121 119 117 96 95 88 79 74 67 66 62
 6 -67 10 117 111 96 95 92 89 88 79 64 59
 6 -94 18 121 115 114 112 110 109 96 95 94 93 89 88 87 84 83 81 79 68
 8 -58 15 121 120 118 117 114 113 112 95 92 90 83 82 79 74 67
 7 -91 14 121 120 118 113 110 96 93 92 90 87 83 80 69 68
 8 -81 17 121 118 115 113 112 110 105 94 93 91 90 88 82 81 80 78 76
 10 -46 13 117 116 115 112 97 96 89 87 84 83 75 70 68
 8 -12 12 121 119 117 112 94 91 90 82 81 78 74 65
 1 -72 12 120 119 118 114 113 112 109 96 90 88 81 68
 10 -40 8 115 108 106 96 88 80 73 66
 10 -17 14 117 114 113 112 111 110 109 103 95 93 92 91 87 68
 9 -47 14 120 116 115 114 111 110 109 103 93 92 88 87 83 68
 1 -55 15 118 116 114 112 108 107 104 102 94 93 92 89 87 82 80
 4 -2 13 121 119 117 115 114 113 108 99 92 87 83 80 78
 2 -20 15 114 113 112 111 110 108 107 105 102 95 93 92 88 82 80
 9 -81 14 118 112 110 109 108 107 104 103 102 93 90 88 87 82
 9 -15 13 118 117 111 108 107 106 105 104 98 92 90 86 80
 8 -58 12 116 115 113 111 110 109 108 93 92 87 83 82
 8 -31 10 114 110 108 95 92 89 87 83 82 79
 5 -29 8 119 114 111 106 103 101 94 66
 5 -84 11 119 116 114 113 112 110 104 93 82 80 78
 10 -38 11 116 115 112 111 108 104 93 92 87 82 78
 10 -33 9 116 114 113 112 110 109 105 81 76
 9 -44 7 114 112 110 103 93 87 68
 9 0 9 115 108 105 104 103 99 98 81 78
 10 -68 8 112 110 108 106 102 87 86 80
 1 -32 13 114 111 110 108 107 105 104 102 100 99 98 93 89
 2 -48 9 120 113 112 110 105 99 98 92 83
 10 -34 6 115 111 110 108 87 80
 7 -69 8 108 107 106 105 104 102 100 82
 10 -52 8 117 114 112 111 100 94 88 82
 3 -41 8 109 108 105 103 102 95 94 82
 4 -89 10 119 117 109 107 106 104 103 101 100 98
 9 -87 6 110 101 99 98 92 83
 1 -72 8 112 111 110 109 103 101 100 94
 9 -91 8 111 104 103 102 101 99 98 93
 7 -28 8 113 111 108 104 103 100 99 95
 8 -69 5 108 103 100 99 83
 9 -10 6 111 110 105 102 99 92
 5 -49 5 109 107 106 102 101
 1 -68 5 106 105 104 101 99
 7 -64 4 109 103 101 100
 10 -84 3 111 101 92
 4 -80 3 101 99 98
 10 -11 3 107 104 102
 7 -11 3 118 103 98
 10 -58 3 106 103 98
 8 -2 2 115 94
 2 -53 2 105 98
 3 -62 2 101 99
 9 -77 2 113 103
 8 -48 2 116 100
 7 -49 2 102 98
 6 -50 1 100
 10 -24 1 106
 7 -90 1 99
 10 -64 1 98
 8 -100 1 98
 5 -1 1 110
 6 -16 1 122
 7 -95 1 122
 1 -61 1 122
 8 -6 1 122
 7 -92 1 122
 8 -58 1 122
 9 -29 1 122
 9 -64 1 122
 2 -16 1 122
 1 -4 1 122
 4 -66 1 122
 9 -93 1 122
 7 -84 1 122
 5 -66 1 122
 9 -5 1 122
 10 -61 1 122
 10 -73 1 122
 4 -52 1 122
 6 -51 1 122
 4 -52 1 122
 2 0 1 122
 4 -56 1 122
 5 -94 1 122
 2 -33 1 122
 0 30740 0
