122
 0 -59 12 2 3 4 5 6 7 8 9 11 13 15 16
 8 -33 7 37 25 23 22 17 14 10
 3 -2 10 36 28 26 25 24 23 22 20 18 17
 2 -2 8 29 25 24 22 21 20 19 12
 8 -15 5 26 25 23 19 10
 6 -63 8 36 32 28 26 24 22 20 18
 5 -74 6 29 28 27 22 20 12
 3 -98 7 29 28 26 25 22 21 19
 2 -12 7 37 33 30 28 26 25 19
 3 -10 5 36 32 28 20 18
 6 -39 5 37 33 26 25 20
 2 -98 7 37 36 35 33 32 26 23
 2 -100 6 37 35 32 29 26 23
 5 -75 4 29 28 26 19
 9 -1 7 41 36 35 34 29 28 26
 1 -75 4 37 32 29 21
 4 -77 7 41 38 35 34 33 32 31
 6 -49 5 47 41 31 29 27
 6 -79 9 47 44 43 42 41 38 36 35 34
 2 -60 6 42 41 38 35 34 30
 10 -39 7 47 46 41 39 38 33 30
 6 -15 11 58 52 50 49 47 46 43 42 40 39 38
 8 -54 8 58 52 46 42 41 39 38 34
 9 -21 10 58 50 49 48 46 43 40 39 38 37
 6 -98 6 47 42 41 38 32 31
 1 -62 8 58 52 48 47 43 40 38 31
 5 -56 9 58 54 52 50 46 44 43 42 40
 6 -57 8 58 54 51 47 45 44 43 42
 8 -63 2 49 33
 2 -8 6 58 52 48 44 43 40
 2 -26 6 57 54 51 50 45 39
 7 -41 6 61 55 54 52 48 40
 5 -80 4 58 52 43 40
 6 -64 4 65 55 49 40
 6 -97 9 61 60 58 55 54 52 51 50 46
 10 -86 6 72 60 55 53 52 49
 1 -28 6 61 57 56 53 52 45
 3 -22 6 65 61 56 54 53 45
 3 -46 3 65 55 44
 1 -8 5 57 56 53 51 45
 9 -44 5 57 56 53 51 50
 10 -47 5 59 57 56 55 48
 10 -7 7 72 65 63 61 60 55 53
 7 -9 7 72 63 62 61 60 56 53
 7 -85 8 72 71 67 66 63 62 60 59
 5 -39 6 72 66 63 62 59 56
 7 -12 5 72 66 63 56 55
 1 -33 10 86 83 72 71 70 67 66 65 63 60
 1 -95 4 80 62 61 54
 5 -62 8 77 72 71 69 66 65 63 59
 5 -7 7 80 75 67 66 63 62 59
 10 -79 5 67 66 65 62 59
 7 -54 7 80 77 75 69 67 66 59
 1 -51 9 86 77 75 70 69 67 66 64 63
 4 -24 7 86 80 75 71 69 64 62
 5 -86 11 86 83 81 80 79 77 75 71 70 69 67
 2 -32 7 86 83 80 77 70 69 63
 1 -91 5 86 80 75 74 62
 5 -65 7 86 83 76 73 70 68 64
 4 -32 7 80 77 76 75 73 69 64
 7 -29 8 86 85 83 79 76 74 71 66
 7 -63 7 83 81 79 77 76 73 68
 8 -63 5 81 79 76 73 68
 6 -72 7 91 85 84 81 79 78 74
 1 -67 6 92 82 81 80 78 75
 1 -64 8 93 92 91 90 88 84 82 81
 4 -14 7 96 92 90 88 87 85 76
 6 -35 6 92 91 85 84 82 78
 9 -56 6 96 92 90 88 85 78
 7 -69 4 91 89 84 74
 10 -63 2 78 73
 6 -59 3 92 88 76
 9 -46 7 104 98 93 92 90 89 88
 6 -33 7 104 98 94 93 92 90 88
 1 -81 4 98 91 89 85
 4 -11 5 101 98 93 91 89
 1 -81 4 94 93 92 82
 3 -32 5 104 101 97 89 87
 5 -81 3 97 93 82
 10 -37 8 108 104 103 101 99 96 95 93
 8 -20 5 113 104 101 97 89
 9 -6 11 113 110 108 107 104 103 101 100 99 96 95
 1 -51 6 113 108 101 99 96 92
 5 -47 3 104 101 87
 1 -23 6 108 104 102 101 95 93
 4 -60 8 113 109 108 106 104 103 99 94
 4 -8 9 113 110 108 105 102 100 99 98 95
 6 -15 8 110 109 108 103 102 100 97 95
 6 -48 5 108 103 100 95 94
 1 -93 7 113 110 105 102 101 100 99
 10 -54 6 113 110 109 104 99 97
 8 -28 5 110 109 103 97 95
 6 -88 8 117 114 113 110 109 107 105 100
 2 -94 7 117 114 111 110 107 105 102
 9 -97 5 117 116 114 111 106
 8 -13 4 111 109 105 102
 2 -13 4 114 111 107 105
 7 -13 4 120 112 111 107
 1 -35 5 121 120 119 117 114
 4 -58 4 121 120 112 111
 5 -93 3 121 117 109
 4 -42 4 121 120 115 112
 9 -76 3 116 115 112
 6 -57 4 121 120 119 115
 4 -94 3 121 116 115
 8 -59 3 121 115 112
 8 -8 3 121 119 115
 4 -19 3 119 118 116
 1 -49 2 120 112
 9 -49 3 120 119 118
 10 -100 2 119 115
 10 -97 2 119 118
 9 -42 2 121 120
 9 -85 1 115
 1 -44 1 118
 3 -23 1 120
 8 -22 1 118
 3 -49 1 122
 3 -83 1 122
 2 -77 1 122
 8 -88 1 122
 0 30610 0
