122
 0 -59 26 2 3 4 5 6 7 8 9 10 11 12 13 14 15 16 17 18 20 23 24 26 27 29 31 35 37
 10 -60 16 82 81 77 68 61 60 59 56 55 53 50 43 40 39 25 21
 9 -22 11 63 59 55 46 44 41 33 32 30 25 21
 8 -63 13 82 78 77 68 62 59 57 55 54 45 44 42 22
 9 -13 18 85 82 80 78 77 69 64 62 61 58 54 53 52 51 50 39 34 32
 2 -13 17 79 78 68 64 63 60 59 57 56 53 51 50 47 42 39 38 25
 5 -56 13 82 77 63 61 60 59 53 51 39 38 36 32 25
 2 -2 11 83 78 62 60 57 52 50 44 40 33 28
 1 -87 16 85 82 80 78 77 76 69 62 58 56 54 52 51 39 34 32
 7 -54 12 83 77 71 70 64 56 53 52 49 42 38 19
 2 -44 11 81 70 68 64 60 57 50 44 39 25 21
 4 -22 15 95 83 82 81 79 78 77 71 57 56 53 51 44 38 25
 10 -46 20 95 83 81 80 79 78 75 71 70 69 63 60 58 56 55 52 51 49 43 38
 5 -27 21 95 86 83 80 79 78 75 71 69 68 64 63 60 59 58 57 54 52 51 49 38
 6 -75 19 95 86 83 81 79 78 75 70 68 65 64 63 58 56 54 52 51 44 38
 4 -42 16 97 86 85 81 78 76 75 69 67 65 62 61 52 51 40 32
 7 -5 12 78 77 71 69 64 63 61 59 58 49 42 33
 7 -45 12 95 78 68 65 60 58 55 54 48 46 38 36
 4 -6 20 98 97 96 95 86 85 81 80 79 78 76 73 72 68 65 62 60 57 54 44
 4 -14 16 94 91 89 84 83 81 78 75 70 69 68 66 65 63 48 40
 3 -57 17 121 96 95 94 90 86 80 79 78 75 71 69 67 65 58 52 38
 7 -24 15 121 120 118 97 85 81 79 76 64 63 60 56 51 47 39
 3 -18 16 95 85 82 81 79 76 74 70 69 68 62 60 56 55 53 52
 8 -99 17 95 89 84 81 80 77 76 74 69 68 67 66 64 63 62 61 53
 3 -8 18 121 97 96 94 90 85 84 80 76 75 74 73 69 65 62 58 54 52
 4 -78 11 94 90 86 75 70 68 65 60 58 52 38
 3 -41 21 121 118 98 97 95 94 90 89 86 85 84 78 76 75 74 72 70 65 63 62 60
 10 -98 16 121 120 98 97 96 89 86 85 84 82 81 79 77 71 64 47
 3 -8 16 119 118 97 86 85 83 79 78 68 65 63 60 59 58 57 54
 6 -35 17 98 96 95 94 91 90 88 84 83 81 80 79 76 73 72 54 52
 2 -20 14 118 117 95 85 82 79 76 75 74 66 65 62 61 51
 2 0 18 121 120 117 116 98 95 91 90 84 83 79 73 72 71 70 68 66 57
 4 -75 16 121 95 91 88 85 84 81 80 79 76 75 73 70 68 56 54
 4 -74 14 97 95 86 84 83 81 74 72 71 68 65 63 60 59
 10 -44 16 120 119 118 117 116 114 97 96 95 80 78 74 65 61 58 55
 10 -6 15 117 98 91 90 88 86 85 84 81 80 79 75 72 57 52
 4 -80 16 120 114 95 94 93 88 86 83 80 77 75 74 71 69 68 52
 1 -94 12 118 97 92 89 88 85 84 76 74 73 66 62
 2 -70 15 116 114 93 91 90 89 88 87 86 84 83 75 74 67 66
 6 -45 11 120 118 116 113 96 95 90 80 79 74 58
 6 -49 17 120 119 118 117 115 114 110 109 104 95 93 91 90 89 87 83 65
 2 -11 15 118 116 111 107 97 96 95 93 88 84 81 80 73 72 67
 8 -38 11 119 118 97 96 87 85 76 74 67 65 64
 8 -73 8 117 91 89 88 84 69 66 61
 4 -18 12 117 115 114 110 109 107 98 93 85 72 65 61
 8 -67 13 120 118 117 114 97 94 92 91 89 87 75 74 66
 2 -25 12 119 109 95 94 93 92 90 88 74 73 70 67
 4 -70 13 121 114 112 111 109 97 90 88 87 86 85 74 67
 1 -34 14 118 116 115 114 112 110 107 104 98 94 90 87 72 65
 4 -83 16 121 120 119 118 116 114 109 108 106 105 104 103 93 92 89 88
 10 -50 13 113 111 110 109 108 105 96 92 91 90 89 88 84
 9 -48 9 119 118 116 104 103 92 89 87 66
 9 -15 9 117 114 107 96 94 91 88 86 75
 2 -65 11 120 116 115 109 107 106 104 102 93 87 67
 3 -82 10 121 115 113 110 109 107 105 88 86 73
 4 -23 15 117 116 115 114 112 111 109 106 105 104 103 102 100 90 89
 6 -19 11 114 113 112 109 108 106 103 99 94 89 74
 5 -89 9 112 110 109 107 103 98 88 87 72
 6 -28 11 117 114 112 111 109 104 103 96 92 89 88
 2 -50 8 116 111 107 104 93 92 88 67
 10 -40 12 121 113 112 106 105 104 103 102 94 92 90 87
 10 -24 11 120 114 113 111 109 107 105 104 93 91 87
 3 -1 5 114 101 93 88 73
 7 -14 12 117 116 114 109 108 106 105 104 103 102 101 99
 7 -5 8 113 111 108 106 105 103 92 88
 8 -68 10 112 111 110 109 107 106 102 101 100 99
 7 -24 8 117 113 110 108 105 103 100 99
 9 -95 7 111 110 108 107 103 100 99
 3 -3 7 118 116 106 104 103 102 99
 8 -24 7 115 111 106 103 101 100 99
 9 -37 7 118 115 112 105 102 100 99
 3 -23 6 106 105 102 101 99 92
 7 -91 5 106 104 103 102 87
 5 -24 6 115 110 107 104 102 100
 3 -92 6 110 109 105 104 101 100
 6 -73 6 116 107 104 103 100 99
 2 -19 6 115 105 103 101 100 99
 3 -82 5 112 109 104 101 99
 6 -4 4 107 105 104 93
 6 -11 4 102 101 99 92
 4 -41 4 114 102 99 92
 9 -41 4 116 102 99 92
 9 -9 4 112 108 101 99
 6 -61 3 119 101 99
 8 -8 3 105 103 99
 1 -21 2 102 92
 9 -48 2 108 99
 3 -76 2 102 99
 4 -100 2 107 101
 9 -45 2 101 99
 2 -3 2 103 101
 2 -93 1 100
 3 -49 1 100
 3 -3 1 101
 9 -75 1 101
 2 -86 1 106
 1 -31 1 99
 1 -36 1 111
 5 -33 1 122
 9 -65 1 122
 2 -39 1 122
 7 -35 1 122
 4 -12 1 122
 1 -23 1 122
 5 -33 1 122
 7 -73 1 122
 5 -29 1 122
 6 -15 1 122
 1 0 1 122
 2 -58 1 122
 5 -8 1 122
 4 -20 1 122
 6 -2 1 122
 3 -56 1 122
 2 -67 1 122
 7 -15 1 122
 1 -42 1 122
 1 -65 1 122
 5 -71 1 122
 1 -56 1 122
 6 -69 1 122
 0 25660 0
