122
 0 -12 19 2 3 4 5 6 7 9 10 11 12 13 14 16 17 19 20 24 27 30
 4 -46 6 39 38 28 22 21 8
 9 -86 11 48 47 45 41 39 38 33 31 23 22 21
 1 -82 9 48 41 40 35 34 31 29 25 15
 1 -67 13 53 48 47 46 45 43 41 40 39 37 36 34 23
 4 -33 9 63 48 47 45 40 38 35 28 21
 2 -68 11 67 57 53 48 46 45 43 42 39 33 22
 6 -71 8 55 51 49 46 41 37 31 18
 10 -58 8 61 48 45 43 40 36 35 26
 1 -95 14 63 58 57 55 53 51 50 49 46 45 44 37 36 31
 3 -7 4 42 36 32 18
 2 -49 11 69 63 61 60 55 47 45 43 40 38 35
 5 -1 6 63 58 51 45 38 21
 2 -44 13 67 66 63 61 58 57 54 53 52 51 46 42 36
 5 -18 10 58 54 51 50 47 46 45 44 39 36
 7 -59 13 74 69 68 66 64 60 58 57 55 54 49 47 39
 9 -99 9 66 63 61 60 52 47 46 45 40
 3 -69 13 77 69 68 63 62 58 57 54 50 48 47 45 44
 8 -14 12 69 68 63 60 57 55 54 52 50 49 47 46
 6 -90 13 69 67 63 62 61 60 57 56 55 54 50 49 41
 5 -82 10 67 66 61 55 54 53 50 49 46 36
 2 -88 7 63 62 61 55 54 40 36
 2 -34 9 74 70 63 60 57 55 54 51 35
 4 -23 7 64 60 52 51 49 47 37
 5 -73 12 77 75 69 68 67 61 60 58 56 50 49 46
 10 -56 9 78 77 66 57 54 51 47 46 42
 1 -86 11 75 74 70 69 66 60 58 57 55 44 42
 10 -40 10 77 75 74 70 67 65 60 57 54 42
 10 -75 8 81 78 64 62 61 59 47 43
 9 -67 8 77 76 63 62 60 50 47 44
 2 -99 12 74 70 69 68 66 64 62 61 60 59 56 52
 7 -75 11 77 75 74 68 64 63 61 60 55 51 49
 9 -73 11 77 70 68 65 64 62 60 59 56 55 54
 5 -26 10 81 78 74 64 58 57 55 54 52 51
 9 -88 4 78 75 52 42
 8 -46 12 102 80 77 76 75 71 70 69 65 64 60 56
 5 -35 13 91 83 81 78 77 76 74 73 68 67 66 61 54
 5 -77 10 91 81 80 78 75 74 66 64 62 52
 9 -79 9 91 86 81 80 78 63 62 61 52
 10 -52 4 58 51 50 49
 1 -56 13 91 86 83 81 80 78 77 75 74 73 70 66 65
 10 -8 10 102 91 90 81 76 68 64 62 59 56
 10 -80 6 102 76 74 58 54 51
 8 -25 12 102 92 91 90 86 83 81 78 71 65 64 59
 7 -81 8 91 90 78 76 71 64 59 56
 1 -99 9 91 90 83 81 76 74 70 62 59
 2 -15 8 102 91 79 75 71 70 67 56
 6 -69 8 92 91 86 83 75 74 66 59
 10 0 9 102 92 91 90 83 73 71 65 59
 6 -17 11 102 93 92 91 81 80 79 74 73 71 64
 10 -45 10 97 92 91 90 86 83 82 80 73 65
 6 -75 8 102 92 83 77 76 73 71 65
 6 -17 8 91 86 80 79 76 74 73 62
 2 -47 9 95 93 92 89 88 85 80 79 71
 8 -57 11 102 94 92 91 89 87 85 82 80 79 76
 4 -46 8 97 92 88 86 83 82 73 72
 4 -92 13 119 102 97 95 94 93 92 91 88 87 85 84 83
 2 -73 10 121 97 94 93 88 87 85 82 80 73
 7 -87 9 97 94 93 88 84 82 80 79 72
 4 -73 9 97 94 93 92 91 84 81 78 72
 7 -37 8 97 94 93 90 88 84 79 72
 4 -57 7 96 95 93 92 88 85 71
 4 -21 7 94 93 89 88 82 79 72
 3 -37 6 121 97 94 89 82 72
 7 -15 5 94 93 88 79 72
 9 -51 5 102 100 95 79 71
 1 -99 10 120 101 97 96 94 93 88 87 86 82
 5 -85 9 121 119 118 112 97 94 89 84 80
 1 -88 8 119 117 100 94 89 87 83 79
 9 -54 10 121 120 117 100 95 94 93 87 85 84
 10 -71 7 121 109 97 94 87 84 82
 3 -10 10 120 119 117 111 101 100 96 95 87 85
 2 -19 7 118 117 115 96 95 89 84
 3 -61 8 119 116 101 100 96 94 89 87
 5 -21 4 121 100 90 82
 6 -16 4 118 116 88 84
 10 -44 14 120 119 117 116 115 114 112 111 108 105 101 100 99 98
 8 -7 13 119 118 115 113 112 111 108 105 101 100 99 98 96
 2 -38 13 121 118 115 114 112 111 109 108 105 101 99 98 96
 1 -48 11 120 117 116 115 111 108 105 100 99 98 96
 3 -19 13 121 119 117 116 114 113 112 110 108 106 105 104 100
 6 -44 14 119 118 117 116 115 114 113 112 111 110 108 107 105 103
 5 -95 10 121 120 116 114 113 108 107 105 104 96
 7 -27 9 114 113 111 108 106 105 101 99 98
 2 -73 11 118 116 113 110 109 108 107 106 105 104 103
 1 -15 8 113 111 108 106 105 104 100 99
 7 -38 8 114 112 110 108 107 106 105 98
 3 -32 8 117 114 112 111 107 106 104 100
 8 -16 7 120 114 109 108 105 99 98
 4 -76 8 113 109 107 106 105 104 103 101
 9 -14 6 121 113 112 106 104 100
 9 -96 5 120 113 109 105 98
 4 -25 5 111 109 106 104 103
 6 -49 3 115 104 99
 1 -65 4 112 108 106 105
 10 -82 3 110 106 103
 1 -65 3 111 108 104
 3 -18 2 104 103
 10 -93 2 107 103
 5 -39 2 109 103
 6 -97 1 110
 3 -30 1 115
 2 -24 1 122
 10 -86 1 122
 9 -28 1 122
 2 0 1 122
 10 -59 1 122
 7 -18 1 122
 8 -89 1 122
 9 -34 1 122
 8 -19 1 122
 7 -78 1 122
 6 -3 1 122
 6 -43 1 122
 10 -1 1 122
 5 -57 1 122
 1 -48 1 122
 2 -28 1 122
 1 -38 1 122
 1 -74 1 122
 7 -96 1 122
 0 31070 0
