122
 0 -65 20 2 3 4 5 6 7 8 10 11 12 13 14 15 18 19 20 21 23 24 26
 9 -93 8 46 37 33 30 29 28 27 17
 2 -32 12 46 43 42 41 40 39 38 36 35 34 31 29
 2 -44 11 63 47 46 43 41 40 39 36 35 34 28
 9 -58 9 63 51 46 43 38 31 28 25 22
 1 -17 8 46 43 40 39 35 34 30 22
 5 -20 4 55 41 25 9
 5 -26 7 51 43 41 39 37 27 16
 3 -82 8 54 51 46 45 43 34 33 29
 8 -78 5 63 55 43 34 22
 5 -51 12 63 55 54 50 48 45 42 41 40 39 36 34
 1 -14 11 63 54 51 50 48 46 45 42 41 36 34
 9 -3 10 55 54 50 48 47 46 40 39 35 34
 2 -40 9 55 54 52 49 48 45 44 40 32
 6 -10 8 71 63 52 50 47 45 38 33
 4 -38 10 64 63 56 55 54 50 47 46 45 34
 1 -48 9 71 55 48 45 44 43 40 39 35
 10 0 9 71 63 62 54 52 50 47 45 33
 4 -25 8 50 48 47 46 45 42 36 34
 4 -37 7 63 54 53 51 42 34 31
 4 -65 6 63 54 50 36 34 33
 3 -6 8 54 49 48 47 45 42 41 36
 2 -74 14 76 71 64 63 62 60 54 52 49 48 47 45 44 41
 10 -75 10 66 63 54 52 48 47 45 44 43 42
 1 -81 7 66 54 49 48 45 42 36
 2 -77 14 78 71 64 63 62 60 57 56 54 52 50 49 46 45
 1 -97 12 78 71 66 63 62 57 54 53 52 49 48 42
 4 -14 11 71 66 62 61 55 54 52 48 45 44 42
 1 -100 15 79 76 73 71 69 66 64 63 62 61 60 50 48 47 44
 3 -6 10 71 63 62 53 52 51 48 45 44 42
 9 -68 11 78 76 66 64 62 60 57 52 49 48 45
 9 -33 11 78 72 71 70 62 60 59 58 51 47 39
 9 -96 6 69 66 49 48 44 42
 2 -95 10 79 76 71 66 65 62 60 52 49 44
 4 -55 16 84 79 78 73 72 68 65 62 61 60 59 57 56 53 52 51
 6 -91 11 84 79 76 73 71 65 64 62 53 52 44
 3 -78 13 92 84 79 78 76 73 72 68 59 58 57 53 48
 10 -57 14 92 88 84 79 78 75 72 70 69 65 62 57 56 54
 4 -25 14 84 79 76 75 74 73 69 68 66 65 64 57 56 53
 5 -96 13 79 76 74 70 69 66 65 60 59 58 57 56 53
 6 -22 14 92 91 88 87 84 79 74 73 70 66 65 61 59 56
 5 -90 12 92 83 79 76 75 74 70 68 65 64 60 58
 4 0 8 88 76 69 65 62 61 56 50
 1 -8 10 92 78 77 74 72 70 68 59 58 57
 8 -78 11 92 84 83 79 77 75 72 69 68 65 58
 2 -39 9 88 87 76 75 72 70 67 66 65
 2 -45 5 91 84 74 65 53
 4 -51 8 91 88 87 85 75 74 65 56
 2 -91 7 87 84 73 72 70 61 59
 5 -77 9 98 95 92 87 83 80 77 72 59
 1 -8 8 92 91 83 82 75 74 67 64
 6 -23 8 121 96 91 82 80 75 70 69
 1 -71 10 96 90 88 87 86 85 83 82 77 67
 6 -21 11 120 98 97 91 90 86 85 83 82 74 73
 8 -32 7 121 116 96 95 94 85 65
 5 -10 12 119 115 114 97 96 95 93 86 83 82 80 77
 9 -8 8 121 120 94 91 90 87 85 67
 1 -3 13 119 115 114 104 96 95 93 91 89 88 87 82 80
 4 -78 9 121 120 119 96 90 86 85 82 75
 8 -55 11 120 117 106 98 97 95 87 86 85 81 77
 6 -62 10 121 120 114 98 96 94 90 86 83 75
 9 -56 16 121 120 119 118 117 116 114 112 111 102 98 97 95 94 90 81
 9 -73 8 119 118 98 96 90 85 82 75
 9 -15 13 121 120 116 114 113 111 106 96 95 90 87 86 81
 6 -51 8 119 114 111 98 97 86 81 80
 9 -93 10 121 119 118 117 112 96 90 85 82 81
 3 -44 13 119 118 117 116 114 112 111 106 102 98 97 95 81
 10 -47 9 117 113 111 103 94 91 88 86 81
 9 -34 13 120 119 118 117 111 106 104 98 97 95 90 87 85
 2 -24 10 119 117 116 112 111 106 102 95 85 81
 1 -100 13 120 118 115 114 113 112 110 107 104 100 93 89 82
 9 -2 11 118 117 106 104 103 97 96 91 90 89 85
 6 -86 10 119 117 116 114 112 111 103 100 96 81
 9 -51 17 121 119 118 115 113 112 111 110 108 107 104 103 102 101 100 94 93
 5 -24 8 117 116 113 112 111 106 103 81
 10 -6 16 120 119 115 114 113 110 109 107 106 105 104 103 102 101 100 99
 7 -83 14 121 116 113 111 110 108 107 104 103 102 101 100 99 89
 8 -31 13 119 118 116 112 111 109 106 105 104 102 100 97 95
 5 -6 10 119 114 113 110 106 102 101 99 95 89
 4 -44 9 120 117 113 107 106 103 102 101 90
 7 -10 8 115 110 108 107 104 101 93 89
 9 -16 6 111 103 102 101 99 94
 3 -42 6 116 111 108 104 102 100
 6 -98 6 120 114 108 105 104 100
 10 -48 5 114 107 105 100 99
 7 -49 5 118 112 104 101 100
 7 -1 5 110 103 102 101 100
 3 -18 5 121 116 109 100 99
 9 -16 2 109 105
 9 -91 2 108 99
 5 -20 2 112 101
 9 -5 2 112 102
 8 -83 1 99
 9 -99 1 106
 4 -96 1 103
 4 -99 1 102
 8 -94 1 113
 6 -48 1 100
 1 -78 1 122
 7 -71 1 122
 5 -53 1 122
 10 -92 1 122
 3 -82 1 122
 1 -85 1 122
 1 -100 1 122
 9 -94 1 122
 4 -11 1 122
 3 -32 1 122
 1 -99 1 122
 7 -73 1 122
 1 -89 1 122
 8 -69 1 122
 5 -82 1 122
 5 -31 1 122
 2 -82 1 122
 5 -85 1 122
 4 -33 1 122
 3 -4 1 122
 7 -75 1 122
 2 -6 1 122
 10 -91 1 122
 0 31310 0
