122
 0 0 18 2 4 5 6 7 8 9 10 11 12 13 16 18 19 20 24 25 33
 3 -29 9 32 30 29 28 26 21 17 14 3
 6 -93 15 54 50 49 47 46 44 43 42 41 40 38 37 31 27 23
 9 -23 13 59 53 49 47 46 44 41 36 35 32 30 27 26
 6 -49 8 61 47 42 41 36 28 22 15
 1 -90 7 47 43 42 41 30 21 14
 4 -88 12 61 54 47 42 41 37 36 35 34 31 30 26
 3 -44 13 54 48 47 42 41 40 39 38 36 35 31 28 27
 3 -53 12 65 63 62 61 56 49 46 42 41 40 30 21
 1 -90 14 75 65 57 54 53 50 49 48 46 44 42 41 40 27
 6 -100 11 62 59 56 54 51 47 44 43 30 29 26
 1 -35 8 61 50 49 47 41 37 29 21
 10 -40 7 54 50 39 31 28 27 26
 2 -10 13 75 65 61 59 54 53 52 50 49 48 46 39 27
 2 -30 10 63 62 51 50 49 46 43 39 31 26
 8 -79 10 63 59 56 53 51 49 42 41 30 26
 6 -32 11 75 67 62 56 54 52 51 48 46 39 31
 9 -79 10 80 75 56 54 52 50 49 45 39 36
 6 -72 13 70 67 64 62 61 57 56 55 54 53 51 49 41
 10 0 6 55 53 50 47 35 34
 4 -90 8 80 59 54 53 48 45 39 35
 5 -81 13 80 71 66 64 63 62 60 59 57 56 55 52 49
 5 -90 12 80 75 69 65 64 60 58 57 56 53 48 45
 10 -47 10 75 65 64 62 60 59 57 52 47 46
 1 -90 10 80 75 71 63 61 60 57 50 48 47
 6 -98 10 75 71 69 67 65 58 57 52 48 45
 10 -42 10 80 72 71 67 63 62 60 56 51 45
 9 -34 10 80 71 67 66 64 60 58 57 49 45
 10 -95 13 80 78 75 71 69 67 66 65 63 60 58 53 52
 10 -49 6 80 75 67 55 50 39
 1 -51 12 80 72 71 70 69 66 65 64 59 58 55 53
 6 -74 8 83 72 69 67 60 55 54 52
 6 -67 10 98 84 80 78 75 74 73 66 63 55
 3 -12 9 80 77 74 73 71 65 63 62 59
 10 0 8 90 83 75 72 69 68 67 51
 2 -73 8 73 72 71 68 67 63 60 58
 7 -98 10 90 83 78 76 72 70 66 64 60 56
 2 -41 8 78 77 72 71 68 65 60 53
 5 -18 11 98 78 77 76 73 72 71 70 66 60 57
 6 -8 9 82 80 76 73 72 69 67 59 55
 3 -12 8 80 73 72 71 69 60 58 52
 8 -17 8 98 83 80 78 69 66 58 55
 1 -99 8 82 78 76 73 69 60 55 52
 1 -46 10 98 83 78 77 74 73 69 68 66 61
 4 -54 8 98 84 83 78 74 73 70 55
 4 -35 12 98 85 84 83 81 80 78 77 76 73 71 70
 6 -57 10 90 85 82 81 78 73 72 69 68 67
 6 -21 11 98 90 84 82 81 78 76 74 72 68 66
 1 -60 11 90 85 83 82 81 78 76 74 72 69 68
 2 -45 9 98 90 85 79 78 76 74 72 64
 6 -59 5 79 78 74 66 58
 6 -80 9 105 98 92 90 86 85 81 74 68
 2 -79 9 105 98 93 90 85 82 81 76 73
 2 -39 7 90 82 81 79 78 76 66
 5 -23 7 92 90 86 85 81 77 68
 5 -5 7 98 92 86 85 81 74 68
 1 -18 12 105 97 96 93 91 90 89 87 85 83 82 81
 7 -64 11 105 97 96 93 92 87 86 84 82 81 76
 5 -2 12 121 105 97 93 91 90 89 88 87 86 84 78
 7 -84 10 105 97 94 91 89 88 86 85 84 74
 1 -33 10 97 96 93 92 90 88 87 86 82 76
 6 -84 8 98 93 91 87 85 83 81 79
 3 -60 5 105 97 83 76 70
 2 -14 5 121 91 84 82 73
 3 -79 12 100 98 97 96 95 94 93 92 91 89 88 83
 6 -89 14 118 115 104 100 99 97 96 95 94 93 92 91 86 85
 5 -2 10 121 103 101 100 98 97 93 88 87 77
 1 -74 9 120 119 117 96 95 93 91 88 79
 8 -68 7 105 101 95 88 86 84 79
 8 -8 8 121 96 95 93 89 88 86 82
 6 -78 10 121 116 101 97 96 94 90 89 87 86
 1 -6 11 118 105 100 99 97 96 95 92 91 88 86
 6 -91 10 118 104 101 100 97 96 92 88 87 86
 8 -74 13 121 120 118 117 116 113 104 103 102 100 96 93 87
 10 -92 10 118 116 105 104 102 101 99 96 94 86
 8 -40 10 121 119 115 114 100 99 95 94 91 89
 9 -59 15 120 119 118 117 116 114 113 112 109 105 104 102 99 96 95
 10 -60 13 120 117 116 114 110 109 101 100 99 96 95 94 92
 6 -62 10 121 115 112 108 102 100 99 97 94 89
 1 -36 10 117 115 114 113 112 103 100 99 95 89
 3 -51 9 120 119 117 113 101 100 99 95 88
 7 -10 11 116 115 112 109 108 104 102 101 100 99 94
 2 -42 6 116 113 110 101 99 86
 5 -68 10 119 117 115 114 112 109 108 106 103 99
 9 -42 8 121 116 114 113 112 111 103 101
 3 -21 9 120 119 117 114 112 109 108 107 106
 3 -46 5 115 114 109 99 95
 5 -80 6 116 115 114 110 106 102
 6 -98 6 118 111 109 107 106 104
 7 -25 6 112 110 109 108 107 100
 9 -84 4 113 112 110 101
 2 -67 4 108 107 106 102
 3 -30 3 112 108 106
 9 -88 2 113 103
 2 -46 2 108 106
 4 -45 2 107 106
 6 -57 2 113 107
 1 -26 2 111 109
 2 -46 1 107
 6 -95 1 106
 8 -64 1 106
 7 -61 1 111
 4 -40 1 107
 10 -100 1 110
 10 -63 1 115
 4 -92 1 122
 5 -90 1 122
 4 -76 1 122
 2 -59 1 122
 1 -25 1 122
 9 -87 1 122
 6 -87 1 122
 6 -21 1 122
 1 -7 1 122
 1 -20 1 122
 3 -75 1 122
 1 -38 1 122
 1 -7 1 122
 6 -40 1 122
 8 -30 1 122
 4 -70 1 122
 0 32105 0
