122
 0 -8 7 2 3 4 6 8 15 16
 9 -20 8 27 25 22 18 14 11 10 7
 7 -20 5 20 14 9 7 5
 2 -95 6 27 25 24 21 17 9
 8 -15 6 31 29 24 22 17 12
 7 -67 7 31 29 28 27 24 23 17
 9 -4 6 34 31 23 21 19 17
 10 -29 4 32 25 14 13
 6 -76 8 40 37 36 35 32 31 26 23
 3 -66 8 40 37 35 32 30 29 28 24
 1 -46 8 44 39 35 32 31 29 28 20
 6 -43 6 39 37 36 34 27 21
 8 -20 6 39 37 30 28 27 24
 3 -97 9 44 42 40 39 38 36 35 34 28
 4 -34 6 42 39 34 32 29 27
 6 -15 4 39 36 34 21
 6 -59 10 51 44 42 40 37 36 35 33 32 30
 7 -45 3 29 28 20
 6 -44 7 44 42 39 36 35 33 29
 7 -43 10 51 50 49 47 43 42 40 37 34 33
 3 -72 7 49 48 44 42 40 38 28
 1 -11 11 53 51 50 49 47 43 42 41 39 38 33
 4 -23 10 51 50 49 47 44 43 41 39 38 33
 6 0 8 51 49 47 44 42 38 36 34
 5 -78 5 49 40 34 33 29
 1 -92 5 42 41 39 33 29
 2 -90 4 51 44 35 33
 4 -52 6 53 51 50 47 43 33
 8 -68 6 59 53 51 48 47 38
 1 -75 8 56 53 50 49 48 45 43 41
 10 -68 7 59 54 50 48 43 42 41
 8 -35 5 59 49 48 41 38
 10 -26 9 61 60 59 57 56 55 54 52 45
 6 -51 6 61 57 54 48 45 41
 5 -90 6 59 54 50 49 46 43
 4 -81 6 59 56 55 54 45 43
 4 -17 2 48 38
 7 -58 7 61 60 57 56 55 52 45
 2 -25 6 68 60 59 58 57 48
 1 -83 6 68 63 60 57 54 52
 2 -48 4 60 55 52 46
 3 -29 8 69 68 64 63 62 61 60 58
 4 -1 6 69 63 61 60 58 57
 6 -41 6 67 64 63 62 55 54
 10 -76 2 58 46
 8 -28 10 72 70 69 68 67 66 65 64 63 62
 2 -12 3 63 57 54
 7 -69 5 67 64 63 62 55
 1 -72 5 66 64 63 61 55
 2 -53 5 70 68 64 63 57
 9 -88 6 81 76 72 67 62 58
 7 -63 4 72 69 64 58
 5 -51 3 72 62 55
 10 -62 3 76 72 58
 8 -16 7 81 80 75 74 70 69 65
 7 -81 8 82 81 80 75 73 71 69 67
 6 -90 5 75 72 67 65 62
 4 -78 4 74 70 66 65
 10 -56 6 80 75 73 71 70 67
 5 -47 8 82 81 80 77 74 73 72 71
 9 -37 7 87 82 80 77 75 73 71
 5 -65 6 87 82 80 77 73 71
 7 -36 6 87 80 77 75 73 71
 7 -53 8 91 89 84 81 80 79 77 73
 7 -73 5 87 82 77 73 71
 9 -91 6 99 89 87 83 80 75
 10 -53 5 91 87 79 77 74
 4 -23 7 97 93 91 89 83 82 77
 4 -75 5 87 83 78 77 76
 7 -95 8 97 96 93 91 88 87 85 82
 3 -23 6 99 91 89 83 79 78
 7 -6 7 99 97 93 88 87 84 83
 9 -39 6 99 97 93 88 83 78
 5 -5 5 99 97 96 84 83
 5 -18 7 97 96 95 91 90 85 84
 7 -57 6 99 97 96 92 91 86
 10 -4 5 102 99 96 86 85
 9 -5 5 102 98 96 86 85
 10 -28 5 98 96 93 90 85
 5 -18 5 103 97 93 92 88
 3 -40 4 99 93 87 85
 10 -47 3 103 86 84
 10 -82 3 102 86 85
 2 -100 4 121 102 98 92
 3 -82 3 121 103 92
 8 -27 2 95 90
 6 -89 2 95 92
 3 -6 6 110 105 102 101 98 94
 1 -39 2 121 92
 6 -94 5 121 110 105 101 94
 10 0 5 110 105 101 98 94
 6 -48 4 110 105 101 94
 5 -80 5 111 109 102 100 95
 1 -40 8 119 117 115 111 109 107 104 100
 10 -50 9 121 119 118 117 113 110 108 107 106
 8 -26 5 119 118 117 110 100
 8 -45 5 117 109 107 106 104
 5 -47 6 120 119 118 115 113 112
 1 -79 5 116 115 114 113 107
 9 -9 4 120 116 108 106
 3 -34 4 119 117 116 112
 4 -13 4 117 115 114 112
 9 -2 3 118 114 109
 9 -75 3 116 113 112
 3 -45 2 113 112
 6 -69 1 112
 3 -61 1 112
 10 -35 1 114
 6 -65 1 113
 7 -75 1 115
 9 -98 1 118
 1 -36 1 122
 8 -15 1 122
 7 -58 1 122
 1 -47 1 122
 9 -8 1 122
 4 -75 1 122
 5 -8 1 122
 4 -11 1 122
 6 -73 1 122
 3 -47 1 122
 0 28930 0
