122
 0 -69 20 2 3 4 5 6 7 8 9 10 11 12 13 14 15 17 20 26 27 28 37
 1 -65 13 60 51 46 45 44 43 42 34 32 30 25 24 16
 9 -48 16 76 66 63 51 49 48 47 46 44 42 40 33 32 31 30 19
 8 -60 17 80 77 70 66 63 62 58 53 48 42 41 40 38 32 31 30 21
 9 -35 11 76 51 49 45 42 39 35 32 30 29 22
 2 -84 14 72 71 70 67 59 55 51 50 48 47 36 32 31 18
 3 -26 12 76 71 70 67 64 63 60 58 48 47 23 18
 5 -26 11 71 70 66 60 56 51 49 44 38 31 25
 3 -48 16 80 74 70 67 62 61 60 58 57 56 54 53 52 50 49 38
 7 -9 15 90 82 72 71 70 68 62 61 56 55 53 51 49 32 31
 9 -11 17 89 88 82 80 76 75 74 71 69 67 64 62 61 57 56 45 44
 1 -84 12 82 80 77 72 60 59 55 49 47 36 32 31
 2 -2 13 121 82 81 79 77 76 72 69 56 55 47 45 33
 8 -51 6 82 77 71 58 45 24
 3 -91 18 89 87 82 77 75 74 69 68 67 65 64 59 58 57 56 55 53 51
 4 -54 12 88 81 77 76 74 71 58 56 52 49 47 33
 7 -25 13 82 80 75 74 69 64 61 60 56 49 48 47 44
 7 -79 12 82 80 75 74 66 61 57 56 53 52 49 44
 2 -63 8 90 82 81 67 60 52 41 29
 10 -47 17 119 89 88 87 81 80 79 78 77 75 69 67 64 62 61 54 47
 7 -57 14 94 90 89 88 75 67 64 61 59 57 56 54 52 49
 8 -67 11 82 80 78 75 69 66 64 56 52 47 46
 7 -40 9 88 82 74 68 66 61 56 49 31
 7 -11 11 114 89 88 81 80 79 67 56 52 47 41
 4 -48 12 116 95 92 89 82 74 72 64 61 57 53 47
 7 -94 18 121 118 114 94 93 90 87 81 80 79 78 77 74 68 67 66 64 52
 3 -76 14 117 112 95 94 89 88 80 78 75 73 61 57 54 52
 10 -96 11 119 94 93 89 82 81 80 70 64 61 45
 6 0 12 119 88 87 80 78 74 69 65 64 58 56 55
 7 -5 14 116 112 95 94 92 90 89 88 75 73 68 65 61 57
 2 -78 18 118 117 114 112 95 94 93 92 89 87 86 85 81 79 78 75 73 52
 2 -88 11 119 114 95 94 92 86 78 74 65 64 57
 8 -4 11 120 119 92 89 86 80 67 65 64 62 61
 1 -98 10 117 112 94 89 84 77 73 65 59 57
 7 -15 10 119 117 112 95 94 87 73 70 61 57
 6 -94 11 121 112 95 92 87 79 78 73 68 65 61
 5 -65 14 121 119 117 113 107 95 94 93 81 78 74 73 70 61
 9 -50 8 116 111 109 95 82 76 64 47
 9 -84 14 121 120 119 117 112 95 92 88 86 82 80 73 65 61
 10 -34 13 120 112 95 94 93 88 87 86 81 78 73 65 61
 5 -32 11 119 118 113 109 94 91 87 78 69 68 64
 7 -15 17 120 119 118 115 112 111 109 94 93 92 91 86 85 81 75 73 71
 5 -87 13 120 119 118 116 113 109 94 93 92 91 81 68 64
 1 -20 12 119 118 114 95 94 93 92 90 79 77 68 65
 5 -100 11 120 118 115 114 112 110 95 87 85 78 54
 8 -69 15 119 116 115 114 113 109 106 95 93 91 89 88 86 81 67
 8 -3 11 118 115 113 112 94 93 91 90 85 73 68
 2 -15 14 112 109 108 107 106 100 94 92 91 89 88 84 79 78
 1 -100 14 121 118 117 114 112 108 107 95 93 92 87 85 78 73
 1 -49 14 119 118 112 110 109 108 107 105 89 88 87 84 83 82
 1 -14 10 115 114 113 112 107 103 84 80 78 73
 6 -93 9 120 119 115 113 110 100 98 84 65
 6 -11 14 121 119 114 113 112 108 106 103 102 98 91 88 85 83
 2 -27 7 116 113 100 98 92 84 65
 10 -81 15 120 117 113 111 110 106 105 102 101 99 98 97 94 86 83
 6 -72 14 118 117 109 107 106 105 104 102 99 98 95 93 92 86
 10 -13 12 121 109 107 104 103 102 100 99 93 91 81 79
 6 -65 10 121 117 113 109 106 105 98 92 84 73
 5 -59 13 119 116 114 110 109 106 105 102 99 98 92 85 83
 7 -67 10 112 111 109 106 105 99 85 84 83 78
 2 -11 12 118 115 114 111 108 106 103 99 98 85 84 83
 9 -97 12 117 108 107 106 102 101 100 98 95 94 93 91
 2 -33 11 111 109 107 105 103 101 100 99 97 82 78
 4 -11 7 117 115 112 101 98 85 73
 7 -18 12 111 109 108 107 106 104 102 101 99 97 96 91
 3 -89 10 112 110 107 105 104 101 100 97 96 92
 10 -40 9 112 110 107 104 102 99 98 96 84
 5 -37 8 117 107 106 99 98 97 96 86
 6 -86 7 106 100 98 96 93 92 84
 6 -83 7 109 104 98 97 96 91 86
 5 -46 9 116 114 107 103 102 101 99 98 97
 8 -83 7 109 105 103 102 98 96 84
 8 -81 5 110 102 99 97 83
 7 -92 5 105 99 98 96 84
 2 -35 5 121 113 98 97 96
 10 -47 5 119 108 104 103 101
 8 -23 3 115 101 83
 7 -70 4 116 102 98 96
 2 -66 4 120 113 101 97
 1 -28 4 109 106 100 99
 5 -60 3 98 97 96
 7 -14 3 114 98 96
 4 -51 2 104 96
 10 -45 2 101 97
 7 -46 2 100 97
 9 -69 2 108 100
 5 -98 2 100 98
 8 -29 2 111 99
 7 -42 2 103 98
 9 -57 2 102 99
 10 -36 1 105
 4 -54 1 103
 5 -100 1 97
 9 -26 1 103
 3 -16 1 96
 6 -68 1 122
 10 -80 1 122
 2 -54 1 122
 10 -18 1 122
 4 -41 1 122
 4 -29 1 122
 8 -9 1 122
 9 0 1 122
 4 -96 1 122
 3 -62 1 122
 2 -95 1 122
 1 -8 1 122
 8 -71 1 122
 9 -17 1 122
 3 -62 1 122
 4 -78 1 122
 3 -13 1 122
 5 -40 1 122
 8 -88 1 122
 1 -64 1 122
 6 -68 1 122
 6 -44 1 122
 3 -44 1 122
 4 -89 1 122
 9 -59 1 122
 9 -39 1 122
 0 31140 0
