122
 0 -41 27 2 3 4 5 6 7 8 9 10 11 12 13 14 15 17 19 20 21 22 24 25 27 28 33 36 39 40
 10 -6 23 77 67 65 61 59 56 55 54 50 49 48 47 46 45 44 42 41 38 35 34 30 29 26
 9 -22 12 78 65 59 56 55 54 37 35 32 30 29 16
 3 -11 11 75 68 67 48 47 46 44 43 32 31 29
 5 -100 10 75 60 52 51 48 38 35 32 31 23
 2 -44 16 78 75 73 69 68 66 59 57 54 53 50 49 48 42 38 37
 9 -21 13 78 77 70 65 57 55 54 49 47 43 42 38 18
 8 -71 17 92 82 81 74 73 69 66 65 64 62 59 57 55 54 53 42 30
 1 0 17 101 84 77 75 64 61 60 59 56 55 53 52 51 47 46 38 35
 3 -7 22 91 85 81 78 77 76 75 73 71 70 69 65 63 61 60 58 56 55 54 48 43 38
 2 -82 19 82 77 74 70 69 68 67 66 63 62 61 59 57 54 51 48 46 44 42
 4 -66 15 102 100 90 82 77 75 74 73 66 65 64 61 56 52 23
 8 -89 24 102 101 92 82 79 78 77 76 75 74 71 69 68 67 65 64 63 62 61 57 56 54 51 46
 5 -42 18 91 85 84 82 77 71 68 66 65 64 63 62 55 52 51 50 48 41
 10 -15 15 91 85 77 73 67 64 63 60 59 57 56 52 50 48 38
 7 -17 12 84 77 70 69 68 66 51 48 47 46 42 38
 3 -92 20 102 91 85 84 82 81 79 76 75 73 68 67 63 62 60 58 55 54 52 48
 5 -99 6 102 68 56 48 46 32
 9 -16 12 91 84 81 77 76 71 66 64 54 48 45 43
 5 -65 18 101 91 84 82 81 79 75 73 70 69 68 65 63 61 60 55 54 51
 4 -14 15 101 99 91 85 84 81 77 76 73 69 63 59 58 55 38
 3 -10 18 101 100 90 89 84 81 79 77 73 70 69 68 66 65 64 63 62 56
 8 -63 18 101 99 92 91 89 85 83 81 79 71 69 68 63 62 59 58 57 55
 5 -80 14 121 102 96 85 84 81 76 71 70 69 65 56 54 48
 2 -32 15 102 96 91 85 84 82 78 76 69 68 65 62 61 56 51
 1 -87 13 101 95 92 81 78 76 75 74 73 69 66 63 43
 3 -22 11 100 99 79 74 71 68 64 59 57 55 42
 2 -79 21 121 114 101 100 99 96 91 90 86 80 78 76 75 74 72 71 70 69 68 65 62
 9 -89 15 120 101 95 92 91 90 85 83 82 81 74 66 64 63 57
 7 -27 14 102 101 96 95 91 90 88 79 75 70 68 63 60 51
 7 -52 18 121 102 101 92 88 85 82 80 79 78 77 74 73 72 70 65 61 59
 1 -21 17 121 120 100 99 95 90 85 84 83 80 76 74 71 69 64 62 58
 4 -86 15 101 98 90 89 87 84 83 81 76 75 71 68 67 56 52
 10 -77 9 101 95 91 85 78 73 69 62 43
 9 -30 17 120 102 100 99 95 92 91 89 86 82 81 79 76 70 69 68 66
 6 -56 17 121 120 119 114 99 98 95 91 90 86 83 74 72 71 70 66 62
 7 -54 12 102 96 88 83 82 77 76 70 67 63 61 60
 6 -40 19 121 120 119 118 114 102 100 98 97 96 95 90 86 83 82 79 74 72 62
 1 -85 10 96 94 91 88 86 85 78 70 68 51
 6 -21 14 120 101 97 95 94 90 88 85 84 80 78 74 63 58
 10 -63 16 120 119 114 100 99 97 95 90 89 86 83 79 76 75 72 69
 6 -52 15 120 119 116 111 101 98 97 95 94 91 90 89 88 85 58
 6 -81 8 116 97 96 94 90 86 72 51
 1 0 16 115 114 112 102 98 96 95 94 91 89 87 86 84 80 76 64
 6 -91 11 119 116 102 97 94 90 85 80 74 72 58
 5 -65 16 119 116 115 99 97 96 95 91 88 87 86 83 81 80 73 72
 8 -84 15 119 118 117 116 99 96 95 94 92 91 90 88 86 83 72
 4 -1 14 120 119 117 115 114 101 100 94 92 89 87 86 83 72
 1 0 14 121 119 117 114 112 96 95 94 90 87 86 80 72 71
 1 -78 13 121 120 119 118 112 97 96 95 88 87 81 80 76
 9 -60 14 121 120 118 117 115 114 100 99 98 93 89 87 83 80
 2 -53 11 120 119 115 114 111 109 95 94 88 80 70
 1 -93 11 119 115 114 113 112 99 98 96 95 76 71
 3 -25 11 119 118 117 116 114 105 99 95 90 83 72
 3 -26 13 121 119 117 113 112 108 98 96 95 94 88 86 72
 5 -66 10 118 117 116 113 112 99 94 86 80 72
 6 -36 12 117 115 114 113 112 106 98 94 93 86 84 80
 4 -91 12 118 117 114 113 112 110 109 107 96 93 87 86
 7 -28 13 120 118 116 114 112 110 108 107 104 98 97 96 93
 8 -30 11 121 116 115 113 112 111 109 106 94 93 86
 3 -56 10 120 116 115 114 110 105 103 95 94 87
 8 -58 8 117 113 112 109 94 93 88 87
 9 -35 5 121 119 114 105 72
 7 -83 5 119 118 108 97 72
 8 -98 8 120 118 116 115 109 107 95 83
 1 -7 5 109 96 88 87 80
 2 -49 7 118 113 109 106 93 86 80
 2 -84 8 119 115 113 111 110 107 97 93
 7 -33 7 118 115 107 106 104 98 93
 6 -12 7 118 116 113 112 108 97 93
 5 -96 7 111 109 108 107 106 104 88
 4 0 7 111 110 109 107 106 104 93
 5 -17 6 113 111 108 106 105 93
 5 -71 5 107 106 104 103 89
 1 -26 6 110 108 106 105 104 103
 7 -67 5 117 116 109 108 93
 2 -59 4 116 114 104 93
 1 -21 4 113 109 105 93
 5 -65 3 104 94 93
 7 -45 4 107 105 104 103
 10 -82 4 114 111 110 103
 2 -97 4 117 116 108 104
 10 -79 3 113 112 108
 1 -79 3 111 108 104
 8 -34 3 112 104 103
 4 0 2 105 104
 1 -4 2 108 106
 3 -2 2 110 105
 9 -5 2 108 105
 8 -99 2 115 109
 1 -74 2 105 103
 1 -16 2 106 105
 3 -43 1 103
 9 -54 1 107
 3 -25 1 104
 2 -32 1 106
 2 -27 1 106
 9 -57 1 105
 2 -64 1 109
 8 -59 1 111
 5 -13 1 103
 8 -26 1 103
 9 -100 1 122
 5 -65 1 122
 1 -53 1 122
 2 -48 1 122
 2 -4 1 122
 9 -28 1 122
 1 -68 1 122
 7 -33 1 122
 4 -2 1 122
 3 -74 1 122
 2 -24 1 122
 8 -69 1 122
 4 -57 1 122
 5 -4 1 122
 1 -13 1 122
 2 -10 1 122
 10 -8 1 122
 4 -71 1 122
 5 -43 1 122
 0 28405 0
