122
 0 0 25 2 3 4 5 6 7 8 9 10 12 13 14 16 17 18 19 20 21 22 23 25 27 30 31 34
 8 -33 11 55 50 48 43 42 41 40 38 32 24 11
 9 -32 13 66 65 63 57 54 53 49 47 45 42 40 32 15
 6 -76 13 96 57 56 54 52 51 49 41 38 37 36 35 28
 10 -8 19 97 96 71 65 64 61 59 57 56 54 53 52 50 49 48 44 40 37 28
 2 -39 12 66 65 63 54 53 52 51 48 40 36 32 15
 2 -38 15 66 63 60 59 57 56 55 54 51 47 46 44 39 32 29
 7 -95 12 97 86 64 59 53 52 46 43 38 37 32 28
 2 -55 17 97 77 70 69 67 64 61 59 58 56 55 46 45 43 42 38 37
 2 -32 17 97 70 67 65 64 62 61 60 58 56 50 49 48 47 43 42 38
 4 -89 13 97 96 86 78 73 65 59 54 53 49 46 37 28
 3 -24 11 98 70 64 63 62 52 51 47 43 38 26
 4 -14 8 97 96 71 51 44 43 35 28
 7 -64 13 96 81 78 71 68 63 58 57 53 49 47 36 35
 5 -34 12 97 96 87 75 73 71 62 60 46 44 39 35
 7 -53 14 96 82 76 74 71 68 65 59 58 53 52 51 45 36
 6 -100 11 97 86 78 73 68 63 60 59 49 45 32
 8 -55 25 121 120 98 96 95 87 86 85 79 78 77 76 75 73 70 68 67 66 64 63 62 61 56 54 46
 7 -86 15 97 95 77 73 70 68 67 64 61 60 57 53 48 47 43
 6 -81 10 97 95 86 80 73 69 63 55 43 33
 8 -74 21 120 98 97 87 86 81 79 76 74 73 72 71 70 68 66 64 63 60 59 58 48
 6 -97 25 121 120 98 97 96 95 87 86 85 84 82 81 80 79 77 76 75 73 72 71 70 68 67 62 61
 6 -41 16 120 98 97 96 86 80 72 70 68 67 64 62 61 57 56 43
 1 -31 17 121 120 95 94 81 79 78 77 74 72 70 69 64 62 57 56 51
 8 -72 14 118 96 86 85 83 80 78 76 73 70 67 58 55 43
 8 -2 13 120 97 95 94 87 81 76 73 67 58 48 46 44
 3 -15 16 117 97 96 95 86 85 82 81 79 77 72 68 66 62 55 48
 4 -52 14 121 87 85 81 77 76 70 69 68 67 63 60 58 45
 7 -71 13 120 97 94 86 83 82 81 69 67 58 53 48 45
 6 -98 17 97 96 93 86 84 81 80 79 76 74 73 72 70 68 63 56 49
 3 -79 18 121 120 118 113 108 96 92 87 86 82 81 77 76 74 70 68 66 58
 10 -90 17 121 118 96 94 92 85 82 81 79 77 76 75 74 70 67 61 58
 7 -18 16 121 120 96 92 85 82 81 79 75 74 70 68 67 62 61 58
 10 -44 15 121 120 118 96 95 87 81 77 76 73 68 67 58 54 50
 6 -95 17 121 120 118 113 104 103 98 94 93 92 85 82 80 76 70 64 59
 10 -14 17 121 111 110 104 98 97 95 92 87 86 85 84 80 79 73 70 61
 7 -35 13 116 115 95 87 84 82 79 75 74 68 66 63 62
 5 -59 16 121 118 115 95 92 87 85 84 82 78 75 74 73 71 68 66
 3 -15 16 120 118 117 113 111 110 108 85 84 81 80 78 72 70 68 61
 5 -40 15 121 120 117 115 109 95 91 87 83 82 79 77 75 68 62
 9 -42 15 120 119 116 112 109 107 104 87 83 82 79 77 74 69 65
 8 -21 21 119 118 115 113 110 109 107 106 104 103 98 96 94 93 90 87 86 82 81 76 74
 2 -56 16 121 119 117 115 112 111 109 107 94 92 84 82 81 79 75 74
 1 -100 13 119 117 111 110 109 91 90 86 83 82 79 77 72
 10 -20 9 118 115 106 98 84 80 75 72 62
 7 -60 14 119 117 115 114 110 109 108 106 93 90 82 80 74 72
 5 -32 12 120 113 112 111 109 106 85 84 82 80 74 72
 10 -14 15 121 118 114 112 111 110 109 108 106 103 92 91 89 84 78
 4 -69 17 120 118 116 115 113 112 110 109 108 107 104 103 92 90 89 82 77
 8 -41 16 117 115 113 112 111 108 107 105 104 103 94 90 89 83 82 80
 6 -55 13 117 114 112 108 107 106 103 93 92 87 86 83 80
 1 -14 14 120 117 116 115 113 111 109 106 103 102 101 93 88 75
 4 -10 10 116 111 110 109 105 93 89 85 80 79
 7 -6 17 117 116 115 113 110 109 108 107 106 104 103 102 101 94 92 90 88
 2 -26 11 120 119 112 108 105 104 103 91 88 87 71
 2 -4 11 118 114 111 109 108 102 92 91 90 83 82
 9 -18 11 116 115 113 109 107 106 105 103 101 87 76
 7 -35 12 117 115 111 110 107 104 103 102 101 93 89 84
 3 -100 11 117 112 110 108 106 105 102 95 90 89 88
 10 -63 9 113 112 106 103 93 89 83 82 80
 3 -40 9 116 115 114 112 109 107 103 89 83
 3 -60 11 119 114 112 111 110 104 103 102 101 100 93
 4 -88 9 118 111 104 103 102 94 91 89 88
 4 -20 9 115 112 111 110 107 106 102 89 84
 8 -69 8 115 113 106 103 102 90 89 81
 3 -26 7 112 109 106 104 89 83 80
 9 -31 9 113 110 108 106 104 101 99 90 88
 3 -23 8 107 105 104 103 102 94 89 88
 7 -52 7 118 108 105 101 99 90 88
 1 -76 7 119 116 114 109 106 101 99
 3 -20 7 111 110 107 102 101 100 99
 9 -14 5 107 104 103 92 89
 2 -66 5 114 109 105 89 88
 1 -30 4 102 99 91 88
 2 -86 4 108 104 90 89
 9 -63 4 117 102 100 89
 2 -23 4 105 102 99 88
 5 -18 4 104 102 99 88
 10 -76 4 114 113 106 103
 2 -22 3 102 99 88
 5 -36 3 101 99 88
 1 -65 2 99 88
 5 -56 2 101 88
 9 -47 2 99 90
 6 -69 2 100 91
 4 -16 2 116 101
 1 -56 1 89
 9 -7 1 100
 6 -56 1 99
 1 -81 1 100
 6 -10 1 101
 10 -77 1 105
 2 -100 1 99
 4 -72 1 100
 5 -52 1 101
 5 -10 1 99
 6 -80 1 118
 5 -24 1 108
 7 -57 1 122
 8 -72 1 122
 10 -19 1 122
 9 -63 1 122
 4 -29 1 122
 3 -42 1 122
 7 -6 1 122
 4 -16 1 122
 7 -61 1 122
 1 -10 1 122
 6 -55 1 122
 9 -26 1 122
 2 -53 1 122
 3 -87 1 122
 10 -68 1 122
 1 -41 1 122
 7 -27 1 122
 7 -75 1 122
 1 -21 1 122
 9 -80 1 122
 8 -61 1 122
 6 -17 1 122
 5 -22 1 122
 0 28305 0
