122
 0 -73 11 2 3 4 5 6 7 9 14 17 19 28
 5 -6 9 22 21 20 18 16 15 12 11 8
 7 -100 7 23 22 21 20 16 13 10
 1 -92 4 22 20 16 15
 7 -12 4 31 25 24 10
 10 -8 7 36 31 29 27 26 24 23
 10 -79 6 41 30 29 26 24 20
 10 -3 7 41 36 31 30 29 26 24
 10 -10 5 41 33 30 24 21
 6 -30 4 33 29 26 15
 6 -56 7 35 34 31 30 29 27 25
 10 -84 5 41 31 27 26 24
 5 -33 5 41 35 30 27 24
 4 -84 6 47 41 34 31 27 25
 1 -31 5 41 35 34 30 27
 10 -80 5 47 30 27 25 24
 10 -41 5 35 34 30 27 25
 3 -84 4 36 35 33 24
 5 -55 8 41 40 38 37 35 34 32 30
 5 -21 4 36 35 33 27
 6 -50 4 39 36 35 27
 5 0 5 37 35 34 31 29
 4 -11 7 47 41 39 38 37 32 30
 9 -98 5 40 38 37 34 32
 1 -67 5 40 39 38 37 32
 1 -25 6 46 44 42 40 37 35
 2 -59 5 42 40 38 37 32
 6 -30 3 34 33 32
 9 -74 7 53 48 47 46 45 40 39
 2 -50 6 50 48 46 44 43 42
 5 -38 5 52 48 44 43 39
 7 -15 8 55 54 53 49 48 46 45 44
 9 -98 4 53 48 45 39
 9 -10 3 44 43 39
 10 -82 8 59 57 54 52 50 48 47 43
 5 -37 7 59 55 53 52 50 48 42
 2 -65 6 58 57 54 49 45 43
 3 -90 5 54 52 49 44 43
 1 -20 4 55 51 50 42
 7 -20 6 68 59 55 52 51 50
 7 -16 3 55 50 44
 2 -35 5 68 58 57 54 49
 7 -69 5 68 56 55 53 51
 3 -100 4 59 57 56 51
 1 -59 4 62 61 59 50
 10 -69 6 71 68 62 59 56 52
 9 -5 5 71 65 63 56 55
 4 -23 4 68 64 58 51
 7 -79 6 71 64 63 62 61 56
 2 -83 5 75 71 65 64 56
 5 -41 7 71 70 66 65 62 61 60
 7 -76 7 78 70 69 66 65 63 60
 6 -97 6 71 70 65 63 62 60
 10 -85 5 71 65 64 62 60
 8 -74 7 75 73 69 67 64 61 60
 9 -65 6 82 70 69 67 66 60
 6 -24 3 73 63 60
 4 -21 10 85 82 80 78 76 75 74 73 72 67
 6 -75 6 85 84 80 76 72 63
 6 -82 10 88 85 83 81 80 79 77 76 74 72
 9 -34 10 88 85 83 82 81 80 79 77 74 72
 3 -55 7 91 85 78 75 74 73 67
 9 -95 5 91 82 75 74 67
 10 -2 8 91 90 89 88 84 83 78 77
 5 -21 6 84 82 81 79 73 72
 9 -59 5 88 83 79 74 73
 6 -90 7 95 93 88 87 83 81 79
 2 -27 6 95 91 88 85 79 76
 3 -28 4 84 81 79 74
 10 -94 6 109 101 91 90 86 80
 5 -52 5 109 95 93 86 79
 10 -5 9 109 103 101 100 98 93 92 91 89
 6 -2 8 109 104 96 95 94 92 90 86
 1 -36 6 101 98 95 93 90 87
 9 -29 5 103 100 95 93 83
 3 -48 8 109 108 103 102 96 94 93 86
 6 -49 8 109 103 101 98 95 94 92 87
 3 -80 7 109 108 101 95 94 93 86
 3 -45 7 104 101 99 98 92 90 89
 3 -30 7 104 100 98 95 94 92 89
 2 -69 5 109 103 102 94 86
 6 -9 4 108 103 95 86
 7 -80 7 105 99 98 97 96 94 92
 7 -100 8 121 105 103 102 101 99 97 96
 9 -19 8 121 112 105 104 102 98 97 96
 7 -53 8 121 112 110 105 100 99 98 97
 5 -13 7 121 112 105 102 100 99 96
 4 -38 7 121 112 108 105 102 98 97
 2 -9 7 121 112 110 108 105 97 96
 9 -80 6 112 110 108 105 103 97
 8 -27 4 105 104 97 94
 6 -60 5 120 117 108 106 102
 8 -43 7 119 118 116 112 107 106 104
 1 -87 8 121 120 119 118 117 116 112 107
 2 -95 4 119 117 106 102
 8 -3 7 120 119 118 117 116 114 106
 3 -51 6 120 119 118 117 111 106
 3 -75 6 120 118 117 116 111 106
 10 -30 6 120 117 116 115 113 111
 7 -52 5 120 117 116 115 107
 2 -2 5 120 119 118 113 112
 4 -55 4 118 116 113 110
 3 -45 4 119 117 116 106
 10 -76 4 117 115 113 111
 3 -19 3 118 116 107
 10 -20 2 115 113
 7 -59 2 114 113
 5 -29 2 119 114
 10 -72 2 118 116
 10 -18 1 111
 6 -32 1 114
 6 -84 1 115
 1 -17 1 122
 3 -96 1 122
 6 -1 1 122
 2 -91 1 122
 1 -87 1 122
 5 -65 1 122
 9 -55 1 122
 2 -42 1 122
 7 -40 1 122
 0 29890 0
