122
 0 -3 21 2 3 4 5 6 7 8 10 11 12 14 15 16 17 19 20 23 24 25 34 39
 1 -99 7 48 44 33 30 28 21 9
 10 -19 6 44 37 35 33 32 9
 2 -23 7 50 46 42 33 32 27 13
 10 -29 12 54 52 50 46 40 36 33 32 31 29 27 26
 7 -94 7 50 48 38 32 29 27 18
 8 -45 13 61 57 54 50 49 48 46 45 41 36 32 29 27
 7 -100 7 48 47 45 44 42 30 21
 9 -4 12 54 50 49 47 46 45 43 41 40 36 31 29
 1 -86 8 48 43 41 36 35 32 29 26
 8 -17 4 50 36 29 18
 4 -26 13 58 54 53 52 50 49 48 47 45 40 36 31 29
 9 -90 8 54 48 45 41 40 36 29 26
 6 -16 6 65 46 44 40 36 22
 8 -39 13 61 55 54 52 49 48 47 45 44 42 36 32 29
 6 -18 12 65 61 58 57 53 50 49 47 45 43 42 30
 10 -69 7 55 49 43 36 35 32 28
 7 -40 9 65 63 54 49 45 44 43 41 31
 2 -80 11 57 55 54 52 50 49 47 45 42 32 29
 2 -25 6 61 54 46 42 32 27
 7 -20 11 65 61 56 54 53 50 46 43 41 36 32
 3 -59 11 69 63 60 54 53 50 49 47 43 42 41
 6 -97 14 83 69 65 61 58 56 54 53 52 51 50 47 45 43
 10 -79 8 61 54 52 49 47 42 36 33
 1 -15 7 71 63 61 48 44 42 35
 9 -95 12 72 67 65 63 61 59 56 55 51 49 47 44
 5 -84 11 79 69 67 66 65 60 58 55 53 47 43
 3 -56 10 83 66 63 61 56 53 52 51 50 47
 6 -63 14 77 74 72 71 69 68 67 66 65 64 60 59 56 51
 5 -24 11 77 71 69 66 63 60 59 55 54 52 51
 1 -88 7 71 68 67 61 57 55 42
 10 -78 14 83 77 74 71 70 69 68 67 66 64 63 59 58 51
 1 -89 15 100 83 82 79 77 72 71 70 69 68 66 63 62 59 53
 4 -50 10 79 77 72 66 60 59 58 56 54 53
 3 -61 9 78 77 69 67 60 57 54 53 51
 5 -10 10 83 77 74 72 71 68 67 66 64 51
 3 -12 8 80 74 69 64 62 60 56 48
 7 -14 8 79 71 69 68 62 58 57 45
 10 -20 9 77 71 70 69 67 59 58 57 55
 6 -9 10 87 80 79 74 64 63 61 60 57 56
 3 -5 8 83 77 74 71 68 62 58 52
 9 -56 6 77 66 64 59 56 51
 4 -20 10 100 89 82 80 78 72 70 68 62 59
 7 -40 8 87 83 82 81 77 69 68 53
 2 -45 9 95 87 82 77 75 73 70 66 64
 2 -73 15 103 102 95 94 87 86 84 83 82 81 79 77 73 71 67
 10 -4 10 96 89 84 82 80 78 77 76 75 62
 10 -77 9 100 94 82 79 78 73 72 70 67
 2 -82 10 121 87 84 82 81 79 75 73 71 66
 7 -18 7 121 84 82 77 71 70 59
 7 -100 9 100 96 89 86 84 82 80 79 62
 10 -5 11 104 95 94 87 86 84 81 80 79 73 67
 3 -16 5 94 75 74 73 64
 7 -37 8 103 96 95 94 89 73 70 68
 9 -12 6 95 93 83 76 75 64
 6 -63 11 121 103 98 96 94 93 92 88 82 78 70
 7 -59 10 121 120 103 102 94 89 84 82 76 73
 9 -12 8 121 100 95 89 86 84 80 73
 5 -61 14 104 103 102 99 98 97 96 95 94 91 88 87 81 75
 3 -37 14 121 102 99 98 97 95 94 93 91 89 88 84 83 75
 3 -92 12 121 103 102 100 98 95 93 92 86 81 78 76
 8 -10 10 121 120 119 103 102 95 94 87 81 73
 10 -26 9 121 119 104 103 102 95 86 84 73
 6 -26 16 121 118 116 104 103 102 99 98 97 96 92 89 88 86 85 84
 10 -29 11 121 118 104 103 102 99 97 93 84 81 75
 2 -82 10 104 99 98 94 91 89 88 86 85 80
 9 -48 12 121 120 116 107 101 99 98 96 91 89 88 85
 4 -13 6 121 102 97 91 90 75
 4 -94 6 121 102 98 95 88 76
 9 -61 5 102 99 86 81 76
 4 -47 8 119 116 98 96 93 90 85 78
 7 -4 11 120 116 114 103 101 99 97 95 91 85 84
 2 -37 10 116 101 99 98 97 93 92 91 88 85
 1 -6 5 121 103 95 90 76
 8 -74 8 119 116 114 109 101 92 86 85
 2 -53 9 119 116 114 111 109 101 97 91 85
 8 -80 10 118 117 116 114 113 112 111 108 107 90
 5 -71 8 115 114 112 111 104 101 97 91
 5 -11 10 119 116 115 113 112 110 108 107 106 98
 2 -31 9 120 118 111 109 108 103 102 101 97
 1 -1 7 117 113 112 108 107 101 90
 10 -45 5 116 115 104 101 91
 10 -24 8 119 115 114 110 109 107 106 101
 3 -90 3 117 112 90
 7 -75 6 115 113 112 108 106 105
 3 -45 6 120 117 113 110 108 105
 9 -83 6 114 111 109 107 106 105
 10 -33 2 114 90
 3 -33 5 119 110 109 106 105
 3 -6 4 110 109 106 105
 4 -96 4 118 113 108 105
 4 -18 4 112 111 107 106
 5 -25 4 111 107 106 105
 6 -85 4 116 110 108 107
 9 -60 3 111 107 106
 6 -88 3 112 106 105
 2 -29 2 107 105
 3 -29 2 117 105
 4 -84 2 111 106
 5 -5 2 106 105
 4 -69 1 105
 10 -7 1 106
 4 -46 1 105
 4 -86 1 106
 3 -58 1 122
 1 -84 1 122
 2 -47 1 122
 3 -23 1 122
 5 -55 1 122
 4 -99 1 122
 5 -36 1 122
 10 -83 1 122
 10 -87 1 122
 1 -24 1 122
 7 -9 1 122
 1 -3 1 122
 10 -13 1 122
 3 -68 1 122
 9 -43 1 122
 6 -45 1 122
 10 -52 1 122
 0 28265 0
