122
 0 -20 8 2 3 4 5 6 8 12 15
 9 -15 7 22 18 17 14 13 11 9
 2 -27 7 27 25 22 20 17 16 10
 9 -49 5 25 18 17 11 7
 5 -81 4 22 19 18 9
 10 -84 3 22 11 9
 5 -7 5 29 28 27 16 13
 6 -38 3 17 16 11
 3 -46 6 35 29 28 25 23 16
 10 -48 4 28 26 18 13
 7 -87 10 39 35 33 31 30 29 27 26 23 21
 1 -84 7 31 30 29 26 23 21 18
 8 -66 5 33 32 23 21 19
 6 -12 8 39 35 33 31 26 25 24 21
 6 -6 8 39 35 33 31 30 26 25 24
 3 -42 8 39 33 32 31 30 26 24 21
 4 -89 7 35 33 31 30 29 24 21
 5 -21 7 47 42 39 35 34 33 24
 9 -44 9 66 48 47 40 39 37 35 31 30
 7 0 2 29 24
 4 -32 10 66 57 45 44 43 42 40 37 36 34
 8 -53 9 66 57 48 45 44 40 39 37 32
 3 -79 2 38 24
 5 -5 8 66 57 45 44 43 40 37 36
 1 -7 7 57 45 44 43 41 36 32
 1 -46 8 66 57 52 48 45 44 43 34
 10 -68 8 66 57 47 44 43 41 38 36
 8 -37 8 60 57 52 51 44 38 37 36
 6 -90 6 57 45 44 43 41 32
 7 -18 6 52 45 44 43 41 34
 8 -33 7 57 52 50 46 44 43 42
 4 -82 5 60 49 47 42 38
 4 -8 5 60 57 56 52 37
 3 -40 5 60 56 49 46 38
 3 -33 5 56 52 49 44 38
 6 -35 6 56 55 53 50 48 46
 8 -88 4 58 53 49 41
 4 -14 6 65 59 58 55 53 50
 6 -89 7 74 68 63 62 60 56 46
 5 -88 5 65 56 52 51 49
 3 -42 5 65 63 59 55 54
 7 -88 6 75 64 61 58 56 55
 8 -52 4 69 60 51 49
 8 -10 10 75 74 68 65 64 63 62 61 59 58
 6 -48 4 68 65 56 54
 6 -6 4 67 65 59 54
 4 -32 8 75 70 69 68 67 65 64 59
 4 -46 8 81 75 74 73 70 67 62 61
 10 -19 3 75 63 55
 8 -37 2 63 54
 6 -54 8 83 75 74 73 70 67 64 62
 1 -49 6 71 70 69 68 67 59
 4 -15 7 75 74 73 72 70 69 68
 3 -49 6 81 75 72 70 64 61
 8 -27 5 74 73 68 67 62
 4 -40 5 81 76 69 67 59
 5 -74 4 72 68 64 62
 2 -44 8 84 83 81 80 79 76 71 70
 10 -17 5 83 79 77 73 72
 3 -72 7 84 83 79 78 77 76 71
 3 -84 5 87 84 83 77 69
 8 -82 6 84 80 79 77 76 71
 9 -91 6 87 84 80 79 78 77
 5 -41 5 80 79 77 76 71
 8 -64 5 83 79 78 77 71
 5 -77 4 83 79 72 70
 5 -90 4 88 84 77 72
 7 -88 7 91 88 84 83 81 77 76
 2 -11 4 85 80 79 78
 8 -59 7 96 95 92 89 88 85 78
 9 -97 8 96 95 94 90 89 87 85 82
 5 -66 5 96 95 92 87 78
 6 -17 5 96 89 84 82 80
 6 -12 7 96 95 94 92 90 85 82
 7 -50 3 91 90 79
 4 -96 9 101 97 95 94 93 92 90 89 85
 7 -78 7 97 96 94 92 89 86 85
 1 -47 3 94 90 82
 7 -50 9 108 107 100 96 95 94 92 89 88
 10 -9 9 121 109 107 102 95 94 92 91 86
 6 -98 6 95 92 90 89 86 85
 7 -77 7 121 109 107 102 93 91 86
 6 -14 9 121 120 119 108 107 102 98 95 94
 1 -97 6 109 108 107 104 94 92
 3 -88 11 121 120 119 109 108 107 106 104 102 100 98
 1 -18 10 120 119 111 108 106 104 103 101 99 98
 2 -1 5 121 120 107 99 93
 2 -71 6 119 109 102 99 98 97
 8 -25 7 121 119 111 104 103 99 98
 8 -44 6 119 111 106 103 100 99
 6 -12 5 119 111 100 99 97
 9 -2 5 120 119 111 105 98
 7 -68 8 119 118 117 116 115 111 106 103
 7 -14 3 106 103 99
 7 -12 6 117 116 111 106 104 103
 2 -22 5 121 117 116 115 103
 10 -1 4 117 115 105 103
 3 -64 6 118 117 115 114 113 110
 9 -94 5 118 117 115 114 105
 9 -82 5 118 117 114 113 105
 3 -52 4 114 113 110 105
 9 -92 4 115 113 111 110
 4 -41 3 114 113 110
 8 -7 3 115 113 110
 5 -41 2 116 112
 4 -57 2 113 112
 8 -75 2 118 114
 4 -70 2 113 112
 6 -6 2 118 115
 9 -90 1 112
 6 -71 1 112
 6 -69 1 122
 7 -60 1 122
 6 -91 1 122
 10 -73 1 122
 8 -39 1 122
 10 -1 1 122
 8 -59 1 122
 9 -93 1 122
 4 -88 1 122
 7 -99 1 122
 0 30095 0
