122
 0 -78 18 2 3 4 6 7 8 9 10 11 12 14 15 17 19 20 24 38 40
 2 -71 9 35 34 32 31 29 22 18 16 5
 6 -39 6 53 36 35 30 28 13
 9 -37 8 46 42 41 37 34 32 26 18
 10 -74 7 53 46 43 39 27 25 21
 9 -90 7 62 47 42 41 32 23 18
 1 -85 7 53 52 36 30 29 27 25
 8 -10 8 43 42 41 37 36 35 28 23
 9 -64 5 46 35 32 27 23
 1 -6 17 70 64 58 56 53 52 51 50 49 46 45 44 43 41 39 37 35
 8 -26 10 63 62 57 49 47 46 44 42 41 23
 9 -23 6 52 41 39 33 26 25
 4 -41 11 64 63 62 55 52 50 47 46 44 43 27
 7 -4 9 69 63 62 56 52 44 37 30 27
 2 -76 8 69 63 52 47 44 39 30 27
 6 -46 9 69 64 63 62 56 55 52 33 27
 5 -57 12 69 66 63 62 57 55 49 47 45 43 41 30
 9 -35 10 69 63 58 53 52 49 45 44 39 30
 5 -14 7 48 46 44 41 39 37 30
 6 -1 13 70 64 63 58 53 51 50 49 48 45 44 42 41
 7 -40 10 64 63 62 60 55 52 47 44 42 33
 3 -79 9 70 69 64 63 62 45 44 41 33
 3 -52 7 69 58 56 55 52 45 30
 7 -27 12 71 70 64 60 59 58 52 51 50 48 46 45
 4 -23 12 71 70 69 64 62 58 57 56 55 54 51 44
 1 -62 12 70 69 68 64 63 62 61 58 53 49 47 45
 2 -55 9 70 59 58 57 51 49 45 42 41
 9 -73 11 76 65 64 63 62 60 58 56 55 52 39
 8 -17 11 72 71 68 63 62 60 58 56 55 54 46
 7 -45 6 72 70 64 60 59 33
 3 -33 13 88 82 74 72 71 68 66 62 60 57 56 55 54
 9 -17 10 90 69 68 64 58 57 56 55 54 50
 5 -77 7 88 82 71 65 54 51 50
 5 -46 7 71 70 66 59 58 54 50
 4 -4 12 103 93 85 82 76 69 68 67 66 63 62 59
 6 -67 11 94 93 90 85 72 69 67 63 61 60 54
 3 -44 9 85 75 74 72 71 67 66 59 55
 10 -12 9 90 88 83 68 64 62 61 56 54
 4 -94 12 103 93 85 83 79 75 74 72 68 66 59 57
 1 -20 11 94 90 88 85 82 73 72 68 67 63 55
 2 -77 11 94 90 88 85 82 79 72 71 68 60 54
 7 -88 11 93 88 87 83 76 75 74 72 71 66 61
 6 -48 14 109 94 93 90 88 87 83 82 78 75 74 72 71 61
 3 -96 8 85 81 76 72 67 66 61 59
 9 -81 7 109 88 79 74 72 65 54
 5 -45 9 103 93 87 76 74 73 69 66 65
 1 -64 9 109 103 90 88 85 83 79 71 56
 6 -2 10 109 103 94 93 88 82 81 72 67 65
 9 -75 12 109 103 93 90 88 86 85 79 76 75 72 71
 10 -65 9 109 98 94 83 76 74 73 67 61
 6 -43 11 109 93 90 87 84 80 79 78 77 74 68
 9 -82 11 103 93 87 86 85 84 81 79 78 77 73
 4 -85 13 109 103 100 99 97 90 87 84 83 82 81 77 73
 3 -1 9 103 100 87 86 84 77 76 75 73
 7 -39 7 109 98 93 87 83 78 61
 10 -80 6 94 93 86 81 78 67
 5 -58 6 109 98 94 84 78 67
 8 -64 11 109 100 96 92 91 89 84 82 81 80 78
 2 -71 8 100 98 88 87 86 84 77 73
 9 -72 8 109 100 89 87 83 80 78 75
 3 -65 9 103 101 97 96 91 86 84 79 77
 7 -23 7 109 100 96 92 89 80 75
 4 -52 5 109 98 87 79 74
 2 -85 8 103 101 98 96 86 85 79 77
 1 -47 9 108 96 92 91 90 89 86 85 78
 3 -47 8 109 101 96 94 91 90 80 77
 9 -55 7 101 100 96 91 87 80 77
 8 -45 10 108 107 102 101 97 96 92 89 86 81
 2 -36 10 108 102 101 100 99 97 96 91 88 81
 2 -17 7 107 103 101 96 91 84 77
 10 -82 5 101 100 97 96 77
 3 -83 10 121 119 108 107 101 99 98 92 91 80
 7 -69 9 119 108 102 101 96 92 91 89 80
 7 -52 9 119 108 102 101 97 96 92 91 89
 7 -9 10 121 120 108 106 102 101 99 97 91 81
 9 -72 3 92 91 78
 6 -25 7 119 116 115 108 102 92 89
 10 -10 10 119 117 116 107 105 102 101 99 97 95
 1 -15 7 117 116 113 105 100 99 95
 10 -7 9 120 118 117 116 113 112 111 106 95
 4 -61 6 119 116 111 105 98 95
 4 -73 6 117 113 108 107 105 95
 5 -1 9 120 118 116 115 114 113 110 107 105
 4 -69 7 121 119 118 113 112 111 95
 1 -28 7 117 116 114 113 107 105 99
 9 -18 6 118 116 113 111 105 95
 6 -80 9 118 117 115 114 113 112 111 106 104
 6 -80 8 121 119 117 116 113 111 105 104
 1 -40 8 121 120 117 114 113 111 106 104
 2 -8 8 118 117 116 115 114 113 111 105
 9 -57 4 118 116 111 95
 10 -95 5 118 114 111 105 104
 3 -20 5 121 120 115 113 105
 6 -75 5 120 119 116 114 110
 7 -79 3 115 114 104
 10 -58 3 112 111 106
 2 -84 3 112 111 104
 5 -34 3 115 113 110
 10 -95 2 111 104
 8 -12 2 110 107
 5 -60 2 113 111
 10 -13 2 112 110
 5 -96 2 113 112
 10 -98 1 110
 1 -45 1 112
 10 -29 1 110
 4 -28 1 111
 7 -4 1 111
 9 -36 1 111
 3 -53 1 122
 8 -88 1 122
 6 -73 1 122
 6 -52 1 122
 6 -75 1 122
 2 -20 1 122
 4 -82 1 122
 10 -90 1 122
 1 -80 1 122
 10 -16 1 122
 5 -95 1 122
 7 -86 1 122
 0 30910 0
