122
 0 -20 14 2 3 4 5 6 7 8 9 10 11 13 15 16 17
 7 -42 13 42 41 35 31 30 29 28 27 24 22 20 18 14
 7 -4 8 42 35 33 27 25 24 21 14
 10 -59 13 64 48 46 45 42 39 37 36 33 27 26 23 21
 9 -76 9 43 42 41 36 33 28 19 18 14
 5 -82 12 45 42 41 39 38 37 36 35 32 24 23 22
 6 -48 13 54 48 45 42 41 39 38 37 35 33 27 24 23
 1 -88 4 38 29 26 12
 2 -47 14 64 54 48 46 45 42 41 39 37 35 34 31 29 20
 4 -63 12 54 48 44 39 37 35 33 31 29 28 24 23
 3 -85 7 64 47 43 42 41 33 14
 10 -1 10 64 52 51 50 48 46 39 37 33 21
 3 -32 10 54 46 44 42 40 37 33 31 29 23
 4 -89 10 69 54 48 46 45 44 40 39 37 23
 3 -47 7 54 51 50 39 35 27 24
 1 -20 11 78 61 58 54 51 46 45 44 42 39 32
 8 -100 14 67 64 61 59 55 54 50 48 47 46 45 41 36 34
 8 -41 13 67 65 64 61 58 55 54 52 50 47 46 39 34
 6 -22 12 67 64 59 55 54 52 51 50 47 46 37 34
 4 -57 11 65 61 60 59 58 53 52 50 44 40 33
 7 -29 9 67 61 59 54 53 43 41 40 31
 5 -48 11 65 60 59 58 57 54 53 51 50 47 33
 1 -23 11 81 67 65 61 59 58 55 52 51 50 34
 8 -86 12 81 78 71 67 64 63 61 59 49 47 46 40
 10 -76 9 69 67 63 61 59 58 51 40 36
 5 -50 7 78 71 61 59 44 43 40
 5 -92 10 78 67 62 61 58 57 53 52 47 43
 4 -23 11 81 78 69 63 61 60 59 58 56 53 40
 8 -54 8 81 63 60 59 58 57 53 36
 9 -27 12 76 69 68 65 63 61 56 54 51 50 46 45
 1 -4 15 81 80 78 76 75 73 72 71 68 63 62 60 57 56 47
 10 -20 9 76 75 71 56 55 53 49 47 43
 10 -6 15 81 80 78 76 75 73 72 71 69 68 66 63 62 56 55
 1 -74 13 83 80 78 76 75 73 72 71 63 62 60 56 53
 3 -98 13 89 84 81 78 76 75 74 71 70 69 66 65 59
 3 -45 9 78 76 73 71 70 65 62 56 49
 7 -37 10 90 81 80 78 74 73 72 63 58 49
 6 -96 10 80 76 73 71 69 68 66 57 56 55
 9 -1 12 90 84 83 81 80 75 73 66 63 60 59 56
 9 -96 11 89 80 76 75 74 73 72 68 66 62 55
 8 -76 11 90 84 83 81 80 72 68 66 60 57 56
 9 -78 10 98 86 75 74 73 70 65 63 59 52
 6 -17 11 98 89 86 84 81 74 73 69 66 65 63
 5 -23 8 77 76 73 68 67 57 56 55
 1 -98 12 104 98 90 83 81 80 77 75 74 72 60 57
 8 -6 13 104 98 91 90 86 83 80 77 75 74 72 70 60
 9 -63 10 98 93 91 89 84 82 74 70 69 66
 9 -29 8 90 86 84 82 74 73 72 66
 6 -22 12 100 95 94 93 91 89 88 86 84 83 82 66
 8 -23 12 98 97 93 88 87 86 84 83 79 77 74 73
 5 -20 9 95 93 91 86 84 75 74 70 66
 2 -64 10 104 100 97 95 94 89 82 77 76 68
 8 -92 9 100 98 94 93 91 89 88 84 66
 7 -83 14 104 98 97 94 93 92 91 90 88 87 83 82 80 75
 2 -15 10 100 97 94 93 91 90 84 83 82 70
 7 -98 14 120 103 101 100 98 97 92 89 88 87 86 85 79 74
 10 -91 11 119 99 97 95 94 93 92 91 89 82 70
 9 -4 8 104 101 95 89 88 82 75 71
 8 -21 8 100 95 92 91 88 85 79 68
 10 -3 14 120 119 103 101 99 97 96 95 94 92 89 88 87 82
 4 -50 11 120 119 103 101 95 94 91 90 85 84 82
 10 -69 13 121 118 106 104 103 102 101 100 93 92 90 86 85
 6 -78 12 119 104 103 101 100 99 97 96 93 92 87 82
 7 -46 8 121 94 93 90 88 84 83 79
 9 -36 7 101 99 96 95 82 80 72
 6 -95 6 120 97 92 87 79 77
 9 -80 12 121 119 118 106 103 100 98 94 93 89 85 84
 1 -9 9 121 119 118 113 103 101 99 93 87
 4 -80 9 121 118 117 116 106 100 95 90 83
 9 -62 7 120 118 103 101 88 87 85
 4 -30 7 118 100 99 98 96 93 86
 10 -67 10 121 119 118 117 115 113 112 100 93 88
 1 -15 9 120 119 118 102 101 100 99 95 91
 7 -10 11 121 119 118 117 116 114 112 106 99 96 94
 6 -25 8 121 120 119 114 103 100 99 85
 3 -13 7 120 118 116 106 92 91 90
 7 -26 6 121 119 118 103 101 85
 6 -60 10 121 120 117 116 114 112 110 106 99 95
 1 -83 8 118 117 111 106 105 104 102 96
 8 -86 8 118 117 115 113 111 106 102 100
 2 -35 9 120 117 116 115 114 112 111 105 96
 1 -56 8 121 118 113 111 108 106 105 102
 4 -28 9 119 115 114 113 112 111 110 109 105
 4 -97 3 114 99 92
 5 -98 4 116 112 111 96
 2 -16 8 119 117 116 113 111 110 108 107
 1 -86 7 115 112 111 110 109 108 107
 6 -12 6 114 111 110 108 107 106
 1 -56 6 112 111 110 109 108 105
 7 -36 3 114 109 99
 4 -97 6 117 115 110 109 108 107
 6 -84 5 113 112 109 108 105
 7 -22 5 120 116 114 110 105
 10 -6 5 115 113 110 108 105
 5 -94 5 115 113 111 109 105
 1 -88 5 113 110 109 108 107
 9 -15 4 117 114 112 105
 10 -54 4 115 114 112 105
 6 -49 3 111 108 105
 4 -49 3 109 108 105
 6 -13 3 117 108 105
 8 -27 3 114 112 110
 7 -82 2 116 115
 4 -81 2 116 115
 7 -71 1 107
 6 -33 1 109
 4 -5 1 122
 5 -79 1 122
 9 -43 1 122
 7 -39 1 122
 6 -50 1 122
 9 -38 1 122
 3 -10 1 122
 1 -70 1 122
 10 -99 1 122
 1 -20 1 122
 9 -99 1 122
 5 -49 1 122
 7 -77 1 122
 6 -78 1 122
 7 -100 1 122
 0 30975 0
