32
 0 -72 4 2 3 6 12
 4 0 1 5
 7 -51 1 4
 5 -98 2 8 7
 3 -87 2 8 7
 6 -85 3 10 9 8
 10 -37 2 10 9
 3 -47 3 16 13 11
 9 -56 4 17 16 14 13
 1 -63 4 18 17 14 13
 9 -44 4 18 17 15 14
 5 -50 4 18 17 15 14
 7 -9 1 15
 3 -49 4 26 22 21 20
 1 -92 2 22 19
 4 -38 2 22 19
 3 -62 4 26 24 22 21
 6 -5 4 26 23 22 20
 5 -24 3 26 24 21
 9 -85 3 31 27 24
 5 -51 2 27 23
 9 -41 3 31 27 25
 10 -92 3 31 28 25
 9 -73 1 25
 9 -88 2 30 29
 10 -42 2 31 29
 1 -37 1 28
 2 -87 1 29
 8 -22 1 32
 1 -15 1 32
 3 -24 1 32
 0 8130 0
