122
 0 -75 24 2 3 4 5 6 7 9 10 11 12 13 15 16 17 18 19 21 22 23 24 27 29 35 42
 9 -36 8 59 55 46 39 36 30 28 8
 10 -72 14 63 61 57 55 54 53 52 47 38 34 31 30 25 20
 3 -45 8 67 63 59 58 51 46 28 14
 3 -96 17 68 66 65 60 57 56 55 54 51 48 47 43 41 40 38 34 32
 8 -81 13 69 66 65 61 55 52 51 50 39 33 31 28 20
 3 -98 13 69 66 61 55 51 49 45 43 38 33 31 28 20
 10 -14 6 61 51 48 38 37 14
 7 -6 18 76 69 67 66 65 63 61 59 55 53 51 50 49 48 46 45 44 28
 8 -6 13 66 63 61 59 56 51 49 46 45 41 37 32 26
 1 -20 21 81 71 69 68 66 65 61 60 59 57 56 53 52 51 50 49 48 46 45 41 33
 3 -38 18 121 82 78 76 71 69 68 64 60 59 57 56 55 52 51 45 41 33
 3 -54 16 82 78 73 69 65 63 61 59 56 52 50 47 45 38 37 30
 7 -66 15 86 81 79 73 71 66 65 64 56 53 52 49 45 33 32
 5 -80 22 121 119 90 82 81 80 76 74 73 71 69 68 67 65 64 60 59 58 57 50 49 47
 9 -54 17 121 90 86 78 77 73 69 68 67 66 61 56 55 53 51 45 40
 5 -86 15 90 83 82 78 76 71 68 64 63 61 59 55 51 47 31
 4 -80 22 90 84 83 82 81 80 79 78 76 75 74 73 72 71 69 67 66 65 63 61 56 47
 5 -49 11 121 86 82 71 65 62 55 51 46 37 33
 10 -77 16 121 90 85 83 82 81 77 75 72 71 68 67 64 59 56 37
 2 -30 16 121 90 86 85 83 82 81 72 68 67 65 61 60 54 52 37
 8 -2 15 121 116 90 86 84 82 78 71 65 64 61 55 51 47 38
 5 -13 20 121 90 88 85 84 83 82 81 80 78 76 74 71 69 68 66 64 63 56 50
 10 -51 10 86 82 81 78 67 64 59 56 50 33
 8 -46 21 121 120 118 90 88 84 83 81 80 79 78 77 75 74 73 72 69 67 66 64 62
 8 -54 15 90 89 86 83 81 77 75 71 70 69 68 65 64 60 53
 7 -90 10 117 90 86 83 82 81 75 56 50 37
 1 -72 15 120 105 90 88 83 82 81 80 78 73 72 68 64 60 56
 2 -63 12 121 90 85 83 81 75 70 68 67 62 60 51
 8 -34 17 121 120 118 116 115 90 89 88 84 83 81 76 70 68 67 64 62
 10 -68 15 121 117 111 109 88 84 81 79 77 75 74 72 70 67 56
 10 -81 19 121 119 118 117 109 107 106 100 89 88 87 85 84 82 78 76 75 69 50
 1 -59 14 119 118 116 107 106 105 90 89 84 83 77 74 72 47
 8 -48 12 118 117 115 85 78 77 76 74 72 71 62 45
 7 -45 11 121 90 89 88 83 81 75 68 64 62 60
 8 -88 11 116 113 90 84 80 79 74 72 64 63 61
 7 -76 19 120 118 116 112 111 110 109 104 103 101 89 88 87 84 80 79 76 74 70
 3 -68 14 120 118 117 111 108 105 89 88 80 79 74 72 67 62
 3 -46 18 118 116 115 111 110 109 107 104 103 102 90 88 86 84 76 74 73 70
 3 -24 13 120 116 114 105 102 89 88 83 82 81 70 64 62
 5 -38 14 120 118 113 111 110 109 105 89 88 85 83 79 70 62
 4 -31 17 118 117 112 110 109 108 104 103 101 98 97 92 87 84 80 79 75
 2 -87 23 119 118 116 115 113 112 111 109 108 107 106 105 104 103 98 97 96 94 93 92 90 87 79
 7 -25 14 114 112 111 107 106 105 104 102 99 94 90 84 83 64
 8 -89 16 119 114 113 109 108 107 104 103 102 101 98 97 92 84 83 75
 6 -5 10 116 114 112 111 104 94 87 84 80 64
 6 -16 16 120 117 115 114 113 111 109 104 103 102 101 99 97 88 85 70
 7 -24 21 121 119 116 115 114 113 112 110 109 108 107 106 105 103 101 96 95 94 93 92 83
 4 -88 10 115 113 111 103 97 95 88 77 75 70
 9 -84 17 120 116 115 114 113 112 108 105 104 103 101 96 95 94 92 91 72
 5 -34 12 117 112 109 105 103 100 95 94 89 88 80 72
 4 -84 15 120 119 113 112 111 109 107 106 103 102 97 96 91 89 75
 3 -82 13 111 109 108 103 101 100 99 94 93 87 85 82 80
 3 -83 13 117 115 114 112 111 107 104 102 99 97 95 89 70
 10 -20 10 112 108 104 101 100 95 87 81 74 72
 7 -27 8 118 115 113 110 100 93 89 62
 1 -34 14 114 113 112 111 109 108 105 99 98 93 89 88 86 83
 6 -22 12 115 113 111 110 103 102 98 97 92 88 87 75
 7 -23 10 111 109 104 103 102 101 99 89 88 70
 8 -4 14 118 117 116 114 112 110 108 106 104 100 99 93 87 84
 8 -20 14 118 117 111 109 108 105 101 98 96 95 94 93 92 88
 5 -95 12 119 107 106 104 103 101 99 98 95 94 92 87
 10 -65 12 120 118 115 107 106 105 103 102 95 94 92 87
 8 -97 12 117 110 109 103 101 100 98 97 96 95 93 92
 5 -65 11 106 105 102 100 99 98 97 96 93 92 88
 1 -99 10 109 107 105 103 101 97 96 94 89 87
 3 -15 10 114 113 112 110 106 104 99 97 93 92
 10 -52 7 113 111 104 101 94 91 79
 1 -44 9 116 105 102 101 98 96 95 92 91
 4 -24 8 108 100 98 96 94 93 92 91
 4 -70 7 114 107 106 98 97 94 93
 3 -77 6 110 102 99 98 97 93
 8 -72 6 112 100 96 93 92 91
 4 -67 5 114 99 97 96 92
 10 -39 5 116 105 99 94 93
 5 -33 5 113 105 99 97 94
 4 -77 4 112 108 104 102
 8 -28 4 111 110 93 92
 10 -12 3 102 100 95
 10 -87 3 115 107 106
 7 -31 3 106 98 91
 4 -74 3 104 97 95
 2 -66 2 100 87
 1 -57 2 96 95
 2 -21 2 96 95
 9 -72 2 101 97
 10 -9 1 91
 4 -94 1 91
 2 -63 1 92
 1 -33 1 101
 8 -55 1 122
 10 -30 1 122
 1 -95 1 122
 10 -5 1 122
 10 -36 1 122
 5 -47 1 122
 2 -42 1 122
 3 -5 1 122
 5 -48 1 122
 6 -13 1 122
 1 -59 1 122
 4 -87 1 122
 9 -25 1 122
 2 -90 1 122
 10 -25 1 122
 4 -89 1 122
 2 -58 1 122
 1 -4 1 122
 7 -29 1 122
 5 -82 1 122
 5 -96 1 122
 8 -83 1 122
 2 -90 1 122
 7 -92 1 122
 1 -32 1 122
 10 -39 1 122
 7 -6 1 122
 2 -30 1 122
 8 -51 1 122
 8 -1 1 122
 8 -93 1 122
 0 31430 0
