122
 0 -27 9 2 3 4 5 6 7 8 14 15
 6 -74 9 25 23 21 19 18 16 12 11 10
 5 -48 7 26 25 21 19 18 13 9
 3 -70 9 31 30 29 25 23 21 20 19 18
 9 -25 4 25 19 18 11
 6 -34 7 31 30 29 25 21 20 18
 4 -27 6 30 26 25 23 21 13
 1 -28 6 31 30 29 23 20 18
 1 -96 7 34 32 31 30 29 27 17
 1 -12 5 34 30 27 24 13
 6 -2 4 34 31 30 13
 5 -94 6 59 38 32 30 28 20
 5 -76 6 59 38 36 29 28 20
 7 -16 6 59 38 36 34 28 20
 3 -39 4 36 33 29 19
 2 -19 6 41 38 37 36 34 24
 5 -88 3 59 38 20
 7 -22 5 41 36 34 32 24
 1 -64 6 59 41 38 37 34 28
 1 -41 3 39 37 22
 2 -19 6 49 40 37 36 33 32
 8 -96 9 52 51 49 44 43 41 40 35 33
 6 -83 9 51 45 43 42 41 37 36 35 34
 1 -34 4 59 51 44 28
 7 -33 3 44 38 28
 7 -65 8 59 52 51 49 48 44 40 33
 4 -26 7 51 45 43 42 38 37 35
 10 -1 6 52 49 43 42 40 35
 3 -58 8 55 51 49 47 46 44 42 40
 3 -86 7 55 51 48 45 44 43 36
 7 -26 8 66 58 55 49 47 46 45 44
 7 -30 7 60 55 54 51 48 47 43
 2 -53 4 55 46 45 42
 6 -7 6 58 57 54 48 47 46
 2 -11 8 66 63 62 55 54 53 48 47
 5 -88 5 66 58 52 47 46
 5 -23 4 66 55 50 44
 9 -47 7 66 63 62 60 58 56 47
 6 -62 6 66 57 55 53 48 47
 10 -79 4 66 58 57 45
 2 -40 6 69 62 60 54 53 50
 8 -77 7 74 63 62 60 57 54 53
 2 -68 4 71 69 61 46
 2 -47 6 74 69 63 62 60 53
 2 -49 5 69 63 62 56 50
 2 -5 4 74 63 62 53
 5 -33 3 69 65 50
 6 -17 3 69 65 50
 6 -22 4 74 62 57 56
 5 -73 7 74 73 72 71 68 64 61
 3 -11 1 53
 7 -21 6 77 73 69 68 65 61
 1 -64 3 68 65 56
 4 -31 3 68 65 56
 10 -1 7 77 74 73 69 68 67 65
 2 -80 6 76 73 72 70 67 64
 7 -12 6 76 72 70 68 67 64
 9 -31 8 82 80 77 76 73 72 70 67
 10 -14 7 88 77 76 75 72 70 68
 2 -51 10 94 88 84 82 80 77 76 73 72 71
 10 -51 7 82 80 78 76 75 70 67
 5 -81 2 73 65
 9 -81 10 94 91 88 85 84 82 80 79 78 75
 7 -86 9 94 91 88 82 80 79 78 77 75
 8 -80 7 94 88 84 80 76 75 72
 7 -21 9 94 93 91 89 86 84 83 78 76
 3 -34 9 103 96 94 93 89 88 85 81 79
 7 -70 5 91 86 82 80 78
 5 -15 5 93 91 89 78 75
 8 -69 9 96 94 93 91 89 85 84 83 81
 3 -53 8 103 96 93 91 89 86 83 81
 9 -97 5 93 91 86 81 78
 6 -18 4 103 91 86 75
 8 -31 5 103 98 96 93 81
 9 -27 4 96 87 83 81
 8 -47 4 103 98 96 81
 10 -57 4 109 87 83 81
 8 -64 8 105 103 99 98 96 95 92 90
 1 -37 3 99 95 86
 1 -24 2 89 83
 1 -17 6 105 101 99 95 92 90
 2 -14 6 109 105 100 93 90 89
 5 -19 5 105 101 99 95 90
 4 -29 5 105 99 98 92 90
 6 -21 5 109 105 101 99 90
 10 -44 1 87
 7 -15 4 105 100 98 90
 5 -91 9 121 120 112 109 108 105 104 102 100
 10 -4 4 112 104 99 97
 4 -28 3 112 104 97
 10 0 7 120 112 111 108 105 102 99
 4 -82 6 121 120 108 104 102 100
 3 -16 4 112 107 106 97
 7 -99 2 104 97
 5 -30 5 121 112 108 104 100
 9 -79 5 120 111 109 108 104
 2 -82 6 121 120 117 111 108 102
 2 -83 5 120 108 107 106 102
 9 -98 6 119 118 116 110 107 106
 1 -55 4 118 111 107 106
 5 -50 7 120 119 118 117 115 114 113
 2 -6 6 119 118 116 115 114 110
 5 -88 4 116 115 110 108
 1 -92 3 116 107 106
 2 -29 2 115 106
 6 -98 3 117 114 113
 5 -58 2 115 113
 9 -17 2 119 114
 8 -60 2 118 116
 1 -8 1 113
 1 -34 1 116
 5 -51 1 117
 3 -28 1 122
 8 -25 1 122
 9 -46 1 122
 4 -59 1 122
 6 -95 1 122
 10 -53 1 122
 1 -76 1 122
 5 -32 1 122
 5 -61 1 122
 0 27955 0
