122
 0 -91 11 2 3 4 5 6 7 9 12 13 14 16
 4 -42 7 24 23 21 18 17 15 8
 3 -8 7 24 23 21 19 17 15 11
 6 -18 6 24 23 20 19 11 8
 1 -3 3 24 21 8
 3 -74 7 33 31 30 29 25 21 18
 3 -89 4 33 22 18 10
 3 -3 9 38 37 33 32 30 28 27 26 25
 5 -89 11 43 38 37 35 33 32 31 30 29 28 26
 7 -59 10 44 43 38 37 35 32 31 28 26 25
 1 -7 7 37 34 32 30 27 26 22
 10 -42 6 37 34 32 30 23 22
 10 -85 4 33 32 30 18
 8 -75 7 43 38 37 35 34 33 22
 2 -43 10 44 43 41 38 37 35 34 33 31 26
 8 -81 9 44 43 38 37 36 35 33 31 28
 7 -41 4 37 34 29 22
 3 -5 7 47 43 38 37 34 28 26
 6 -68 7 47 46 43 41 31 30 26
 7 -35 6 44 36 33 31 29 28
 1 -29 6 47 44 41 37 35 26
 1 -72 5 47 44 36 31 28
 3 -17 8 55 50 47 45 43 41 36 35
 8 -11 6 46 44 41 37 36 34
 4 -10 6 59 55 47 46 36 34
 4 -62 5 55 50 45 42 36
 3 -63 4 48 46 43 31
 9 -59 8 52 50 48 46 45 42 41 40
 9 -26 8 55 52 50 48 46 45 42 40
 5 -4 4 54 50 44 36
 7 -68 7 59 55 54 50 49 40 39
 7 -63 7 59 55 50 48 47 41 39
 6 -82 6 54 50 47 42 40 39
 9 -78 7 61 54 53 50 48 42 39
 4 -33 7 54 52 51 49 48 46 40
 7 -61 4 49 48 40 39
 9 -100 6 61 59 58 53 50 39
 2 -36 5 61 59 54 51 42
 3 -73 9 70 65 64 63 62 57 56 52 51
 3 -17 8 70 66 63 61 58 57 56 53
 6 -86 7 70 67 61 60 58 57 49
 8 -48 6 70 63 60 58 57 49
 2 -58 6 70 63 61 58 53 49
 7 -53 8 70 64 62 61 60 58 56 52
 3 -15 6 70 65 59 57 54 51
 2 -16 10 76 71 70 67 66 65 64 62 61 60
 10 -17 6 65 63 62 61 60 56
 10 -86 6 67 65 64 60 57 56
 10 -27 6 69 66 65 64 62 56
 8 -68 6 71 69 67 65 62 60
 2 -79 8 76 75 71 69 68 67 66 60
 2 -29 10 83 80 75 74 72 71 69 68 67 66
 10 -95 5 76 73 65 64 62
 9 -44 3 67 64 62
 8 -4 5 84 72 68 67 65
 4 -86 10 84 83 80 79 76 74 73 72 71 68
 1 -14 9 83 80 79 76 75 74 72 69 68
 4 -45 5 77 76 73 72 65
 5 -92 6 84 83 75 74 68 67
 2 -14 7 84 83 79 77 74 73 72
 3 -71 6 83 79 78 73 69 68
 8 -72 5 84 83 75 74 68
 4 -34 4 84 83 76 67
 2 -4 5 80 79 77 75 72
 4 -96 7 91 87 83 80 79 75 74
 10 -66 5 84 82 78 77 73
 8 -21 6 87 82 81 79 78 73
 10 -11 5 89 88 86 82 77
 1 -73 5 89 86 85 84 77
 7 -23 6 93 89 87 86 82 81
 4 -71 5 93 89 88 85 77
 6 -46 4 87 86 82 78
 6 -78 10 99 97 94 93 91 90 89 88 86 85
 6 -27 4 98 88 82 78
 10 -13 5 99 94 89 88 82
 6 -55 5 99 93 89 88 82
 10 -35 4 95 92 87 81
 2 -17 5 99 94 93 89 85
 6 -42 7 102 101 98 97 93 88 85
 2 -82 7 103 102 101 97 93 88 86
 5 -73 8 103 102 99 98 97 94 91 90
 8 -74 6 102 101 97 95 90 85
 9 -7 5 108 97 90 89 88
 6 -6 4 103 102 98 88
 9 -87 6 113 108 106 100 96 92
 2 -13 5 121 106 104 98 95
 2 -49 8 120 113 106 104 103 101 100 97
 7 -67 6 119 113 112 106 104 96
 8 -34 5 106 104 102 101 95
 6 -72 5 119 113 112 104 96
 2 -6 8 112 110 108 107 106 105 104 101
 10 -99 8 121 119 118 112 110 109 104 103
 7 -13 7 121 120 119 111 110 107 105
 8 -33 6 119 118 110 107 105 104
 4 -68 5 120 111 110 105 100
 3 -79 6 121 120 118 110 107 105
 5 -4 6 119 118 116 111 110 109
 2 -44 6 117 116 114 113 112 108
 9 -36 4 118 112 110 109
 2 -92 3 118 116 107
 2 -80 4 118 116 114 111
 7 -92 3 119 110 109
 10 -85 4 117 116 115 114
 1 -72 3 116 114 111
 6 -36 3 117 116 114
 1 -59 3 118 116 115
 10 -4 2 114 109
 8 -22 2 119 118
 6 -89 1 115
 3 -46 1 114
 9 -20 1 117
 8 -51 1 115
 10 -62 1 115
 8 -42 1 122
 8 -82 1 122
 3 -13 1 122
 1 -17 1 122
 3 -4 1 122
 4 -68 1 122
 2 -80 1 122
 7 -96 1 122
 0 29555 0
