122
 0 -26 19 2 3 4 5 6 7 9 10 11 12 14 15 16 17 18 23 25 28 31
 3 -63 10 44 41 36 34 32 30 27 26 20 8
 1 -97 9 39 37 36 30 24 22 21 19 13
 3 -23 16 54 51 50 49 46 44 40 39 38 37 34 33 32 30 22 21
 8 -37 4 50 32 27 8
 2 -84 13 54 51 50 47 46 41 39 37 36 34 32 26 22
 9 -62 14 53 51 50 47 46 45 41 40 36 35 34 30 29 26
 8 -95 11 54 51 49 46 40 39 38 37 33 22 21
 3 -34 9 54 51 50 49 39 37 36 22 21
 7 -53 15 65 58 51 50 49 47 46 45 43 40 38 36 35 34 32
 7 -27 10 51 49 47 44 41 37 35 33 32 26
 6 -8 10 54 51 49 47 43 39 37 35 32 26
 10 -21 14 61 60 58 56 55 53 50 49 48 46 44 42 41 38
 6 -17 12 65 58 53 51 50 49 46 45 42 38 35 33
 7 -4 11 63 62 60 58 51 43 42 41 37 35 34
 5 -89 12 68 64 62 60 54 49 47 45 43 42 41 35
 6 -100 10 65 58 52 51 50 49 46 38 36 35
 7 -21 7 51 47 46 45 40 32 29
 9 -90 9 63 58 55 51 50 41 40 34 33
 6 -37 12 69 65 63 60 58 57 54 53 51 45 42 35
 2 -33 12 69 68 64 62 61 58 57 56 55 47 43 42
 5 -82 10 68 65 63 58 57 53 52 45 43 35
 6 -92 7 65 63 62 61 59 51 32
 7 -43 12 65 64 61 59 57 54 52 51 50 49 48 47
 1 -34 8 65 57 56 52 51 49 48 36
 10 -4 12 71 69 66 65 63 61 60 58 56 55 52 38
 5 -36 10 70 65 64 61 59 57 56 55 49 40
 1 -71 11 72 70 69 68 64 63 60 58 57 48 43
 4 -38 8 82 68 61 57 56 54 49 42
 5 -64 8 72 68 65 63 62 58 57 42
 8 -7 10 88 70 65 63 61 58 57 56 53 51
 4 -18 6 69 60 57 56 48 42
 7 -69 11 82 77 74 72 71 67 66 62 61 56 52
 4 -85 14 88 82 81 77 73 72 71 70 69 68 67 66 64 61
 5 -62 8 82 81 77 72 70 61 56 48
 10 -87 12 81 77 74 72 71 69 68 67 66 62 61 60
 5 -14 11 88 77 76 73 72 70 67 66 61 55 53
 8 -71 13 91 89 82 81 75 74 73 72 70 67 64 62 59
 6 -6 8 74 69 67 66 63 60 58 52
 10 -69 13 93 88 85 84 81 77 76 75 71 68 67 66 60
 8 -89 10 88 82 80 75 74 72 69 67 65 57
 2 -30 9 88 85 80 77 76 74 67 66 52
 1 -73 14 89 88 85 84 83 82 81 75 74 73 71 67 66 59
 1 -81 10 91 88 85 82 77 76 74 67 63 52
 5 -31 11 91 88 85 81 78 77 76 75 73 71 55
 6 -29 7 85 82 80 75 68 59 57
 4 -61 13 95 94 93 91 85 83 82 79 78 73 72 70 63
 5 -22 13 93 89 88 87 86 85 83 80 75 74 71 67 66
 7 -93 9 91 85 83 79 78 77 74 71 63
 7 -96 16 104 100 99 95 91 89 87 86 85 84 82 81 79 78 77 74
 4 -31 8 91 85 82 79 73 72 71 68
 6 -46 12 100 96 94 93 89 86 83 81 78 75 73 70
 8 -2 14 104 99 96 89 85 84 83 82 81 80 79 78 75 74
 1 -75 13 104 99 96 95 94 89 87 83 81 79 78 75 72
 2 -24 13 100 99 96 95 90 89 86 84 83 82 80 79 74
 9 -71 12 104 100 95 94 93 90 85 84 83 80 76 73
 4 -81 8 91 89 87 84 81 78 77 71
 7 -1 14 120 104 100 99 96 95 94 93 90 89 87 83 82 79
 1 -65 12 120 104 101 100 99 96 95 93 90 86 79 77
 7 -34 11 100 96 95 94 90 89 87 86 83 82 80
 2 -59 13 104 103 95 94 93 92 90 89 85 84 83 80 75
 9 -54 13 121 120 119 104 103 100 96 95 94 93 90 88 85
 10 -55 10 104 100 99 96 89 87 86 84 81 75
 8 -30 9 104 103 100 95 94 93 92 83 76
 3 -29 5 96 93 91 78 77
 8 -22 10 120 119 117 116 104 99 96 94 91 79
 5 -66 7 121 101 96 95 94 92 78
 4 -61 8 121 117 116 113 96 94 86 83
 5 -9 6 121 103 95 90 85 83
 1 -87 8 121 120 118 104 99 98 90 84
 3 -85 8 119 104 101 100 96 95 94 92
 3 -8 7 121 120 118 117 103 90 86
 8 -70 7 120 117 112 99 97 92 87
 5 -84 7 121 118 112 101 98 94 92
 1 -62 14 120 119 117 116 115 114 113 112 111 110 108 107 102 101
 5 -71 10 119 117 116 115 114 113 112 111 102 96
 7 -65 8 121 119 113 110 103 102 98 94
 6 -94 7 120 118 115 111 110 103 90
 4 -4 7 118 114 113 112 98 97 92
 8 -76 10 120 119 118 115 114 112 110 106 98 97
 10 -6 9 119 118 115 113 112 110 101 98 97
 6 -1 8 117 113 112 111 109 103 97 92
 10 -68 9 119 118 115 114 112 110 108 101 98
 1 -81 11 119 117 114 113 112 111 110 109 107 102 101
 2 -85 9 118 116 115 112 109 108 107 102 101
 5 -3 4 112 111 109 92
 3 -34 7 121 116 115 114 113 105 98
 3 -87 5 117 110 101 99 98
 1 -11 7 117 113 112 110 109 107 101
 5 -54 6 116 114 113 109 106 97
 2 -20 6 115 113 108 107 102 101
 2 -34 6 115 110 108 107 105 102
 3 -95 6 116 114 112 111 110 102
 9 -53 3 114 109 97
 1 -30 5 117 113 112 111 106
 9 -49 2 110 97
 5 -23 3 108 107 105
 9 -7 3 111 109 107
 4 -77 3 109 106 105
 7 -29 3 116 108 105
 1 -81 2 106 105
 8 -68 1 106
 7 -66 1 106
 8 -16 1 112
 3 -33 1 122
 1 -14 1 122
 6 -74 1 122
 10 -58 1 122
 5 -6 1 122
 7 -94 1 122
 2 -75 1 122
 5 -34 1 122
 9 -38 1 122
 3 -27 1 122
 10 -67 1 122
 10 -63 1 122
 8 -5 1 122
 5 -16 1 122
 8 -41 1 122
 9 -21 1 122
 6 -65 1 122
 0 29540 0
