122
 0 -8 28 2 3 4 5 6 7 8 9 10 11 12 13 14 15 16 17 18 19 20 21 22 23 24 26 27 35 37 42
 9 -62 14 97 60 58 57 55 53 51 49 46 38 32 29 28 25
 9 -19 17 98 65 64 63 58 57 56 54 52 48 47 46 45 41 36 33 31
 10 -8 16 76 74 72 69 66 60 58 57 54 53 52 47 46 43 39 34
 8 -34 14 98 63 62 58 55 53 52 51 46 45 43 40 30 25
 4 0 16 97 77 74 72 69 67 66 61 56 55 52 47 46 44 41 38
 2 -100 15 87 77 72 71 66 63 62 60 54 52 50 44 43 39 28
 9 -42 21 97 79 78 77 72 71 69 67 66 65 64 62 61 60 59 56 55 53 52 48 46
 1 -54 20 98 97 80 79 72 71 69 67 66 65 64 63 62 60 59 58 56 53 52 46
 3 -72 11 77 74 69 67 64 58 52 50 45 41 30
 2 -97 14 97 72 70 67 66 65 59 58 57 54 53 47 46 41
 10 -27 20 98 88 80 79 78 76 72 70 69 67 66 65 64 62 61 60 59 56 55 46
 2 -30 11 75 73 72 69 59 57 54 53 52 36 34
 5 -23 21 97 89 87 82 79 77 76 74 72 71 69 68 67 66 62 61 59 55 53 52 50
 7 -47 24 98 97 95 94 89 88 87 82 80 79 78 76 75 74 72 71 69 68 67 65 62 56 51 50
 9 -41 11 87 74 72 68 67 60 54 52 50 47 39
 4 -24 16 95 88 78 75 74 72 71 69 67 66 63 62 60 59 52 46
 6 -84 12 121 87 82 77 76 71 65 64 60 53 52 39
 2 -63 21 120 98 89 88 87 80 79 78 77 76 74 72 71 70 67 64 60 59 56 55 47
 3 -32 15 121 95 82 80 79 75 73 71 65 62 61 60 59 48 45
 8 -74 15 97 96 94 88 81 80 79 71 70 65 64 59 58 56 46
 10 -69 14 121 95 82 73 71 70 67 62 61 60 59 58 53 45
 5 -27 16 89 88 87 82 79 74 71 68 66 65 64 61 59 58 54 50
 7 -15 16 121 119 87 82 80 79 74 72 68 67 64 63 58 56 55 52
 8 -82 18 121 120 95 93 88 87 80 79 78 75 74 72 70 67 66 61 59 47
 8 -76 16 119 93 89 87 82 80 79 76 74 73 67 64 63 59 58 52
 5 -30 16 120 95 93 89 87 80 79 75 72 71 67 66 63 59 53 47
 7 -4 22 121 120 119 118 117 116 115 96 95 94 89 88 82 80 79 78 76 75 74 69 68 56
 6 -95 24 121 120 119 118 115 114 113 98 96 95 94 93 92 89 88 87 85 82 80 79 78 75 70 62
 7 -39 20 121 117 112 97 96 95 94 89 87 82 81 79 78 72 71 70 68 65 60 59
 6 -95 19 121 120 119 116 115 112 95 94 93 89 87 80 79 76 73 69 67 62 59
 8 -17 12 119 93 88 87 79 73 72 71 67 65 64 52
 10 -27 20 121 120 119 118 113 97 95 94 93 90 89 88 87 82 78 77 75 66 61 59
 6 -25 17 120 119 116 97 94 93 89 88 87 85 82 77 71 67 65 64 62
 8 -86 18 121 120 119 117 115 95 94 87 86 80 79 78 77 75 73 70 67 59
 3 -15 16 121 120 119 118 114 97 94 92 88 82 79 76 70 66 62 60
 2 -65 17 116 115 114 110 94 93 92 88 87 82 79 76 75 73 67 65 62
 3 -98 14 121 117 116 98 94 93 89 87 81 75 73 71 64 59
 4 -11 15 119 115 98 97 94 93 89 88 80 79 78 75 70 61 59
 4 -83 15 118 117 108 97 93 92 88 87 85 82 79 78 75 66 64
 7 -62 14 120 118 114 95 94 92 89 88 82 80 79 71 62 60
 6 -8 13 120 118 117 96 94 90 87 82 81 79 73 60 57
 4 -18 15 119 117 116 115 112 97 95 93 92 90 83 81 78 67 56
 9 -30 14 121 117 115 114 103 96 94 89 88 86 80 73 70 58
 9 -48 14 120 119 118 116 112 107 97 90 89 87 83 78 72 68
 10 -47 6 117 89 87 82 68 50
 7 -87 17 119 118 117 114 112 111 110 105 103 94 92 91 90 84 82 81 73
 9 -85 19 119 118 117 116 115 114 110 107 105 104 96 94 92 91 90 88 86 84 76
 5 -67 10 120 118 117 112 103 89 86 82 80 70
 3 -96 13 121 120 119 115 114 111 108 105 93 90 84 83 73
 1 -78 10 119 117 112 106 105 93 91 90 85 66
 1 -3 9 120 117 112 103 102 94 85 81 70
 7 -72 14 116 115 114 113 111 110 105 104 103 99 94 88 86 84
 2 -21 15 121 117 116 113 112 110 107 106 104 102 100 99 95 93 86
 7 -4 11 117 115 110 102 95 94 93 92 90 84 75
 10 -62 10 114 110 109 108 105 103 102 91 84 73
 1 -94 14 121 119 116 115 110 106 105 104 103 101 100 92 91 83
 1 -25 8 120 105 102 91 90 85 78 75
 6 -54 11 114 111 110 108 105 103 101 92 91 84 83
 8 -94 8 115 110 108 105 93 85 84 83
 7 -24 11 116 112 110 109 105 104 103 99 96 85 84
 8 -63 9 117 111 107 105 104 103 100 83 81
 2 -82 13 114 113 111 110 109 106 105 104 103 101 99 94 90
 9 -14 9 115 114 113 112 109 101 95 91 90
 9 -82 9 118 113 107 106 105 103 101 100 83
 4 -56 10 116 115 110 109 104 103 102 101 99 96
 7 -95 8 118 113 104 103 102 101 91 84
 6 -75 7 113 111 106 93 92 91 86
 2 -57 7 109 105 102 99 90 85 84
 1 -27 7 116 111 110 108 105 104 90
 2 -94 7 107 105 104 103 102 101 90
 4 -34 7 114 108 106 104 101 100 92
 3 -22 5 113 104 100 99 85
 9 -10 3 114 107 83
 3 -68 5 112 104 101 100 99
 10 -75 5 113 108 103 102 101
 6 -31 5 110 108 103 100 99
 7 -17 3 110 104 84
 8 -10 4 109 107 105 99
 9 -11 3 107 102 91
 2 -93 2 99 86
 4 -53 1 83
 10 -99 3 109 102 99
 3 -94 2 106 100
 6 -25 2 107 101
 6 -87 2 108 101
 3 -16 2 109 103
 8 -10 2 112 102
 10 -32 2 108 102
 6 -25 1 100
 3 -84 1 99
 10 -27 1 99
 8 -72 1 103
 5 -78 1 100
 9 -60 1 111
 2 -66 1 100
 1 -77 1 105
 6 -23 1 105
 4 -73 1 122
 9 -18 1 122
 2 -98 1 122
 6 -52 1 122
 7 0 1 122
 4 -21 1 122
 3 -95 1 122
 4 -16 1 122
 5 -73 1 122
 2 -79 1 122
 10 -52 1 122
 8 -81 1 122
 10 -86 1 122
 10 -45 1 122
 3 -27 1 122
 9 -50 1 122
 7 -7 1 122
 2 -20 1 122
 10 -77 1 122
 6 -54 1 122
 3 -41 1 122
 1 -85 1 122
 2 -21 1 122
 0 30470 0
