32
 0 -91 3 2 3 7
 10 -98 4 9 8 6 5
 8 -62 1 4
 8 -48 3 12 10 8
 10 -39 3 13 12 10
 10 -35 2 13 10
 5 -74 2 12 10
 6 -38 3 14 13 11
 3 -59 3 14 13 11
 10 -65 2 14 11
 4 -26 5 26 20 18 16 15
 3 -69 4 26 20 15 14
 5 -98 4 26 20 18 15
 10 -29 2 19 17
 10 -31 2 21 19
 1 -21 1 17
 7 -56 2 23 21
 8 -85 2 23 21
 4 -47 2 25 23
 5 -98 2 25 23
 2 -77 1 22
 1 -58 2 25 24
 2 -4 1 24
 5 -8 3 31 30 27
 10 -14 3 31 29 28
 8 -95 3 30 29 28
 1 -91 2 29 28
 3 -53 1 32
 7 -35 1 32
 2 -12 1 32
 6 -92 1 32
 0 8540 0
