122
 0 -61 17 2 3 4 5 6 8 9 10 11 12 13 14 15 16 17 22 25
 5 -76 17 50 42 40 39 38 37 36 35 33 32 31 30 29 27 23 21 20
 7 -18 14 53 46 45 44 41 38 36 35 34 33 32 28 27 21
 7 -75 11 53 50 46 43 42 36 32 27 24 20 18
 8 -59 6 53 46 36 33 30 7
 5 -24 8 53 41 36 34 30 29 28 19
 5 -21 13 59 58 57 50 48 47 45 44 43 41 39 38 35
 10 -83 9 58 55 43 42 39 35 34 29 27
 10 -97 7 45 41 38 33 32 30 20
 7 -39 12 59 58 57 55 50 49 48 47 46 39 35 32
 4 -25 9 61 59 55 53 49 47 39 32 26
 8 -96 7 58 57 47 45 42 39 21
 2 -23 9 58 50 49 48 47 39 36 35 27
 1 -41 6 59 58 42 39 35 20
 3 -54 6 57 41 39 35 30 29
 2 -67 6 53 47 44 36 35 21
 2 -16 12 66 60 59 57 56 55 52 51 49 47 42 33
 9 -96 10 73 64 63 58 57 54 51 47 41 35
 6 -3 9 61 58 57 56 52 49 46 42 39
 7 -77 15 71 67 66 63 61 60 57 56 55 54 52 51 49 48 47
 8 -29 11 71 66 61 60 59 56 55 54 51 48 43
 4 -72 11 71 67 64 63 57 54 52 51 50 47 41
 7 -44 9 67 64 62 57 56 54 45 44 41
 6 -78 7 67 64 57 56 44 41 39
 5 -95 7 60 58 57 52 50 42 32
 10 -91 11 69 67 66 63 60 58 54 51 50 48 45
 9 -16 15 87 77 71 67 66 65 64 63 61 60 59 57 56 54 51
 8 -36 12 83 77 71 67 63 62 61 60 59 56 54 47
 2 -15 9 83 77 70 66 63 61 56 48 47
 2 -99 7 71 69 66 62 60 55 43
 8 -20 9 75 71 70 66 63 61 56 51 46
 4 -32 14 96 87 83 80 77 75 71 70 69 67 66 65 56 51
 7 -1 14 87 86 80 77 75 73 70 69 68 65 63 62 61 58
 1 -87 9 87 77 71 68 66 61 60 57 50
 4 -28 11 87 83 80 75 67 65 62 61 60 56 52
 8 -69 11 87 77 73 70 67 66 65 64 63 54 51
 10 -75 9 86 83 77 68 67 65 61 60 48
 3 -29 19 96 88 87 86 83 82 80 77 76 75 73 72 71 69 67 66 65 64 63
 2 -24 10 83 77 73 71 69 66 65 63 54 51
 6 -90 9 83 80 73 71 65 64 55 54 51
 2 -91 7 69 66 65 61 60 55 49
 2 -29 6 77 70 68 67 54 48
 5 -62 7 79 68 67 65 63 52 49
 6 -82 16 96 92 88 87 86 83 82 80 79 76 74 73 71 69 68 63
 9 -90 10 91 88 87 85 83 80 79 75 65 52
 9 -79 9 96 87 86 80 73 67 65 64 62
 9 -22 13 96 88 87 86 82 81 80 78 76 75 69 68 65
 2 -86 7 96 87 80 76 73 64 62
 10 -6 16 103 102 96 92 91 90 88 87 84 83 82 81 80 77 74 70
 7 -64 11 102 100 96 95 86 84 81 78 73 65 62
 3 -96 8 101 95 81 79 78 76 68 62
 3 -41 12 102 101 96 95 92 86 82 81 78 77 76 74
 9 -4 9 102 96 91 87 86 85 78 76 65
 6 -59 13 105 96 94 91 89 88 86 85 82 81 79 75 72
 1 -61 12 103 101 96 95 90 88 86 84 82 81 74 70
 5 -42 9 92 91 90 86 82 81 78 74 68
 6 -91 9 97 96 91 85 83 81 80 76 74
 7 -13 9 102 101 96 94 92 83 81 76 71
 9 -80 9 97 92 90 84 81 80 74 73 69
 2 -51 8 102 96 95 92 91 81 76 70
 9 -93 9 105 101 100 96 91 89 82 79 72
 10 -8 8 120 92 91 90 88 85 82 74
 3 -21 12 120 105 101 97 95 94 93 91 90 89 85 81
 3 -13 11 120 102 101 100 99 97 95 93 92 81 79
 6 -99 7 120 119 103 101 97 92 74
 10 -1 5 120 103 100 78 74
 10 -98 8 120 101 100 90 89 85 84 78
 5 -39 5 121 103 100 89 72
 4 -74 11 121 119 117 105 102 100 98 94 91 89 85
 3 -51 5 120 93 89 85 78
 7 -22 9 121 120 117 116 105 97 93 89 85
 9 -18 11 120 119 118 117 116 113 102 99 97 93 84
 7 -37 13 121 120 119 118 117 115 114 113 111 105 104 94 93
 1 -22 9 121 118 117 113 105 99 94 93 89
 10 -60 9 121 119 118 117 116 100 99 97 84
 9 -27 7 120 117 105 103 100 90 84
 3 -64 7 120 119 118 112 100 97 89
 4 -62 11 119 118 117 116 115 114 111 110 107 105 97
 2 -38 8 121 115 112 111 107 104 98 90
 5 -17 8 120 116 114 111 101 100 99 98
 2 -39 12 121 117 116 115 114 113 112 109 108 107 106 104
 9 -67 10 117 116 115 113 111 110 107 106 99 97
 6 -8 8 120 117 116 112 107 104 100 95
 3 -87 8 115 114 112 111 107 106 104 98
 7 -19 8 118 115 113 112 110 107 106 99
 3 -19 5 113 111 110 97 93
 3 -80 7 120 117 114 112 111 107 100
 6 -36 4 119 117 110 93
 9 -54 6 115 114 111 107 106 104
 8 -8 5 119 118 113 109 106
 7 -92 5 116 112 110 107 106
 7 -92 5 114 110 109 108 107
 4 -5 3 107 106 98
 6 -13 4 116 112 107 106
 10 -50 4 113 111 110 108
 9 -21 3 116 111 106
 2 -24 1 98
 5 -84 2 109 108
 7 -2 2 109 108
 4 -49 2 113 106
 7 -12 2 112 107
 5 -3 2 109 108
 3 -29 2 112 111
 3 -96 1 110
 8 -66 1 106
 2 -68 1 122
 3 -49 1 122
 2 -20 1 122
 9 -72 1 122
 6 -56 1 122
 8 -3 1 122
 1 -44 1 122
 1 -98 1 122
 6 -80 1 122
 7 -83 1 122
 8 -57 1 122
 1 -28 1 122
 9 -78 1 122
 1 -70 1 122
 3 -65 1 122
 7 -79 1 122
 0 30495 0
