122
 0 -76 23 2 3 4 5 6 7 8 9 10 11 12 13 14 16 17 18 21 22 23 24 35 38 43
 10 -98 16 61 60 55 53 52 51 48 46 42 40 39 33 32 27 25 15
 1 -60 9 69 65 61 55 42 37 33 28 15
 10 -32 16 74 65 63 61 60 59 58 57 56 55 50 49 47 44 41 25
 3 -75 14 70 67 65 64 63 61 56 54 53 49 47 46 45 19
 7 -88 14 74 73 64 59 57 56 53 49 48 46 45 36 34 26
 5 -31 12 74 70 63 61 55 54 52 50 49 48 45 20
 10 -79 9 70 63 61 58 55 47 46 30 20
 4 -78 7 63 57 56 47 41 31 19
 1 -81 16 86 74 69 66 63 62 61 59 57 56 55 46 45 41 39 37
 1 -45 14 121 85 74 68 66 64 61 60 59 58 56 55 51 26
 7 -94 15 121 117 86 74 70 69 67 64 61 57 56 54 51 44 36
 8 -84 12 115 86 84 75 70 69 67 66 59 56 51 29
 7 -41 11 117 75 74 70 67 61 56 51 50 44 25
 9 -60 10 121 86 72 68 62 59 57 56 47 30
 4 -80 13 121 75 73 69 66 64 63 59 56 54 47 44 40
 1 -19 8 117 75 64 63 56 55 44 25
 10 -3 15 121 118 117 85 78 75 70 69 67 66 64 62 57 56 37
 10 -64 8 114 84 78 75 74 59 44 25
 10 -2 7 84 67 64 56 51 44 25
 9 -48 15 121 120 85 84 80 78 73 69 68 67 63 57 56 49 44
 10 -62 22 119 118 117 116 115 92 86 85 84 80 77 76 75 74 73 72 68 67 63 62 57 54
 8 -92 17 118 117 115 112 84 81 78 76 75 71 70 69 68 67 64 62 51
 8 -64 12 118 117 84 80 74 73 72 71 66 62 49 42
 10 -80 20 121 120 119 118 115 90 86 85 82 81 80 77 76 73 72 71 69 68 66 62
 1 -45 14 119 117 115 110 92 86 80 75 71 70 69 67 63 44
 4 -39 10 117 86 80 78 73 68 67 56 49 44
 1 -7 13 119 118 117 85 75 73 72 70 67 63 62 56 54
 8 -46 12 121 119 117 85 82 80 78 74 71 68 48 44
 6 -48 9 118 116 115 91 84 78 74 66 41
 8 -76 9 118 117 113 90 86 66 58 55 51
 1 -37 20 120 118 115 114 112 111 109 107 92 91 88 84 82 81 80 76 73 72 68 59
 1 -74 9 118 113 109 83 80 67 63 59 58
 7 -64 8 115 110 91 82 76 66 63 44
 10 -37 15 120 116 92 91 88 84 81 80 79 78 77 75 68 64 63
 4 -8 8 111 108 91 85 75 66 55 50
 10 -77 15 120 119 115 110 92 87 84 82 80 77 76 73 72 71 60
 4 -17 16 120 118 117 112 107 105 103 92 90 81 79 78 76 75 71 62
 9 -8 16 119 118 117 113 112 109 108 106 105 102 92 89 87 85 79 58
 9 -60 20 120 119 118 117 112 109 108 107 104 101 92 91 90 89 88 81 80 79 76 68
 6 -11 10 119 117 107 106 83 77 75 67 64 54
 9 -94 11 119 116 111 106 91 88 79 78 75 68 63
 9 -54 11 114 112 110 107 90 87 81 77 76 71 62
 8 -40 12 118 116 113 109 107 105 90 87 81 77 72 62
 9 -73 22 119 116 115 114 113 112 111 109 108 107 106 105 102 99 97 95 92 90 89 87 82 81
 7 -28 16 120 117 115 114 113 111 108 99 97 90 89 88 84 82 81 68
 8 -31 14 120 115 112 111 108 107 105 92 90 85 84 80 79 78
 7 -11 17 120 118 112 109 108 107 106 105 104 100 99 91 89 88 87 81 79
 2 -52 15 119 116 114 113 111 109 108 107 106 105 99 89 81 79 75
 1 -84 13 112 107 105 100 95 90 88 87 84 83 82 81 80
 7 -94 12 120 119 111 107 105 101 92 89 88 87 80 73
 3 -39 10 117 115 112 109 107 104 99 98 72 68
 3 -57 18 118 117 112 111 109 108 107 106 105 100 99 98 97 95 93 88 82 81
 8 -9 15 120 114 113 111 109 105 104 101 100 99 98 88 87 81 79
 6 -24 11 120 114 107 105 104 100 94 87 84 79 78
 6 -69 12 112 110 107 106 105 104 98 95 92 87 81 76
 9 -47 7 110 106 105 101 81 79 71
 6 -16 11 120 115 114 107 99 95 93 91 84 81 75
 3 -45 15 119 117 110 108 106 105 103 102 101 100 97 96 95 94 90
 5 -50 14 114 108 107 106 105 102 100 99 97 96 94 91 90 89
 8 -60 13 118 116 111 108 106 103 100 99 95 94 93 89 84
 4 -88 12 111 106 104 101 100 99 96 95 94 89 88 83
 6 -1 10 114 112 108 107 105 103 99 95 94 90
 10 -11 9 113 103 102 100 99 98 97 94 90
 6 -78 9 110 108 107 106 102 97 95 93 87
 8 -84 6 109 101 96 94 92 79
 5 -16 5 114 111 88 87 79
 1 -97 7 110 105 100 96 95 93 87
 4 -92 7 116 107 104 101 99 96 87
 4 -84 7 105 104 103 101 97 94 91
 8 -67 6 109 108 104 96 91 88
 4 -21 5 108 102 101 94 79
 4 -86 5 106 99 96 94 79
 2 -50 7 110 104 102 97 96 95 93
 10 -68 5 100 98 96 94 82
 1 -49 5 113 102 99 94 93
 4 -94 5 108 102 99 97 93
 7 -69 4 110 109 95 89
 4 -95 3 97 95 93
 3 -27 3 106 99 98
 1 -95 2 96 94
 1 -88 2 104 101
 6 -1 2 97 93
 1 -74 2 101 96
 10 -7 2 103 94
 8 -89 2 112 99
 1 -6 1 103
 9 -57 1 102
 7 -87 1 98
 1 -50 1 93
 9 -60 1 98
 7 -61 1 100
 7 -51 1 122
 5 -84 1 122
 7 -3 1 122
 4 -33 1 122
 3 -51 1 122
 2 -67 1 122
 3 -4 1 122
 1 -93 1 122
 8 -22 1 122
 7 -77 1 122
 4 -42 1 122
 7 -67 1 122
 10 -18 1 122
 7 -2 1 122
 7 -61 1 122
 5 -88 1 122
 2 -47 1 122
 1 -22 1 122
 9 -30 1 122
 3 -56 1 122
 6 -18 1 122
 3 -80 1 122
 1 -6 1 122
 4 -39 1 122
 3 -89 1 122
 1 -57 1 122
 10 -42 1 122
 5 -97 1 122
 1 -68 1 122
 0 32165 0
