32
 0 -10 3 2 4 6
 10 -46 2 9 3
 10 -8 2 11 7
 9 -1 1 5
 3 -66 2 11 10
 6 -12 2 11 10
 7 -97 1 8
 6 -84 2 12 10
 9 -53 2 13 12
 9 -91 3 15 14 13
 2 -75 1 12
 10 -37 2 15 14
 8 -36 5 22 20 19 18 17
 9 -77 3 20 17 16
 10 -94 3 18 17 16
 10 -49 4 28 22 21 19
 8 -34 3 28 26 21
 6 -32 5 31 26 25 24 23
 3 -68 4 26 25 24 23
 4 -1 4 28 26 25 24
 10 -87 3 31 25 23
 3 -14 3 31 26 23
 9 -60 2 30 27
 1 -67 2 30 27
 2 -59 2 30 29
 7 -6 1 27
 7 -91 1 29
 2 -82 1 30
 4 -80 1 32
 9 -99 1 32
 3 -6 1 32
 0 8110 0
