122
 0 -38 24 2 3 4 5 6 7 8 9 10 11 12 13 14 15 16 17 18 19 21 22 23 25 26 31
 4 -57 14 77 64 62 61 59 54 52 47 44 37 36 27 24 20
 8 -94 15 77 72 63 61 60 54 52 44 41 40 38 36 35 29 20
 9 -97 21 76 72 64 62 61 60 59 57 56 55 54 53 50 47 45 44 39 38 36 28 27
 3 -76 23 85 78 77 76 68 67 64 63 62 61 59 57 56 55 54 53 51 50 48 43 42 41 40
 9 -62 16 93 84 77 72 64 63 61 59 57 51 50 49 47 37 34 32
 9 0 14 77 62 59 57 55 53 52 51 49 42 41 36 34 28
 6 -56 21 121 93 85 72 70 67 66 64 62 61 59 57 56 55 54 52 50 49 48 39 37
 6 -70 19 93 82 77 75 67 66 64 62 61 60 59 57 56 55 52 49 42 39 34
 8 -59 13 93 77 72 70 64 60 59 55 54 43 39 36 33
 10 -5 10 76 62 61 57 56 54 53 44 35 27
 8 -32 20 85 84 83 77 76 73 72 70 68 66 65 64 62 60 58 57 56 51 48 45
 10 -41 15 85 82 75 66 64 60 59 58 53 52 47 46 45 41 28
 10 -2 14 93 84 70 68 66 60 58 57 54 49 48 47 43 30
 3 -16 13 93 85 81 70 65 62 59 55 54 53 52 50 27
 6 -61 16 85 84 82 77 75 70 69 68 67 66 59 58 54 49 47 41
 7 -9 9 85 78 65 64 61 58 54 48 24
 8 -50 14 93 84 83 82 77 76 75 72 68 63 60 59 47 32
 8 -41 13 119 93 78 77 74 72 70 65 62 61 54 52 36
 9 -91 11 85 70 58 57 56 53 49 48 46 45 43
 9 -78 19 121 93 85 83 78 76 75 73 70 69 68 67 64 63 62 61 56 55 50
 5 -100 9 84 71 66 61 58 53 48 43 34
 6 -64 12 119 117 83 70 68 65 62 58 57 56 48 47
 8 -29 14 121 116 93 91 84 83 82 81 80 72 67 66 60 39
 6 -52 14 119 114 88 84 82 81 75 74 72 65 58 54 52 51
 10 -93 12 121 120 92 83 81 77 76 70 66 60 48 45
 5 -15 14 121 118 117 114 88 84 83 78 73 71 68 66 63 48
 7 -13 21 121 118 117 115 114 111 110 106 93 90 88 87 84 83 81 73 71 68 67 65 63
 3 -81 18 120 115 114 93 91 88 84 82 81 78 75 73 71 70 69 68 66 59
 2 -8 18 121 120 119 117 115 114 92 88 85 82 81 79 75 71 69 65 61 52
 4 -33 12 120 118 117 115 114 92 86 82 68 67 61 47
 6 -4 11 121 118 116 109 74 73 71 69 66 65 44
 6 -66 14 121 115 112 108 90 85 82 78 76 74 66 62 61 56
 6 -6 14 121 118 117 114 108 92 91 90 88 85 78 68 65 54
 4 -7 16 121 120 119 117 115 114 110 109 93 91 82 80 78 74 64 59
 2 -97 13 121 120 114 113 107 88 85 84 83 81 73 58 48
 3 -53 13 120 117 107 91 90 89 82 81 78 75 73 60 58
 4 -56 12 120 119 114 89 88 85 83 79 78 74 65 48
 7 -58 15 120 118 117 115 114 106 103 102 88 87 79 73 71 69 68
 8 -69 19 120 116 115 114 113 112 111 110 106 104 103 92 91 90 88 87 82 70 66
 9 -12 25 120 119 118 117 116 115 114 113 111 110 109 106 105 102 100 99 93 90 89 88 87 86 80 79 71
 6 -82 18 119 116 114 113 110 105 104 100 92 91 90 88 86 80 79 72 71 70
 4 -19 18 120 118 117 115 114 111 110 109 108 106 99 91 88 87 81 79 74 65
 1 -90 16 117 115 114 113 112 110 107 106 105 102 88 81 80 78 70 67
 9 -47 15 117 115 114 106 105 102 100 99 93 88 80 79 78 71 69
 5 -1 14 121 118 114 110 108 106 92 89 88 86 84 79 74 65
 9 -36 17 121 113 112 109 108 106 105 101 100 99 91 88 81 80 79 78 71
 10 -80 11 115 109 106 102 100 98 87 86 82 75 69
 10 -82 11 119 114 112 110 105 101 96 90 79 76 65
 8 -63 15 118 117 111 109 108 106 104 102 100 95 89 88 87 82 79
 9 -83 13 121 120 115 112 108 106 105 104 100 91 80 79 71
 3 -67 16 118 116 113 112 111 109 107 104 103 102 100 99 90 89 87 86
 3 -10 15 119 117 110 108 106 105 104 100 96 95 92 91 86 83 79
 9 -43 13 115 111 110 109 106 105 103 101 95 87 83 79 73
 5 -75 14 120 118 117 115 112 109 107 106 105 102 95 88 84 80
 9 -18 12 116 109 107 106 101 100 99 97 89 86 81 80
 8 -40 12 120 118 109 106 105 102 101 100 99 97 88 81
 5 -79 12 115 110 108 105 104 103 100 96 95 92 86 79
 6 -48 13 118 116 112 108 106 103 102 101 100 99 96 94 90
 5 -67 13 119 118 114 113 112 109 105 101 99 97 95 94 88
 1 -33 12 116 113 110 109 107 106 103 100 99 95 94 91
 3 -56 7 114 111 104 102 89 79 71
 9 -80 9 120 116 104 101 99 95 94 91 89
 5 -93 6 112 107 99 86 81 79
 7 -78 7 107 104 102 100 97 95 80
 1 -46 7 119 107 101 100 96 95 79
 4 -35 7 119 108 104 101 100 99 79
 8 -4 5 112 109 99 89 74
 10 -53 7 112 111 110 108 104 101 90
 7 -31 7 108 101 98 97 95 94 89
 4 -10 6 107 98 97 96 95 94
 5 -74 6 117 109 106 99 98 96
 3 -41 4 100 98 97 86
 5 -65 4 113 105 101 94
 10 -66 4 116 110 104 96
 6 -86 4 117 111 106 94
 6 -4 4 104 101 100 94
 2 -49 3 111 104 87
 6 -22 3 98 97 94
 7 -71 3 103 98 94
 7 -88 3 103 98 95
 8 -64 3 105 99 94
 6 -14 2 102 99
 1 -46 2 103 99
 3 -39 2 116 103
 2 -3 1 94
 8 -4 1 97
 9 -51 1 96
 5 -11 1 96
 8 -7 1 95
 5 -53 1 102
 8 -23 1 94
 5 -16 1 101
 10 -70 1 122
 9 -22 1 122
 5 -90 1 122
 3 -83 1 122
 3 -41 1 122
 2 -85 1 122
 5 -66 1 122
 4 -78 1 122
 10 -25 1 122
 9 -60 1 122
 9 -87 1 122
 7 -6 1 122
 9 -72 1 122
 6 -24 1 122
 2 -63 1 122
 5 -27 1 122
 9 -80 1 122
 3 -89 1 122
 8 -4 1 122
 4 -90 1 122
 6 -42 1 122
 5 -1 1 122
 10 -28 1 122
 2 -20 1 122
 2 -96 1 122
 6 -35 1 122
 5 -55 1 122
 10 -28 1 122
 0 29320 0
