122
 0 0 7 2 3 5 6 7 8 12
 1 -87 6 18 15 13 10 9 4
 7 -29 5 22 17 16 11 10
 3 -4 7 31 24 22 21 20 17 14
 1 -81 7 31 27 22 20 19 18 17
 1 -88 4 20 19 17 11
 4 -3 7 31 28 27 25 21 17 16
 1 -18 1 9
 5 -27 8 33 31 30 29 27 25 22 19
 5 -85 4 31 24 21 20
 1 -3 6 39 33 31 29 25 18
 3 -9 3 27 19 17
 3 -46 7 39 31 30 28 27 26 23
 6 -5 8 39 37 35 33 30 27 25 23
 10 -41 8 39 37 35 33 31 30 27 23
 5 -51 6 42 39 30 26 24 23
 5 -23 8 45 43 39 33 32 30 29 26
 9 -30 5 42 30 26 24 23
 3 -54 6 42 39 37 35 28 23
 8 -82 6 42 30 29 28 25 23
 8 -75 6 43 42 40 33 30 26
 8 -24 3 42 35 23
 5 -59 6 45 44 43 36 34 32
 1 -9 8 53 50 45 44 43 38 36 32
 5 -72 10 53 52 50 47 45 44 41 40 38 36
 4 -42 8 52 50 48 47 38 37 36 35
 10 -29 8 52 48 46 42 41 40 38 36
 7 -55 6 52 47 45 41 36 34
 1 -76 5 54 52 48 36 34
 1 -7 7 52 50 47 44 41 38 36
 9 -53 7 59 54 50 49 48 43 36
 2 -95 7 58 55 51 48 47 46 41
 4 -41 7 58 54 53 51 47 46 38
 4 -37 6 59 56 53 50 40 38
 4 -61 7 64 63 59 58 55 53 49
 3 -74 9 78 64 61 60 58 57 56 55 51
 9 -64 4 65 59 54 44
 7 -41 5 64 63 60 55 49
 2 -61 5 64 58 56 53 49
 8 -99 8 78 65 64 61 60 58 57 55
 2 -64 5 70 60 59 54 49
 8 -41 4 78 59 53 45
 2 -75 7 78 76 69 67 65 55 52
 8 -52 5 64 61 60 58 55
 10 -63 7 69 65 63 62 61 60 57
 7 -2 5 69 64 61 57 56
 10 -87 1 49
 1 -23 7 76 69 65 64 62 61 60
 8 -44 6 78 69 65 62 61 57
 10 -67 5 76 69 62 61 60
 10 -90 5 76 71 69 67 63
 8 -58 5 71 70 66 62 61
 2 -57 3 62 61 60
 1 -75 2 78 57
 9 -46 4 71 70 66 62
 3 -88 3 67 65 62
 4 -30 6 87 83 76 72 71 66
 6 -23 6 83 76 73 71 69 62
 1 -42 3 71 66 61
 1 -53 5 83 79 72 71 67
 6 -75 8 87 85 83 79 77 74 73 72
 9 -11 8 89 87 85 79 77 75 74 72
 9 -76 8 89 87 85 83 79 75 74 72
 1 -5 7 87 83 82 81 79 77 71
 5 -66 6 83 82 81 79 73 71
 7 -78 5 91 79 77 73 68
 4 -61 5 91 87 77 73 68
 1 -18 6 89 86 85 82 75 74
 7 -19 7 96 93 89 87 84 77 75
 6 -56 7 91 86 85 84 83 80 75
 5 -89 4 91 85 75 74
 9 -86 8 95 93 92 91 90 88 82 81
 10 -80 4 96 89 84 75
 9 -91 5 101 99 96 84 80
 7 -71 7 103 101 99 98 94 90 88
 3 -70 7 101 99 98 94 91 90 88
 2 -20 6 101 95 94 92 88 86
 6 -93 8 103 101 99 97 96 95 94 93
 2 -32 7 103 100 99 97 95 93 86
 2 -43 5 98 97 93 92 90
 4 -66 7 107 105 101 99 98 97 94
 9 -79 6 108 105 101 100 99 84
 6 -43 7 112 108 105 103 100 99 97
 3 -25 7 120 119 112 107 106 102 97
 8 -75 5 107 106 101 100 95
 6 -74 9 119 117 112 110 108 107 106 105 102
 7 -54 8 120 118 112 111 110 107 104 98
 9 0 5 120 119 107 106 97
 5 -24 4 120 119 101 97
 8 -90 7 111 109 108 107 105 104 100
 3 -44 7 121 112 111 110 106 104 100
 3 -48 8 121 116 112 110 109 105 104 103
 3 -8 8 121 117 116 111 110 107 106 105
 9 -45 5 120 112 111 106 100
 6 -75 7 119 118 116 110 109 105 104
 4 -54 6 121 119 118 107 104 102
 5 -75 7 121 118 116 111 110 109 104
 2 -91 3 121 117 102
 1 -70 6 121 118 116 113 111 110
 2 -12 6 119 118 117 116 115 114
 5 -76 5 116 115 114 112 109
 6 -65 4 116 115 114 109
 2 -42 4 119 117 114 113
 6 -3 3 117 114 113
 8 -1 3 120 115 113
 6 -71 2 114 109
 9 -30 2 115 114
 9 -94 2 118 114
 6 -17 1 113
 9 -77 1 115
 3 -100 1 115
 7 -46 1 113
 4 -69 1 122
 7 -15 1 122
 8 -94 1 122
 6 -57 1 122
 3 -71 1 122
 6 -79 1 122
 2 -2 1 122
 2 -97 1 122
 3 -35 1 122
 0 31265 0
