32
 0 -11 4 2 4 5 6
 3 -48 1 3
 10 -66 3 9 8 7
 5 -40 3 9 8 7
 10 -49 2 9 7
 6 -15 1 7
 8 -1 5 15 14 13 12 11
 8 -32 4 15 14 13 10
 10 -24 4 21 17 15 13
 10 -68 2 19 12
 1 -41 5 26 21 19 17 16
 4 -14 4 26 21 17 16
 9 -32 3 26 19 16
 4 -8 3 26 20 16
 10 -79 3 26 24 19
 5 -42 1 18
 3 -78 1 18
 3 -46 3 24 23 22
 10 -63 1 20
 10 -44 2 23 22
 5 -32 2 23 22
 3 -82 3 29 28 25
 4 -37 3 29 28 27
 7 -18 2 28 27
 4 -78 1 27
 3 -96 1 27
 7 -38 2 31 30
 8 -77 2 31 30
 2 -33 2 31 30
 4 -89 1 32
 8 -71 1 32
 0 7260 0
