122
 0 -13 22 2 3 4 5 6 7 8 9 10 11 12 13 14 15 16 18 19 20 21 28 34 38
 4 -55 11 50 46 43 40 37 31 27 26 25 23 17
 10 -66 13 51 46 44 43 41 39 37 36 35 32 30 27 22
 2 -57 8 51 49 46 37 36 24 22 17
 8 0 12 51 46 44 43 41 40 37 35 32 29 27 26
 2 -49 9 59 51 46 43 40 39 36 27 17
 7 -54 13 63 54 53 51 50 49 46 45 40 37 35 29 23
 10 -99 13 63 54 53 51 50 46 44 43 40 35 33 32 29
 7 -66 11 63 54 53 51 49 42 41 35 33 29 23
 8 -7 11 63 59 54 52 51 49 42 40 37 33 32
 1 -60 8 54 46 44 43 39 37 36 29
 5 -99 8 59 53 48 46 39 36 33 30
 6 -50 11 72 63 55 54 53 50 44 43 41 40 29
 5 -43 10 72 68 56 50 48 47 46 41 37 31
 10 -62 13 65 64 62 60 59 54 53 49 48 47 44 36 33
 4 -27 5 63 52 36 33 29
 7 -14 8 72 63 52 47 44 41 35 33
 2 -16 11 74 72 65 63 62 59 58 54 52 49 33
 4 -43 11 81 72 62 61 59 54 53 48 47 44 39
 9 -78 11 81 64 63 61 59 56 55 54 45 44 35
 10 -22 8 81 68 66 57 51 49 47 39
 7 -80 6 60 57 55 54 50 29
 10 -56 9 81 68 60 59 52 48 47 44 36
 9 -82 5 72 65 53 40 33
 6 -35 13 81 80 68 66 62 61 60 58 57 55 53 52 47
 8 -85 12 81 74 72 68 65 64 56 55 54 53 48 45
 4 -5 12 86 81 80 72 66 63 62 57 53 52 49 47
 2 -91 7 68 60 57 56 48 44 37
 4 -60 11 71 70 68 66 65 64 62 59 56 48 47
 3 -68 10 81 80 68 66 63 62 57 56 47 45
 10 -9 12 87 81 80 76 75 74 62 61 60 59 57 54
 5 -44 9 69 66 65 62 61 60 57 55 47
 9 -82 9 81 80 68 66 61 57 56 55 45
 5 -48 9 86 76 64 63 61 59 58 57 47
 8 -69 13 97 87 80 79 76 75 74 68 67 65 62 58 57
 3 -61 10 87 80 79 74 72 69 66 61 57 55
 6 -81 11 87 79 77 74 71 69 67 66 64 61 55
 4 -28 10 87 81 79 74 71 69 68 61 60 54
 7 -92 9 87 80 70 65 64 63 60 58 55
 5 -67 8 87 77 74 70 67 66 64 48
 9 -74 6 81 80 74 67 65 45
 6 -77 10 97 87 81 80 79 74 70 67 65 56
 6 -71 11 97 87 86 82 81 79 78 75 74 70 58
 2 -76 11 97 87 85 82 79 77 75 70 69 67 66
 10 -33 12 97 87 86 85 83 82 79 78 77 76 71 70
 2 -70 4 87 86 81 52
 3 -57 11 121 87 85 82 79 78 77 75 74 73 67
 1 -57 7 97 86 82 80 78 76 58
 1 -17 8 103 97 83 79 78 77 75 61
 6 -72 8 121 103 97 83 79 77 75 61
 8 -99 6 87 85 79 72 67 62
 6 -75 5 82 78 77 69 64
 10 -78 9 103 85 84 83 82 79 76 75 69
 2 -25 4 82 70 67 66
 6 -20 10 103 97 90 86 85 83 78 76 75 73
 6 -19 8 103 88 85 84 83 77 75 69
 6 -24 5 83 82 77 71 70
 5 -89 8 103 96 92 88 85 84 83 69
 9 -15 7 121 103 85 84 79 77 73
 2 -72 9 97 96 90 86 85 84 78 77 73
 1 -3 6 93 92 85 84 82 70
 8 -54 6 93 84 82 78 77 73
 6 -79 6 102 92 84 82 79 73
 3 -62 16 121 117 115 103 102 101 97 94 93 92 90 89 88 85 84 83
 3 -32 9 121 120 103 102 101 89 84 82 78
 5 -31 10 121 120 119 118 101 96 93 89 84 78
 10 0 14 120 119 117 115 103 102 101 96 94 92 91 89 84 83
 6 -43 11 120 118 101 100 95 93 91 90 88 86 82
 10 -9 7 121 116 115 102 93 90 73
 3 -35 6 116 102 96 90 88 73
 9 -89 13 119 118 117 115 103 101 96 93 92 91 90 88 84
 10 -61 13 120 118 116 115 113 103 102 100 96 95 94 91 88
 8 -95 12 120 119 118 117 113 110 101 99 95 94 91 89
 6 -76 11 118 117 115 114 113 103 102 99 94 91 89
 7 -61 10 118 116 113 110 101 96 95 94 92 91
 8 -66 15 121 120 119 118 116 115 114 113 111 110 109 106 105 102 91
 4 -16 10 117 116 115 113 110 105 102 95 92 91
 9 -16 9 117 116 115 113 105 94 92 91 88
 4 -68 9 116 115 113 101 96 93 91 90 88
 6 -7 9 121 117 115 113 111 99 93 91 89
 5 -89 11 117 115 114 113 111 110 105 102 101 99 98
 10 -32 8 119 117 115 114 110 99 98 96
 10 -33 9 118 114 113 111 110 108 105 99 98
 9 -18 8 116 113 110 109 106 105 98 95
 2 -97 6 116 111 110 105 99 91
 9 -16 9 117 116 115 114 113 109 107 105 94
 8 -5 8 115 112 109 106 105 103 101 98
 9 -28 4 110 108 107 99
 2 -75 4 108 107 106 100
 8 -69 5 110 108 107 106 105
 5 -62 3 112 108 98
 5 -61 3 108 104 99
 4 -100 4 110 109 108 105
 7 -75 3 111 106 104
 6 -92 3 114 111 108
 10 -31 3 108 105 104
 2 -61 3 118 111 105
 9 -48 2 107 104
 4 -61 2 109 106
 9 -9 2 105 104
 3 -16 1 107
 2 -31 1 112
 9 -38 1 110
 8 -42 1 122
 2 -36 1 122
 8 -93 1 122
 6 -33 1 122
 4 -15 1 122
 4 -59 1 122
 5 -98 1 122
 3 -47 1 122
 1 -54 1 122
 8 -4 1 122
 9 -100 1 122
 3 -4 1 122
 3 -25 1 122
 7 -94 1 122
 10 -51 1 122
 7 -89 1 122
 5 -54 1 122
 4 -18 1 122
 0 31045 0
