122
 0 -82 23 2 3 4 5 6 7 8 9 10 11 12 14 15 17 19 20 21 22 23 24 25 29 47
 9 -85 17 54 50 48 46 44 42 41 40 38 36 34 32 31 30 28 27 26
 10 -32 9 66 59 55 54 37 36 30 28 16
 4 -90 9 66 50 48 46 45 41 37 27 13
 4 -41 13 83 66 63 62 61 58 51 48 45 40 38 30 26
 9 -49 10 66 65 64 63 60 58 54 48 46 13
 7 -77 15 67 66 58 56 54 53 52 51 49 48 44 43 41 40 28
 3 -94 17 121 83 70 67 66 64 63 62 61 60 58 54 50 48 46 40 35
 9 -77 16 121 84 83 77 70 67 65 64 63 62 56 55 49 48 40 33
 10 -26 14 121 73 69 67 66 60 59 53 49 46 44 42 39 33
 10 -74 9 83 70 62 59 57 52 48 43 18
 2 -97 13 121 73 71 67 66 60 59 56 55 52 51 49 37
 6 -38 8 82 77 71 69 59 55 36 30
 6 -9 17 121 95 90 88 84 83 82 80 72 69 66 61 60 58 57 56 41
 8 -35 13 121 83 77 72 68 67 66 65 63 56 53 49 40
 9 -70 19 117 95 90 88 84 82 75 73 72 71 70 69 68 65 63 62 60 57 52
 5 -74 8 121 83 77 71 64 51 40 32
 6 -5 16 119 115 95 89 84 82 80 76 73 68 67 66 65 63 56 38
 3 -80 10 95 83 82 70 66 62 57 51 48 38
 4 -31 14 116 90 88 84 83 81 75 72 68 66 61 60 56 40
 7 -46 13 119 90 88 81 77 72 70 68 67 66 62 57 40
 6 -46 8 82 72 70 68 67 55 52 38
 2 -89 11 121 86 72 71 70 68 67 66 57 49 42
 1 -95 15 121 95 93 89 76 75 74 73 72 67 65 63 59 56 51
 1 -46 18 118 95 90 89 88 85 83 81 80 77 74 73 72 71 68 61 59 57
 3 -78 13 121 119 117 116 114 90 82 78 75 73 70 55 43
 6 -90 12 121 78 77 75 73 72 70 69 65 63 56 52
 10 -45 17 117 116 114 113 89 88 84 81 78 76 74 72 70 68 65 64 61
 1 -88 16 119 117 114 95 87 82 78 77 72 70 69 68 67 65 64 63
 3 -26 10 121 115 114 112 89 74 67 56 53 49
 9 -41 19 119 118 115 95 94 90 88 87 85 84 83 81 80 76 72 69 68 67 59
 5 -10 10 119 116 114 95 90 73 72 70 65 43
 4 -54 12 116 114 93 85 81 80 78 75 74 72 61 51
 2 -72 11 116 114 87 85 81 73 72 66 65 57 55
 2 -74 16 119 117 116 115 114 110 94 87 84 77 76 74 73 72 68 53
 7 -9 8 119 89 87 85 83 72 62 51
 5 -60 16 120 117 115 114 113 111 87 85 82 76 75 74 72 69 68 65
 7 -7 15 121 118 117 116 114 111 92 90 88 81 78 77 74 69 64
 6 -1 15 116 115 114 113 112 106 95 94 93 91 88 80 74 72 56
 8 -20 13 115 95 92 89 87 85 82 80 79 74 73 69 59
 7 -98 11 115 110 92 87 85 81 77 75 73 71 59
 1 -27 14 119 115 111 95 94 93 92 91 90 89 87 83 76 63
 3 -4 14 113 111 110 108 94 93 89 88 87 85 81 79 74 68
 10 -84 8 114 106 94 93 78 72 71 70
 5 -8 20 121 120 116 114 112 110 108 107 106 105 103 100 94 93 92 91 87 85 79 76
 6 -32 19 118 116 114 113 112 110 109 108 107 106 103 94 93 92 91 90 81 80 74
 4 -42 15 118 117 113 107 106 105 93 90 87 86 85 81 79 78 75
 2 -96 11 114 113 111 109 108 94 89 87 80 72 69
 1 -22 15 119 118 111 110 107 106 105 103 94 90 81 80 79 78 76
 5 -95 13 117 115 114 109 108 107 105 98 91 89 81 80 69
 1 -10 12 117 115 113 111 110 105 99 94 88 86 79 68
 6 -99 19 119 118 116 114 113 112 108 107 105 102 101 100 99 94 93 91 89 87 86
 6 -89 16 113 111 108 107 106 105 104 102 101 95 93 92 91 90 88 85
 10 -58 16 115 114 112 111 110 109 108 107 105 102 94 92 91 87 86 80
 2 -52 15 120 118 112 111 108 107 106 102 98 95 93 92 91 86 80
 6 -19 15 120 117 111 110 108 107 105 103 102 101 100 92 87 86 85
 8 -36 14 120 115 113 111 110 109 107 106 103 100 99 94 79 76
 4 -5 12 114 112 110 109 108 107 104 102 93 92 85 73
 7 -33 15 117 114 113 112 111 107 106 105 103 102 101 100 99 98 78
 10 -71 13 120 118 113 109 104 102 101 100 94 92 91 86 77
 9 -31 15 120 119 112 111 110 108 107 105 102 101 100 99 97 96 87
 10 -35 8 115 112 107 103 93 80 78 74
 9 -58 11 110 109 108 106 105 104 103 100 98 97 81
 2 -68 5 109 86 85 79 75
 6 -91 10 118 109 105 103 101 100 99 94 91 86
 3 -39 8 110 106 104 102 100 98 92 74
 3 -36 10 116 113 110 104 103 102 101 100 92 91
 3 -16 8 112 107 106 103 101 100 92 91
 10 -47 8 112 110 106 104 103 102 93 86
 3 -56 6 115 111 105 97 85 80
 3 -20 8 119 116 113 103 100 99 97 96
 4 -53 5 105 99 98 96 79
 6 -36 6 111 103 100 99 98 91
 6 -94 5 105 101 99 97 96
 5 -6 5 103 102 100 99 97
 10 -11 4 101 98 97 96
 9 -71 4 107 106 99 96
 10 -3 3 109 108 91
 6 -35 3 104 102 101
 1 -8 3 101 100 99
 9 -65 3 102 99 96
 9 -1 3 103 102 98
 4 -9 3 114 108 105
 7 -19 3 100 98 96
 1 -31 2 99 98
 10 -54 2 97 96
 3 -94 2 104 98
 1 -96 2 103 98
 1 -66 2 106 96
 3 -50 2 100 98
 9 -45 1 97
 2 -77 1 96
 6 -51 1 96
 9 -71 1 98
 2 -52 1 109
 8 -99 1 122
 6 -63 1 122
 3 -72 1 122
 6 -26 1 122
 4 -97 1 122
 10 -65 1 122
 3 -95 1 122
 6 -2 1 122
 7 -37 1 122
 8 -62 1 122
 5 -40 1 122
 6 -86 1 122
 1 -10 1 122
 8 -47 1 122
 6 -77 1 122
 4 -36 1 122
 10 -78 1 122
 10 -84 1 122
 7 -64 1 122
 7 -96 1 122
 2 -79 1 122
 1 -50 1 122
 3 -58 1 122
 3 -37 1 122
 1 -80 1 122
 3 -42 1 122
 0 31600 0
