42
 0 -46 7 2 3 4 5 7 11 12
 3 -43 3 10 8 6
 4 -41 3 10 9 6
 2 -92 2 8 6
 1 -17 3 13 10 9
 2 -81 3 16 14 13
 3 -29 3 16 14 13
 2 -87 1 9
 1 -75 3 19 16 14
 1 -20 3 19 16 14
 3 -47 3 16 15 13
 5 -15 2 19 15
 4 -34 3 19 18 17
 1 -3 1 15
 3 -38 2 18 17
 5 -74 4 23 22 21 20
 10 -36 3 23 22 21
 5 -19 3 25 21 20
 2 -44 3 25 23 21
 4 -12 4 30 27 26 24
 6 -34 4 30 28 27 24
 7 -93 4 31 29 26 25
 7 -39 4 36 31 30 26
 4 -25 3 33 31 29
 5 -87 3 32 30 28
 1 -27 2 32 28
 9 -66 6 41 39 38 36 35 34
 1 -58 4 41 39 35 33
 6 -4 5 39 38 36 35 34
 9 -90 5 41 39 38 37 34
 3 -91 2 35 32
 4 -92 4 41 39 38 37
 1 -87 3 38 37 34
 6 -65 1 40
 3 -66 1 37
 6 -3 1 37
 5 -1 1 42
 8 -10 1 42
 5 -14 1 42
 7 -91 1 42
 6 -90 1 42
 0 9930 0
