32
 0 -36 6 2 3 4 5 6 8
 10 -30 4 15 10 9 7
 5 -26 7 21 17 14 13 12 11 10
 1 -72 3 12 10 7
 8 -59 4 17 15 12 10
 1 -7 4 15 13 12 10
 1 -22 5 25 21 17 14 11
 9 -8 3 13 12 10
 1 -55 3 24 18 12
 4 -63 6 31 25 24 23 18 16
 6 -84 5 31 24 23 18 16
 1 -15 5 31 25 23 20 16
 9 -76 4 31 24 23 16
 1 -16 3 23 18 16
 9 -18 4 31 24 21 19
 1 -65 2 22 19
 8 -43 6 31 30 29 28 27 26
 10 -72 2 30 20
 5 -82 5 30 29 28 27 26
 3 -4 4 29 28 27 26
 6 -1 3 29 28 23
 2 -81 2 27 26
 5 0 1 26
 1 -31 1 28
 2 -44 1 27
 8 -89 1 32
 3 -85 1 32
 5 -66 1 32
 4 0 1 32
 10 -62 1 32
 3 -40 1 32
 0 6760 0
