32
 0 -65 8 2 3 4 5 6 8 10 11
 8 -64 5 21 20 18 15 9
 7 -85 5 24 15 14 13 12
 2 -94 5 24 21 17 15 12
 10 -38 2 19 7
 10 -3 1 7
 2 -35 6 30 24 21 20 16 15
 7 -94 7 30 29 28 23 21 20 19
 7 -23 3 24 14 12
 4 -13 5 27 23 22 19 16
 5 -56 4 24 19 17 16
 4 -21 4 30 27 19 16
 5 -20 4 31 28 22 20
 6 -48 4 28 27 26 25
 1 -44 3 27 25 23
 8 -99 3 29 28 26
 5 -40 3 28 27 25
 9 -19 3 29 27 26
 5 -76 2 26 25
 1 -95 2 27 25
 7 -26 2 31 25
 8 -4 2 26 25
 6 -65 1 26
 10 -36 1 28
 1 -48 1 32
 10 -14 1 32
 10 -80 1 32
 4 -59 1 32
 9 -83 1 32
 10 -24 1 32
 4 -82 1 32
 0 7765 0
