32
 0 -53 7 2 3 4 5 6 7 8
 9 -78 5 19 14 12 10 9
 5 -69 5 19 18 15 14 9
 4 -55 4 19 12 10 9
 2 -92 6 19 18 16 15 13 11
 4 -79 2 18 9
 1 -5 7 26 20 19 18 17 16 13
 1 -13 6 26 20 19 17 14 13
 1 -26 3 16 13 11
 10 -46 6 26 23 20 18 17 16
 1 -33 5 31 26 23 20 17
 3 -98 6 31 26 24 23 21 20
 5 -96 4 25 24 23 21
 1 -83 1 16
 6 -85 4 30 26 24 22
 4 -84 3 31 25 22
 3 -36 3 30 24 21
 4 -55 3 31 24 21
 2 -7 3 31 25 22
 8 -79 3 28 27 25
 9 -5 1 22
 6 -68 3 29 28 27
 8 -72 3 30 29 28
 4 -82 2 28 27
 9 -62 1 30
 10 -50 1 27
 7 -17 1 32
 7 -60 1 32
 5 -57 1 32
 4 -14 1 32
 3 -74 1 32
 0 8665 0
