32
 0 0 5 2 3 5 6 10
 9 -100 5 16 14 9 8 4
 8 -58 6 20 16 15 14 12 11
 7 -16 3 12 11 7
 6 -38 3 16 14 8
 8 -53 1 8
 3 -72 4 21 18 17 13
 7 -3 3 20 18 11
 9 -53 5 31 21 19 18 15
 6 -29 3 21 18 13
 7 -18 4 30 23 21 17
 2 -48 4 31 30 19 18
 4 -35 6 30 29 28 23 22 20
 6 -78 4 30 22 21 18
 1 -8 5 30 29 28 23 22
 7 -83 5 31 30 28 24 22
 3 -71 2 31 19
 9 -98 3 29 25 23
 2 -5 3 28 24 22
 10 -13 3 31 25 24
 8 -1 4 29 28 27 26
 8 -26 2 27 25
 4 -8 2 26 24
 8 -86 1 27
 7 -66 1 26
 3 -42 1 32
 2 -44 1 32
 6 -25 1 32
 8 -53 1 32
 10 -54 1 32
 10 -63 1 32
 0 6735 0
