42
 0 -34 4 2 4 5 6
 4 -1 1 3
 4 -69 4 12 11 8 7
 4 -80 4 12 11 8 7
 10 -43 4 11 9 8 7
 3 -68 4 19 15 14 12
 1 -42 3 19 14 10
 2 -11 4 21 19 18 15
 7 -14 2 14 13
 2 -89 3 21 18 15
 8 -98 3 21 18 15
 5 -15 1 13
 7 -71 3 21 18 16
 5 -77 2 21 16
 9 -63 1 16
 6 -69 2 22 17
 3 -75 2 25 20
 4 -96 2 23 22
 1 -48 3 29 25 23
 7 -82 3 29 27 23
 2 -95 4 29 28 27 24
 6 -92 3 29 26 25
 8 -37 2 28 24
 9 0 4 33 31 30 26
 8 -99 4 41 31 28 27
 8 -42 6 41 40 38 37 36 32
 9 -90 4 40 36 33 32
 3 -26 2 33 30
 9 -4 3 37 36 32
 4 -33 3 37 36 34
 2 -38 2 36 34
 4 -42 1 34
 2 -89 1 34
 2 -1 1 35
 8 -33 1 39
 4 -91 1 39
 3 -85 1 39
 4 -64 1 39
 3 -1 1 42
 10 -18 1 42
 8 -9 1 42
 0 10670 0
