32
 0 -87 3 2 5 8
 5 0 2 4 3
 3 -66 5 17 14 11 9 7
 3 -80 4 14 12 11 7
 5 -67 2 17 6
 9 -35 4 16 15 13 10
 1 -33 3 16 13 10
 6 -29 3 19 14 11
 10 -75 3 19 15 12
 8 -13 7 31 25 24 22 21 19 18
 1 -31 6 31 25 24 22 21 18
 10 -20 7 31 30 29 28 25 24 21
 8 -17 4 31 25 20 18
 2 -33 6 31 30 29 28 24 21
 3 -41 4 30 22 21 20
 6 -45 5 30 29 24 23 22
 7 -45 4 31 28 24 20
 8 -41 5 30 29 28 26 23
 8 -24 2 28 20
 1 -2 3 29 26 23
 4 -53 2 26 23
 4 -31 2 28 27
 5 -39 1 27
 1 -45 1 26
 4 -76 1 26
 5 -88 1 32
 9 -25 1 32
 3 -14 1 32
 2 -52 1 32
 10 -87 1 32
 8 -37 1 32
 0 6655 0
