42
 0 -11 3 2 3 7
 3 -24 4 9 8 6 5
 5 -53 3 8 5 4
 8 -17 5 16 15 12 11 9
 1 -74 4 16 15 11 10
 5 -63 4 16 12 11 10
 3 -90 3 16 15 9
 10 -37 3 15 14 13
 3 -68 1 10
 4 -43 2 14 13
 6 -3 2 14 13
 2 -12 2 14 13
 5 -98 6 25 22 20 19 18 17
 1 -61 5 25 22 19 18 17
 10 -60 5 25 22 20 19 17
 2 -10 5 25 22 20 18 17
 1 -65 3 24 23 21
 9 -1 6 33 32 30 27 26 24
 9 -4 6 33 32 30 27 26 24
 10 -7 5 33 32 30 27 24
 8 -20 6 35 33 32 30 27 26
 2 -47 6 35 32 30 28 27 26
 1 -76 4 35 32 30 27
 8 -76 3 35 31 28
 7 -93 2 35 26
 5 -45 3 36 34 31
 10 -7 2 31 29
 3 -14 2 34 29
 7 -16 4 41 40 38 36
 3 -96 1 31
 8 -37 4 41 40 38 37
 3 -64 4 41 40 38 37
 8 -98 3 41 38 37
 2 -56 3 41 40 39
 8 -48 2 40 37
 1 -66 1 37
 9 -33 1 39
 2 -56 1 39
 2 -75 1 42
 4 -67 1 42
 6 -1 1 42
 0 9460 0
