32
 0 -81 7 2 3 4 6 9 10 12
 5 -21 3 16 11 7
 1 -65 2 17 5
 4 -23 2 17 5
 10 -8 5 21 18 16 15 11
 2 -64 4 21 17 13 8
 3 -94 3 21 17 8
 8 -8 4 22 18 15 14
 2 -27 3 21 14 13
 6 -71 6 31 24 22 19 18 16
 1 -4 2 14 13
 7 -6 2 18 13
 10 -42 5 31 24 22 20 19
 8 -96 5 31 30 24 23 20
 8 -41 4 29 25 23 19
 2 -94 4 30 25 23 20
 7 -30 2 24 19
 8 -87 3 29 27 23
 8 -8 4 30 28 27 26
 4 -15 4 29 28 27 26
 4 -94 2 27 23
 7 -14 2 27 25
 10 -5 2 28 26
 4 -88 1 25
 1 -64 1 26
 3 -86 1 32
 3 -83 1 32
 10 -75 1 32
 4 -67 1 32
 6 -97 1 32
 2 -20 1 32
 0 7890 0
