32
 0 -72 7 2 4 5 6 7 8 9
 1 -94 3 12 10 3
 4 -69 5 20 18 16 13 11
 6 -36 5 23 16 15 13 10
 8 -90 3 16 11 10
 1 -35 5 20 16 15 14 12
 1 -24 4 20 16 15 10
 9 -27 3 20 15 10
 2 -45 4 16 15 14 13
 8 -96 4 19 18 17 14
 2 -27 4 23 17 15 14
 2 -7 7 31 25 23 22 21 19 17
 4 -31 5 31 25 21 19 17
 4 -57 6 31 30 25 24 22 21
 9 -14 6 31 30 25 24 22 21
 8 -27 6 31 30 29 28 27 24
 5 -57 5 30 29 28 27 24
 9 -72 5 31 29 28 27 24
 5 -44 5 30 29 28 27 26
 3 -61 3 30 28 22
 3 -45 4 29 28 27 26
 2 -92 2 27 26
 8 -54 2 28 26
 1 -37 1 26
 4 -15 1 27
 6 -22 1 32
 8 -50 1 32
 7 -48 1 32
 6 -39 1 32
 1 -27 1 32
 4 -41 1 32
 0 7275 0
