42
 0 -98 4 2 3 4 6
 10 -7 3 8 7 5
 5 -84 2 7 5
 8 -92 4 13 12 11 10
 2 -94 3 12 11 9
 7 -61 3 11 10 7
 2 -93 4 18 17 14 13
 7 -46 3 18 17 15
 8 -60 1 10
 9 -68 2 17 14
 2 -71 4 23 22 20 15
 4 -72 3 18 17 16
 2 -84 3 22 20 15
 1 -86 3 21 20 16
 5 -86 2 21 16
 4 -32 3 32 26 19
 9 -3 3 26 23 22
 9 -52 3 28 26 20
 6 -40 2 25 24
 5 -85 3 34 32 24
 3 -76 3 32 27 25
 6 -18 4 32 29 28 27
 9 -27 4 34 33 30 29
 6 -7 3 30 29 27
 7 -18 3 33 29 28
 8 -30 2 29 27
 3 -46 2 33 31
 6 -47 2 34 31
 4 -39 1 31
 7 -16 1 31
 5 -54 2 36 35
 1 -18 2 36 35
 2 -71 4 41 38 37 36
 9 -78 1 35
 9 -77 4 41 40 38 37
 8 -31 2 40 39
 10 -28 1 39
 7 -12 1 39
 1 -30 1 42
 4 -40 1 42
 4 -45 1 42
 0 10610 0
