32
 0 -87 8 2 3 4 5 6 7 11 14
 9 -13 4 12 10 9 8
 7 -95 4 12 10 9 8
 3 -40 2 9 8
 3 -100 6 27 24 18 16 13 12
 2 -39 4 24 22 18 10
 9 0 5 27 24 18 13 12
 8 -20 7 27 24 22 21 18 16 15
 3 -90 3 24 17 13
 9 -38 5 27 21 20 16 15
 3 -70 4 24 22 20 15
 10 -24 3 21 20 15
 6 -28 2 21 15
 5 -68 3 31 24 19
 1 -46 3 31 26 19
 9 -17 3 31 26 23
 3 -14 2 31 20
 4 -27 4 31 28 26 25
 8 -38 1 23
 7 -13 1 23
 1 -100 1 23
 7 -93 1 23
 4 -95 2 28 25
 8 -36 2 28 26
 2 -83 2 30 29
 5 -52 2 30 29
 6 -46 2 30 29
 8 -64 1 29
 2 -11 1 32
 6 -87 1 32
 10 -30 1 32
 0 7820 0
