32
 0 -15 6 2 3 4 5 7 9
 10 -39 5 17 15 14 10 8
 5 -75 2 15 6
 1 -11 4 17 15 10 8
 3 -93 5 17 16 14 12 10
 2 -94 3 17 14 8
 2 -21 6 20 19 18 17 16 13
 1 -96 3 16 12 11
 3 -92 6 22 19 18 17 16 14
 3 -99 2 18 11
 9 -50 2 19 13
 10 -6 2 21 18
 2 -75 5 31 29 24 22 21
 10 -80 4 31 25 23 21
 9 -41 5 31 29 28 25 22
 9 -76 3 31 23 21
 7 -52 4 31 28 27 23
 10 -86 3 31 24 23
 7 -8 3 28 25 23
 1 -17 3 30 27 23
 2 -71 3 30 28 27
 9 -22 3 30 27 26
 5 -86 2 29 26
 9 -70 2 28 26
 8 -21 1 27
 9 -84 1 32
 6 -27 1 32
 8 -90 1 32
 6 -9 1 32
 9 -87 1 32
 6 -92 1 32
 0 8925 0
