32
 0 -91 3 2 5 11
 9 -60 6 10 9 7 6 4 3
 2 -36 4 18 16 12 8
 5 -21 3 19 16 8
 5 -19 5 28 16 15 14 13
 6 -71 5 27 19 18 15 14
 10 -20 5 28 27 20 19 15
 6 -74 4 28 20 15 13
 5 -89 4 28 20 15 13
 4 -16 4 28 27 15 14
 2 -72 4 28 20 15 13
 6 -53 3 28 27 15
 10 -91 3 27 26 17
 3 -28 4 26 24 21 20
 4 -30 1 17
 10 -94 1 17
 1 -86 4 25 24 22 21
 7 -50 4 26 25 22 21
 5 -25 4 30 26 24 22
 6 -73 2 30 22
 5 -25 1 23
 10 -75 2 31 29
 6 -99 2 30 29
 10 -95 2 31 29
 8 -69 1 29
 5 -41 1 29
 5 -32 1 30
 3 -91 1 29
 1 -94 1 32
 3 -28 1 32
 6 -5 1 32
 0 8765 0
