32
 0 -1 8 2 3 4 5 6 7 8 9
 1 -6 6 21 20 18 14 12 11
 7 -50 4 18 12 11 10
 5 -25 3 14 11 10
 8 -41 3 18 11 10
 2 -83 5 21 18 16 14 11
 1 -79 4 21 16 14 11
 6 -76 4 21 20 16 11
 5 -91 6 21 20 18 16 15 13
 9 -68 4 21 20 17 16
 5 -18 3 22 15 13
 2 -49 5 31 22 19 16 15
 2 -46 2 31 17
 5 -73 1 15
 1 -6 5 30 29 28 24 23
 9 -41 5 30 29 28 24 23
 9 -54 4 30 29 23 19
 8 -59 5 31 28 27 26 25
 5 -24 4 28 27 26 25
 7 -1 4 31 27 26 25
 5 -47 3 27 26 25
 3 -57 1 24
 6 -28 2 27 25
 1 -35 2 26 25
 7 -58 1 32
 6 -95 1 32
 10 -82 1 32
 5 -47 1 32
 8 -46 1 32
 9 -61 1 32
 9 -9 1 32
 0 7280 0
