32
 0 -56 3 2 3 6
 4 -49 3 8 7 4
 2 -36 2 5 4
 9 -59 3 12 11 10
 5 -52 2 12 7
 6 -80 2 13 9
 2 -2 2 13 11
 8 -41 1 9
 10 -7 3 16 14 12
 7 -96 2 14 13
 5 -45 3 19 15 14
 3 -66 4 19 18 17 15
 2 -99 3 19 16 15
 10 -98 3 21 18 17
 4 -21 3 26 21 20
 10 -44 2 20 18
 3 -22 4 31 26 24 22
 5 -74 4 31 26 24 23
 5 -49 4 31 26 24 23
 10 -85 3 31 24 22
 8 -29 3 31 24 22
 6 -19 2 25 23
 8 -18 3 30 28 27
 6 -77 1 25
 6 -44 2 30 27
 1 -30 2 30 27
 2 -84 1 29
 3 -81 1 29
 7 -62 1 32
 6 -24 1 32
 5 -21 1 32
 0 7850 0
