32
 0 -45 5 2 3 4 7 12
 8 -7 6 17 14 13 8 6 5
 3 -78 5 14 13 11 10 6
 1 -39 4 17 9 8 6
 10 -7 3 21 15 10
 4 -83 5 21 19 18 16 15
 10 -16 2 15 10
 4 0 5 25 19 18 16 15
 9 -70 2 22 10
 9 -80 4 25 19 18 16
 10 -11 4 25 19 18 16
 9 -60 4 22 19 18 16
 9 -52 3 21 19 16
 2 -30 4 31 25 23 19
 9 -57 5 30 28 24 23 22
 9 -10 3 30 23 20
 4 -59 3 25 23 19
 9 -62 3 28 24 23
 4 -94 4 30 28 26 24
 7 -21 4 31 28 26 24
 2 -84 4 30 28 26 25
 5 -71 3 31 29 26
 10 0 2 29 26
 10 -82 1 27
 1 0 1 27
 9 -72 1 32
 5 -90 1 32
 10 -51 1 32
 7 -20 1 32
 7 -98 1 32
 1 -2 1 32
 0 7255 0
