42
 0 -76 4 2 3 5 9
 6 -27 3 11 7 4
 5 -82 4 11 10 7 6
 4 -83 2 10 6
 8 -70 2 10 8
 4 -38 1 8
 7 -100 1 8
 6 -49 4 19 16 13 12
 10 -69 3 16 13 12
 10 -37 3 20 14 12
 6 -78 3 26 18 13
 4 -97 4 26 22 21 17
 3 -1 2 20 14
 5 -21 1 15
 10 -9 4 27 24 22 21
 9 -60 3 26 24 21
 5 -82 1 18
 1 -37 6 33 29 27 25 24 23
 2 -78 5 33 29 26 24 23
 4 -51 4 29 27 23 22
 5 -3 4 33 29 25 23
 7 -5 3 33 31 28
 10 -21 2 31 28
 2 -93 2 31 28
 4 -61 2 31 28
 9 -31 2 31 28
 2 -37 1 28
 1 -29 3 38 35 30
 9 -1 2 35 30
 4 -14 3 37 34 32
 6 -51 3 37 36 34
 4 -68 3 41 40 36
 3 -52 3 40 37 36
 2 -11 3 41 40 39
 8 -50 2 40 36
 4 -45 1 39
 10 -72 1 39
 3 -29 1 41
 6 -30 1 42
 5 -96 1 42
 2 -44 1 42
 0 9940 0
