42
 0 -1 5 2 3 4 6 7
 6 -13 2 9 5
 4 -57 3 11 9 8
 8 -76 1 5
 4 -82 2 11 8
 1 -92 2 13 11
 4 -100 1 10
 7 -84 3 16 14 13
 2 -39 3 16 14 13
 6 -67 3 16 14 13
 4 -16 2 14 12
 3 -36 4 20 17 16 15
 5 -80 3 20 17 15
 2 -90 1 15
 10 -47 4 30 23 19 18
 4 -50 3 30 23 18
 6 -21 2 30 18
 4 -65 5 28 25 24 22 21
 10 -33 3 26 25 21
 3 -15 3 28 25 21
 6 -56 6 34 33 32 31 29 27
 1 -51 6 34 33 32 31 29 27
 4 -98 5 34 33 32 29 27
 8 -88 6 36 35 34 33 32 31
 1 0 4 34 31 29 27
 10 -95 4 35 32 31 28
 2 -8 3 41 36 35
 6 -13 3 41 34 33
 1 -74 3 41 37 36
 10 -13 2 41 33
 3 -53 3 41 40 37
 6 -24 3 41 40 38
 2 -51 2 40 37
 6 -73 2 40 37
 2 -14 2 40 37
 6 -62 2 40 39
 4 -41 1 38
 4 -65 1 39
 10 -98 1 42
 10 -90 1 42
 2 -86 1 42
 0 11085 0
