42
 0 -16 2 2 3
 4 -92 4 8 7 5 4
 5 -20 6 12 10 9 8 7 5
 1 -27 6 16 15 14 12 10 9
 2 -70 2 11 6
 5 -12 5 18 16 15 14 13
 5 -38 4 18 15 14 11
 4 -19 4 23 17 16 13
 2 -64 2 18 11
 9 -16 4 23 21 19 18
 4 -21 3 23 17 13
 5 -33 3 23 18 17
 7 -19 3 24 20 19
 10 -33 2 21 17
 7 -49 4 25 24 23 22
 4 -59 4 26 24 22 21
 5 -63 2 22 20
 1 -22 2 24 20
 2 -98 3 26 25 22
 8 -9 3 30 26 25
 6 -82 3 30 27 25
 3 -72 4 32 30 29 27
 2 -90 3 32 29 26
 2 -71 3 32 29 27
 8 -64 3 32 29 28
 5 -97 1 27
 9 -56 1 28
 2 -90 4 35 34 33 31
 5 -22 3 35 34 33
 3 -15 3 35 34 33
 7 -3 4 41 38 37 36
 9 -59 1 33
 2 -50 4 41 40 37 36
 3 -44 2 39 38
 6 -56 2 41 39
 1 -41 1 39
 8 -72 1 39
 2 -22 1 40
 2 -34 1 42
 3 -73 1 42
 2 -78 1 42
 0 9855 0
