42
 0 -75 5 2 3 4 5 10
 2 -50 4 11 8 7 6
 5 -22 2 11 6
 2 -91 3 12 8 7
 8 -76 3 12 11 9
 3 -87 3 13 12 9
 3 -19 4 17 15 14 13
 3 -37 4 17 16 14 13
 5 -21 3 17 15 14
 6 -70 1 12
 2 -22 3 17 16 13
 8 -75 2 17 15
 10 -2 4 22 21 20 18
 2 -35 4 22 21 20 18
 4 -96 2 18 16
 6 -43 4 23 22 21 19
 7 -24 4 23 21 20 19
 10 -90 3 25 23 19
 3 -81 6 31 30 29 28 26 24
 8 -74 5 31 30 28 26 24
 6 -4 4 30 29 27 25
 7 -91 4 30 29 28 26
 1 -34 3 28 27 26
 1 -32 2 33 27
 10 -3 1 26
 5 -87 4 39 36 34 32
 9 -52 4 39 36 34 32
 7 -83 4 36 35 34 32
 7 -98 3 35 33 32
 9 -64 4 41 39 36 35
 10 -25 3 39 38 33
 9 -85 3 41 38 37
 4 -29 2 41 36
 1 -7 2 38 37
 5 -55 2 38 37
 2 -88 1 37
 6 -96 1 40
 2 -5 1 40
 5 -27 1 40
 2 -45 1 42
 3 -16 1 42
 0 10580 0
