32
 0 -68 8 2 4 5 6 7 10 13 14
 1 -76 1 3
 4 -58 3 19 9 8
 3 -30 3 19 11 9
 8 -95 3 19 12 9
 6 -51 4 19 18 17 12
 6 -76 5 19 18 17 16 15
 5 -16 3 18 17 12
 5 -70 5 25 24 17 16 15
 8 -9 4 24 19 16 15
 1 -71 1 12
 9 -96 3 24 16 15
 10 -40 3 24 16 15
 7 -23 2 16 15
 2 -37 4 23 22 21 20
 5 -36 4 30 26 23 22
 4 -61 4 30 26 23 22
 3 -8 4 31 30 26 24
 7 -11 3 30 27 26
 6 -36 3 31 30 26
 9 -38 2 27 26
 5 -79 2 31 28
 1 -22 2 29 28
 7 -48 2 29 28
 2 0 2 29 28
 1 -4 1 29
 5 -90 1 28
 2 -59 1 32
 10 -91 1 32
 7 -19 1 32
 3 -24 1 32
 0 7210 0
