42
 0 -48 2 2 7
 7 -43 1 3
 7 -34 1 4
 4 -21 1 5
 8 -7 4 10 9 8 6
 10 -63 4 16 13 12 11
 8 -80 1 8
 5 -33 4 19 16 13 11
 1 -24 4 19 17 16 11
 10 -43 3 17 16 11
 8 -4 4 22 18 15 14
 5 -89 4 24 22 19 18
 4 -71 3 20 18 17
 9 -53 3 24 21 20
 5 -7 3 24 23 20
 5 -93 5 30 29 26 25 24
 3 -79 4 29 25 24 23
 10 -53 2 25 21
 2 -53 1 20
 3 -63 5 30 29 28 27 25
 6 -6 5 30 29 28 27 26
 8 -39 1 23
 9 -81 3 30 28 27
 5 -61 2 28 27
 8 -100 6 41 38 37 34 32 31
 7 -26 6 41 38 37 34 32 31
 10 -73 5 38 37 34 32 31
 2 -94 5 41 38 37 36 32
 1 -39 6 41 38 37 36 35 33
 4 -91 2 37 31
 6 -28 3 36 35 33
 5 -74 2 35 33
 10 -14 2 40 39
 5 -17 1 35
 4 -5 1 39
 1 -8 1 40
 6 -72 1 40
 6 -26 1 39
 2 -14 1 42
 8 -65 1 42
 6 -64 1 42
 0 9790 0
