42
 0 -42 6 2 3 4 5 7 9
 1 -29 4 14 10 8 6
 1 -7 5 15 14 12 10 8
 5 -25 5 15 14 13 12 8
 10 0 2 8 6
 7 -31 5 19 15 13 12 11
 6 -93 3 18 15 8
 8 -48 2 19 11
 4 -65 2 19 11
 9 -38 5 24 21 19 18 17
 9 -77 4 24 21 17 16
 4 -28 3 24 18 16
 4 -24 3 24 23 18
 6 -63 3 24 23 18
 10 -5 3 24 23 20
 5 -97 2 23 20
 2 -38 2 23 20
 7 -15 1 20
 4 -34 1 20
 8 -76 2 26 22
 1 -73 2 26 22
 5 -21 2 29 25
 8 0 2 26 25
 1 -22 3 31 29 27
 3 -59 2 31 27
 7 -53 2 31 27
 2 -84 3 33 30 28
 6 -55 4 36 35 34 32
 3 -52 4 38 36 35 33
 8 -6 3 38 37 35
 2 -84 3 37 36 35
 9 -51 2 38 37
 4 -19 2 39 37
 7 -8 2 40 38
 3 -89 2 41 39
 7 -43 2 40 39
 2 -80 1 40
 3 -63 1 39
 1 -17 1 42
 9 -81 1 42
 10 -84 1 42
 0 9395 0
