32
 0 -92 7 2 3 4 5 6 10 11
 7 -24 4 16 13 9 7
 3 -3 3 16 8 7
 6 -48 3 16 15 7
 6 -90 3 14 8 7
 1 -31 3 21 17 12
 9 -30 2 17 12
 1 -30 2 21 12
 9 -31 2 21 12
 4 -63 2 17 12
 4 -48 2 31 14
 8 -89 6 31 30 23 20 19 18
 6 -98 3 31 18 17
 3 -31 2 18 17
 5 -47 4 25 24 21 19
 10 -83 3 31 24 17
 2 -32 3 30 23 19
 8 -31 4 29 25 24 22
 8 -82 2 29 22
 2 -73 4 29 28 27 26
 1 -50 3 30 26 23
 7 -57 3 28 27 26
 2 -55 1 27
 1 -48 1 26
 2 -12 1 26
 9 -98 1 32
 2 -73 1 32
 3 -3 1 32
 1 -84 1 32
 1 -16 1 32
 1 -33 1 32
 0 7925 0
