32
 0 -27 7 2 3 4 5 7 9 14
 8 -58 3 13 10 6
 2 -6 2 8 6
 4 -90 4 18 15 12 11
 3 -90 1 8
 3 -76 4 18 16 15 12
 3 -95 4 18 16 15 12
 4 -20 3 18 12 11
 8 -56 3 18 12 11
 4 -40 3 18 16 12
 5 -44 5 23 22 21 17 16
 9 -48 6 31 25 22 21 20 17
 2 -3 5 31 30 21 20 15
 8 -76 4 22 20 17 15
 3 -71 5 29 25 24 23 19
 9 -66 4 29 25 20 19
 6 -85 3 30 29 19
 1 -3 2 28 21
 6 -28 3 28 27 26
 1 -84 2 27 24
 6 -66 2 27 26
 5 -80 2 29 26
 2 -53 2 27 26
 8 -13 1 26
 2 -100 1 27
 5 -25 1 32
 8 -50 1 32
 2 -68 1 32
 9 -83 1 32
 6 -14 1 32
 7 -58 1 32
 0 8380 0
