42
 0 -25 2 2 3
 3 -91 4 8 6 5 4
 3 -14 3 11 7 6
 9 -9 4 17 14 11 10
 2 -34 4 17 15 14 10
 1 -40 2 14 9
 4 -50 6 20 17 16 15 14 13
 5 -80 4 20 17 14 12
 10 -10 2 17 10
 2 -12 3 20 18 12
 4 -77 3 20 19 15
 1 -46 2 16 13
 6 -11 5 26 25 22 21 19
 9 -20 3 22 21 18
 5 -71 3 22 21 18
 10 -100 3 26 25 19
 6 -49 2 21 19
 8 -1 3 26 25 24
 10 -57 3 31 24 23
 2 -85 3 31 25 23
 4 -97 2 28 23
 2 -28 2 31 24
 8 -53 3 32 30 27
 4 -48 2 28 27
 3 -5 2 28 27
 8 -18 4 33 32 31 30
 7 -96 3 35 33 29
 10 -51 4 37 36 34 32
 10 -59 3 37 36 34
 5 -21 3 36 35 34
 6 -84 3 37 35 34
 7 -97 2 41 35
 6 -34 1 34
 7 -66 3 41 39 38
 2 -83 3 40 39 38
 10 -52 1 40
 8 -61 1 38
 5 -86 1 42
 10 -23 1 42
 4 -21 1 42
 7 -63 1 42
 0 10140 0
