42
 0 -63 6 2 3 4 5 8 11
 9 -89 3 10 9 7
 9 -69 3 14 10 9
 4 -27 3 14 10 9
 2 -32 1 6
 5 -42 3 14 12 9
 5 -69 4 15 14 13 12
 2 -46 2 12 9
 2 -51 3 17 15 13
 4 -100 2 15 12
 5 -44 2 15 12
 4 -39 4 21 20 17 16
 6 -1 3 21 20 16
 7 -11 3 22 20 16
 1 -99 4 30 21 20 19
 1 -18 2 19 18
 2 -8 6 30 29 28 25 23 22
 6 -88 3 30 25 23
 2 -24 4 29 28 27 24
 6 -54 3 29 25 24
 10 -41 3 29 27 23
 6 -19 3 40 27 26
 4 -91 1 24
 7 -94 3 40 31 26
 7 -85 2 27 26
 4 -85 4 35 34 33 32
 2 -19 3 35 33 31
 10 -3 3 35 34 31
 8 -93 3 34 33 32
 1 -69 3 39 35 32
 3 -64 2 39 32
 1 -17 2 38 36
 2 -41 2 38 36
 8 -90 2 39 37
 4 -16 1 36
 9 -11 1 37
 2 -48 1 41
 8 -22 1 41
 6 -10 1 41
 8 -93 1 41
 2 -99 1 42
 0 10420 0
