42
 0 -9 4 2 3 4 5
 3 -94 3 12 7 6
 5 -14 3 12 9 6
 10 -75 4 12 10 9 8
 1 -44 4 12 10 9 8
 6 -41 3 16 10 8
 1 -5 3 16 11 9
 2 -15 3 15 13 11
 1 -44 3 18 15 14
 1 -31 3 18 15 14
 7 -17 3 18 17 14
 7 -16 2 17 16
 8 -8 3 23 21 17
 10 -45 5 27 23 21 20 19
 8 -41 2 23 17
 6 -4 6 29 27 25 23 22 21
 1 -60 4 28 27 20 19
 1 -88 3 23 21 19
 7 -18 3 29 25 22
 10 -88 2 25 22
 6 -31 3 30 28 24
 6 -4 3 33 30 24
 4 -34 4 35 34 30 28
 7 -35 3 35 32 26
 5 -63 4 37 35 34 31
 1 -8 3 37 34 31
 5 -9 3 36 35 32
 2 -91 2 33 32
 2 -55 2 32 31
 6 -68 2 37 31
 2 -95 4 41 40 39 36
 10 -68 4 41 40 38 37
 4 -94 4 41 40 39 36
 6 -76 3 41 39 38
 3 -60 2 40 38
 2 -23 1 38
 1 -53 1 39
 2 -99 1 42
 6 -80 1 42
 1 -14 1 42
 6 -61 1 42
 0 9390 0
