32
 0 -32 7 2 3 4 5 6 9 10
 10 -73 5 15 14 13 12 7
 8 -84 4 15 14 11 8
 10 -76 4 14 12 11 8
 10 -69 3 19 17 11
 10 -55 2 14 11
 2 -38 3 31 19 11
 8 -60 6 31 27 22 21 19 16
 9 -64 6 31 27 21 19 18 16
 9 -7 6 31 22 21 19 18 16
 10 -67 5 27 22 21 18 16
 9 -11 5 31 22 21 19 16
 4 -41 5 31 27 21 18 16
 1 -72 4 27 26 25 17
 5 -63 5 31 30 26 25 23
 5 -61 2 26 20
 10 -100 2 31 20
 4 -69 3 26 25 23
 1 -46 3 30 26 23
 4 -51 2 30 23
 1 -54 2 25 23
 8 -77 2 26 24
 7 -79 1 24
 8 -55 2 29 28
 5 -5 2 29 28
 1 -89 1 28
 7 -97 1 28
 6 -25 1 32
 7 -2 1 32
 10 -3 1 32
 5 -97 1 32
 0 8610 0
