42
 0 -52 4 2 3 4 6
 4 -61 4 12 11 9 5
 4 -78 4 14 12 8 7
 3 0 3 14 12 7
 1 -19 2 14 7
 9 -68 4 15 14 13 10
 1 -98 3 15 13 10
 4 -36 5 23 21 18 16 15
 3 -33 4 21 18 16 15
 1 -85 6 23 22 21 19 18 16
 3 -79 6 23 22 21 19 18 16
 7 -10 3 18 16 15
 1 -44 5 23 22 21 20 18
 2 -27 5 23 21 20 19 18
 7 -75 3 22 19 17
 3 -55 2 24 20
 8 -51 2 24 20
 10 -38 2 25 24
 7 -62 2 25 24
 2 -47 3 27 26 25
 9 -98 3 27 26 25
 9 -88 4 32 28 27 26
 10 -93 2 27 25
 3 -61 3 32 27 26
 9 -93 4 32 30 29 28
 8 -11 3 33 30 29
 7 -78 3 41 33 30
 7 -62 3 41 33 31
 8 -46 5 41 40 36 35 34
 9 -18 1 31
 3 -63 4 40 36 35 34
 6 -35 5 41 40 39 38 37
 3 -62 3 38 37 35
 5 -15 2 38 37
 9 -14 1 39
 6 -49 1 37
 10 -1 1 42
 6 -50 1 42
 10 -100 1 42
 6 -23 1 42
 7 -12 1 42
 0 10450 0
