32
 0 -53 8 2 4 5 6 7 8 11 18
 5 -99 2 13 3
 1 -88 6 24 16 15 12 10 9
 3 -20 5 17 16 15 13 9
 5 -68 5 25 23 19 15 12
 1 -12 5 31 24 21 20 19
 6 -86 5 31 25 20 19 16
 8 -99 4 31 20 19 14
 7 -97 3 23 20 19
 10 -47 3 25 20 19
 7 -95 1 12
 9 -75 4 31 30 27 20
 9 -39 4 31 28 23 21
 4 -48 3 28 24 22
 7 -70 4 30 29 28 27
 8 -64 4 29 28 27 26
 8 -89 4 30 29 28 26
 8 -41 4 30 29 28 26
 3 -33 3 30 27 22
 5 -64 3 29 28 26
 10 -21 2 27 22
 10 -22 1 26
 3 -5 1 27
 4 -78 1 27
 9 -29 1 26
 10 -13 1 32
 2 -99 1 32
 9 -68 1 32
 7 -95 1 32
 5 -16 1 32
 7 -46 1 32
 0 8895 0
