32
 0 -65 7 2 3 5 6 7 9 14
 8 -69 2 10 4
 9 0 5 18 17 16 13 8
 8 -53 4 17 16 15 8
 1 -85 5 21 18 17 16 11
 10 -49 4 21 16 15 11
 9 0 3 21 15 12
 10 -47 3 21 19 11
 5 -37 2 15 11
 1 -71 2 19 15
 5 -96 5 31 30 24 22 20
 9 -12 5 31 30 24 22 20
 5 -52 5 31 30 24 22 20
 7 -31 4 31 23 20 18
 1 0 3 31 22 18
 4 -73 4 26 24 23 19
 2 -88 4 31 30 24 20
 2 -95 4 30 29 26 24
 2 -3 4 31 30 29 25
 4 -74 3 29 26 25
 3 -3 2 30 24
 1 -26 1 23
 4 -91 2 29 25
 8 -84 1 25
 3 -45 2 28 27
 3 -41 1 27
 7 -41 1 32
 2 -39 1 32
 9 -8 1 32
 2 -34 1 32
 2 -98 1 32
 0 7550 0
