42
 0 -90 3 2 3 4
 7 -92 5 12 11 8 6 5
 2 -5 3 11 6 5
 7 -22 3 11 10 7
 8 -67 2 10 7
 5 -28 2 10 9
 10 -52 3 15 13 9
 9 -65 2 19 10
 5 -86 5 22 19 17 16 14
 6 -75 4 18 17 15 13
 6 -15 5 22 19 17 16 15
 4 -68 5 22 18 17 16 15
 5 -33 4 22 21 20 16
 2 -33 3 23 21 18
 4 -39 4 25 23 21 20
 8 -12 5 29 27 26 25 23
 10 -45 3 29 23 20
 9 -66 3 29 25 20
 8 -100 3 26 25 21
 4 -65 2 27 26
 1 -62 2 29 24
 5 -37 3 30 29 25
 6 -38 2 31 28
 9 -36 2 31 28
 4 -43 3 36 34 31
 6 -83 1 28
 7 -18 3 41 36 31
 4 -10 2 34 30
 8 -67 2 34 31
 5 -69 4 41 37 36 32
 5 -19 2 35 32
 2 -36 1 33
 1 -22 3 40 39 38
 10 -77 3 41 40 38
 6 -10 2 39 37
 10 -79 2 39 38
 7 -76 1 38
 1 -3 1 42
 9 -13 1 42
 9 -20 1 42
 3 -54 1 42
 0 9650 0
