32
 0 -83 4 2 4 5 6
 1 -40 4 14 10 7 3
 7 -55 4 17 15 9 8
 6 -79 5 23 17 15 13 11
 6 -27 4 23 19 13 11
 7 -44 3 19 13 12
 2 -12 3 21 16 12
 3 -59 2 13 11
 9 -22 2 23 11
 8 -31 1 11
 9 -20 4 22 21 20 16
 3 -48 4 23 22 20 18
 1 -86 3 21 20 16
 5 -22 3 20 17 16
 6 -66 3 21 19 18
 9 -19 2 26 18
 9 -77 2 28 18
 6 -78 4 31 30 29 24
 2 -19 5 31 30 29 28 27
 3 -67 3 29 27 26
 8 -41 2 29 25
 7 -79 2 28 27
 7 -52 2 30 27
 6 -17 1 25
 7 -85 1 27
 9 -58 1 28
 8 -17 1 32
 4 -34 1 32
 2 -20 1 32
 5 -41 1 32
 10 -98 1 32
 0 7480 0
