42
 0 -92 4 2 3 5 6
 3 -4 3 10 8 7
 8 -5 2 7 4
 3 -66 4 16 12 11 9
 4 -28 4 16 12 11 10
 3 -78 1 7
 10 -2 4 18 16 12 11
 7 -27 3 16 12 9
 1 0 3 18 14 13
 1 -54 3 18 15 13
 7 -58 2 15 13
 1 -61 1 14
 8 -82 3 24 19 17
 8 -94 3 24 19 17
 6 -59 4 26 24 22 19
 1 -100 3 26 20 19
 7 -26 3 26 21 20
 1 -34 4 30 29 26 22
 2 -41 3 25 23 21
 6 0 3 30 29 22
 2 -72 4 32 30 29 27
 4 -62 2 27 23
 8 -22 3 34 32 28
 9 -73 2 30 27
 1 -43 3 38 31 30
 10 -38 2 34 27
 1 -73 3 38 33 31
 8 -54 3 38 33 31
 10 -17 3 34 33 31
 3 -67 4 41 37 34 33
 6 -99 4 41 37 36 35
 10 -60 3 41 40 35
 6 -79 2 40 35
 5 -45 2 40 36
 2 -59 1 39
 10 -61 1 39
 8 -48 1 39
 10 -56 1 40
 9 -67 1 42
 9 -52 1 42
 9 -86 1 42
 0 10720 0
