42
 0 -61 2 2 3
 10 -3 3 12 5 4
 2 -33 4 12 11 6 5
 1 -28 6 14 11 10 9 8 7
 9 -7 3 10 8 7
 6 -30 3 14 8 7
 5 -35 3 21 17 13
 5 -6 3 21 17 13
 7 -23 3 21 17 13
 9 -25 2 21 13
 2 -86 2 21 13
 3 -62 1 13
 5 -4 3 20 18 15
 6 -83 2 18 15
 10 -92 2 19 16
 7 -25 4 29 25 24 22
 9 -81 2 22 19
 9 -97 4 29 25 24 23
 6 -36 4 29 28 27 24
 1 -95 2 24 23
 8 -33 2 28 24
 8 -40 1 23
 2 -74 3 28 27 26
 1 -58 3 33 30 26
 9 -71 2 33 26
 3 -32 3 35 32 31
 1 -27 3 33 32 31
 5 -31 3 41 33 31
 10 -40 3 36 35 32
 8 -83 4 40 39 36 34
 9 -99 3 40 39 36
 5 -83 2 41 34
 4 -8 3 40 38 37
 4 -44 2 38 37
 10 -87 2 39 37
 6 -52 1 37
 1 -62 1 42
 2 -65 1 42
 2 -82 1 42
 1 -70 1 42
 7 -49 1 42
 0 10510 0
