32
 0 -81 7 2 3 5 6 9 10 11
 6 -23 3 8 7 4
 1 -90 4 17 13 12 8
 8 -52 6 19 17 16 15 14 13
 3 -85 3 17 16 8
 8 -14 4 19 18 15 14
 4 -59 3 19 14 13
 5 -26 5 23 21 19 18 14
 2 -74 4 23 21 18 14
 5 -22 2 15 14
 4 -87 6 31 24 23 21 20 18
 7 -5 3 21 19 16
 2 -52 4 31 23 21 18
 2 -57 4 31 24 22 20
 4 -59 5 31 30 25 23 21
 8 -45 3 31 22 20
 4 -29 2 31 20
 3 -76 4 29 28 25 22
 7 -56 4 31 30 27 24
 10 -3 5 30 29 28 27 25
 3 -9 4 29 28 27 26
 5 -35 3 30 27 26
 5 -100 3 29 27 26
 1 -87 2 28 25
 4 -96 1 26
 2 -92 1 32
 2 -58 1 32
 9 -2 1 32
 3 -17 1 32
 3 -51 1 32
 4 -95 1 32
 0 8185 0
