42
 0 -57 5 2 3 4 5 8
 4 -8 3 12 7 6
 4 -41 3 16 13 7
 8 -36 2 18 6
 3 -98 2 9 6
 7 -63 4 16 13 11 10
 9 -35 3 18 11 9
 9 -64 2 18 9
 4 -30 3 20 14 10
 2 -53 3 23 17 15
 1 -7 3 23 20 19
 2 -77 3 23 21 18
 10 -58 2 21 14
 5 -19 2 23 19
 8 -64 2 21 19
 6 -22 4 28 26 22 21
 9 -56 1 19
 6 -90 1 19
 7 -56 4 28 26 25 22
 8 -58 3 26 22 21
 10 -33 3 27 25 24
 4 -10 2 27 24
 10 -15 2 30 27
 9 -6 3 33 30 29
 1 -69 3 33 30 29
 5 -67 3 33 30 29
 10 -82 2 33 29
 9 -81 3 33 32 31
 2 -75 2 32 31
 10 -47 4 41 35 34 32
 3 -75 5 41 40 38 35 34
 3 -96 3 40 38 36
 5 -65 3 39 38 37
 5 -50 1 39
 9 -16 1 37
 9 -95 1 37
 2 -56 1 42
 10 -79 1 42
 9 -46 1 42
 7 -48 1 42
 5 -68 1 42
 0 10855 0
