42
 0 -72 5 2 3 4 6 10
 10 -70 4 13 9 7 5
 2 -50 3 8 7 5
 7 -22 3 13 8 7
 2 -29 5 21 16 15 14 12
 8 -66 5 21 16 15 14 12
 9 -66 3 21 12 11
 4 -80 1 9
 3 -45 4 21 16 15 12
 10 -41 3 15 14 13
 5 -99 3 18 15 14
 10 -40 4 20 19 18 17
 4 -57 4 21 20 18 17
 6 -31 3 20 19 17
 6 -41 2 20 17
 2 -89 2 20 17
 2 -58 3 25 23 22
 2 -21 4 30 27 25 24
 5 -81 4 30 27 26 24
 1 -14 2 27 23
 3 -58 1 22
 9 -61 3 27 26 24
 8 -34 2 30 24
 9 -43 4 38 33 29 28
 5 -14 3 38 32 28
 6 -83 4 38 37 33 32
 3 -11 3 41 37 33
 9 -71 2 37 31
 6 -34 2 32 31
 7 -56 2 32 31
 10 -18 3 41 40 34
 3 -27 3 41 40 35
 4 -1 2 40 34
 3 -95 1 35
 3 -58 1 36
 3 -59 1 39
 7 -30 1 40
 5 -25 1 39
 10 -2 1 42
 3 -56 1 42
 9 -74 1 42
 0 9910 0
