32
 0 -90 5 2 3 5 6 7
 1 -38 2 16 4
 5 -61 5 17 16 15 10 8
 4 -3 5 17 15 13 10 9
 7 -95 4 16 11 10 9
 4 -53 3 12 10 8
 4 -65 4 18 14 13 12
 6 -16 3 18 14 13
 10 -69 4 27 23 18 14
 9 -66 3 23 18 14
 8 -30 5 27 21 19 18 15
 6 -52 6 27 23 22 21 20 19
 3 -18 6 31 27 25 23 22 21
 5 -42 4 22 21 20 19
 6 -63 5 31 30 26 25 22
 9 -51 3 31 25 21
 4 -20 3 31 25 23
 2 -81 4 31 30 26 24
 9 -12 3 30 25 24
 6 -68 3 31 25 24
 6 -12 3 30 28 24
 7 -80 2 28 24
 4 -16 2 30 24
 6 -95 1 29
 3 -54 1 28
 6 -10 1 28
 6 -95 1 28
 9 -9 1 32
 10 -10 1 32
 1 -34 1 32
 9 -76 1 32
 0 7420 0
