42
 0 -76 2 2 4
 6 -99 2 11 3
 4 -7 3 8 7 6
 3 -49 1 5
 8 -29 2 12 7
 9 -37 3 13 12 9
 6 -26 2 13 9
 9 -58 2 12 10
 5 -68 2 14 10
 2 -63 4 19 17 16 15
 9 -6 3 16 15 14
 6 -76 3 21 15 14
 8 -84 2 17 16
 8 -45 3 22 19 18
 8 -63 2 22 18
 6 -72 2 21 18
 7 -48 4 30 28 24 22
 4 -2 3 26 23 20
 5 -92 6 33 30 29 28 26 24
 3 -31 4 33 30 28 24
 9 -21 5 33 29 28 27 26
 4 -33 4 33 29 26 25
 5 -89 3 34 33 25
 5 -78 2 34 25
 5 -86 3 36 31 27
 7 -82 4 41 37 36 35
 6 -29 2 35 32
 5 -57 2 41 31
 3 -41 2 35 34
 2 -90 3 39 37 36
 10 -18 2 37 35
 9 -76 3 41 39 37
 6 -18 3 40 39 37
 9 -6 2 41 37
 7 -94 2 40 39
 1 -100 2 40 38
 2 -68 1 38
 10 -63 1 42
 8 -52 1 42
 10 -63 1 42
 4 -32 1 42
 0 11135 0
