42
 0 -40 4 2 3 4 5
 9 -30 4 10 8 7 6
 4 -33 3 10 8 6
 7 -12 3 12 7 6
 10 -31 2 8 7
 7 -46 3 14 13 11
 8 -1 2 14 9
 1 -83 2 14 9
 1 -97 3 17 16 13
 5 -42 2 16 13
 5 -1 2 17 16
 7 -55 2 17 15
 9 -44 2 18 15
 3 -53 2 18 15
 1 -61 5 25 22 21 20 19
 6 -52 2 25 18
 1 -98 2 20 18
 3 -34 3 22 21 19
 7 -70 3 32 27 23
 9 -61 3 32 27 23
 9 -71 4 32 31 28 26
 9 -88 4 33 28 27 26
 9 -57 2 31 24
 3 -73 4 38 33 30 28
 1 -26 3 38 30 28
 5 -18 5 41 39 38 35 30
 4 -16 4 41 38 37 31
 3 -93 3 39 36 29
 1 -40 4 41 37 35 34
 4 -7 3 37 36 34
 6 -16 3 36 35 34
 9 -18 1 33
 8 -76 2 35 34
 7 -61 1 40
 1 -44 1 40
 6 -100 1 40
 5 -87 1 40
 7 -63 1 40
 5 -74 1 40
 1 -50 1 42
 6 -72 1 42
 0 10470 0
