42
 0 -57 5 2 3 4 7 8
 2 -35 3 11 6 5
 5 -39 2 9 5
 9 -34 4 20 14 11 9
 3 -92 4 20 14 13 12
 7 -91 4 20 14 13 12
 6 -2 3 17 13 10
 4 -64 5 24 20 17 16 15
 3 -98 2 17 13
 8 -13 2 20 14
 4 -33 1 13
 5 -59 4 24 18 17 15
 5 -37 3 24 16 15
 4 -37 4 24 21 18 15
 4 -96 2 23 19
 9 -63 2 21 18
 9 -7 3 27 22 21
 10 -43 4 29 27 25 23
 3 -77 3 29 27 22
 2 -3 2 29 22
 3 -85 3 29 26 25
 2 -49 2 26 25
 7 -84 3 37 31 26
 10 -8 2 28 25
 8 -64 5 37 35 34 31 30
 7 -41 3 35 30 28
 9 -98 3 37 35 30
 1 -59 2 34 32
 9 -58 2 37 33
 6 -53 1 32
 2 -73 1 32
 5 -84 1 33
 10 -75 3 41 38 36
 2 -3 3 41 38 36
 3 -78 2 38 36
 10 -84 2 40 39
 10 -74 1 38
 1 -81 1 39
 6 -95 1 42
 1 -81 1 42
 4 -4 1 42
 0 11555 0
