42
 0 -14 4 2 3 6 13
 10 -47 3 8 7 4
 6 -57 5 16 15 12 11 9
 5 -26 2 15 5
 2 -58 3 16 11 9
 2 -68 3 16 11 9
 1 -97 2 16 9
 9 -22 2 16 10
 2 0 1 10
 6 -4 4 21 18 17 14
 7 -42 4 21 18 17 14
 7 -26 4 21 18 17 14
 3 -96 4 21 20 18 17
 5 -84 4 24 22 20 19
 6 -19 4 24 22 20 19
 10 -35 1 17
 10 -59 2 24 19
 10 -48 1 19
 6 -81 5 32 29 27 26 23
 7 -32 4 32 29 27 23
 6 -76 4 32 31 27 25
 1 -100 3 32 27 26
 3 -74 2 31 25
 6 -73 3 33 31 28
 1 -87 2 33 28
 9 -85 2 33 30
 2 -14 1 28
 7 -90 1 30
 4 -77 1 30
 5 -29 3 36 35 34
 8 -72 3 36 35 34
 9 -97 3 36 35 34
 9 -10 4 39 38 36 35
 5 -39 4 41 39 38 37
 1 -92 2 40 37
 7 -72 1 37
 2 -22 1 42
 1 -37 1 42
 3 -100 1 42
 8 -2 1 42
 4 -72 1 42
 0 11175 0
