32
 0 -71 7 2 3 4 5 6 7 9
 8 -5 3 13 10 8
 10 -66 4 23 14 12 11
 2 0 4 23 14 12 11
 10 -59 5 23 18 15 14 12
 7 -6 2 12 8
 4 -17 3 23 14 11
 8 -76 6 26 25 23 18 17 14
 1 -95 4 26 18 15 14
 10 -100 2 19 12
 3 -39 4 26 20 18 15
 5 -14 5 26 25 20 17 16
 10 -29 2 23 15
 1 -4 4 22 20 19 16
 4 -2 3 25 22 16
 1 -77 4 31 30 24 21
 7 -89 3 24 22 21
 10 -53 5 31 30 29 27 24
 7 -46 3 29 28 27
 7 -27 1 21
 8 -26 2 29 27
 1 -48 2 30 27
 4 -74 2 28 27
 5 -20 1 28
 6 -34 1 30
 2 -83 1 27
 2 -7 1 32
 4 -86 1 32
 5 -30 1 32
 10 -19 1 32
 6 -90 1 32
 0 6960 0
