32
 0 -52 4 2 5 7 8
 4 -48 5 11 9 6 4 3
 8 -13 8 19 18 17 16 15 14 13 12
 5 -36 5 23 18 16 15 10
 6 -10 4 16 15 12 11
 9 -76 6 23 20 19 17 16 15
 10 -63 6 20 19 18 17 16 15
 7 -91 2 12 11
 8 -70 4 23 18 16 13
 4 -66 2 17 12
 3 -97 4 31 23 18 17
 5 -52 4 25 22 21 20
 7 -30 4 25 22 21 20
 10 -74 3 25 21 20
 9 -74 3 30 22 21
 8 -22 4 31 26 25 24
 8 -85 3 26 25 24
 10 -35 2 30 21
 2 -22 2 30 21
 2 -57 5 31 30 28 27 26
 3 -34 2 26 24
 8 -15 3 31 28 27
 6 -26 3 29 28 27
 5 -24 2 28 27
 2 -59 2 30 29
 10 -57 1 29
 9 -49 1 32
 8 -80 1 32
 6 -45 1 32
 6 -41 1 32
 2 -69 1 32
 0 7860 0
