42
 0 -43 4 2 3 6 8
 6 -92 2 13 4
 4 -59 3 10 9 7
 3 -76 1 5
 10 -92 3 12 10 9
 6 -82 2 10 9
 4 -12 2 12 11
 7 -3 2 12 11
 8 -75 3 22 16 11
 9 -9 3 22 16 11
 2 -58 5 20 18 17 15 14
 2 -8 6 23 22 20 19 18 16
 9 -69 4 20 18 17 14
 4 -2 5 27 26 23 21 19
 8 -51 5 27 26 23 21 19
 5 -73 4 27 26 25 21
 3 -68 3 26 25 23
 3 -3 4 28 27 25 24
 1 -17 3 28 25 24
 3 -66 2 26 24
 5 -32 2 28 24
 5 -83 2 28 24
 3 -59 1 24
 9 -44 5 37 33 32 30 29
 6 -36 5 37 33 32 30 29
 9 -94 2 32 28
 8 -30 5 37 36 33 32 30
 8 -84 3 37 30 29
 9 -59 3 36 34 31
 4 -13 2 35 31
 8 -1 4 41 40 39 38
 5 -66 3 40 39 38
 8 -39 3 40 39 38
 9 -80 1 35
 4 -85 2 39 38
 6 -56 2 40 38
 4 -1 2 41 38
 8 -26 1 42
 5 -78 1 42
 1 -2 1 42
 3 -23 1 42
 0 9745 0
