32
 0 -75 7 2 3 5 6 8 9 14
 7 -86 2 10 4
 4 -82 4 16 13 10 7
 2 -12 5 18 16 13 12 11
 4 -63 3 16 10 7
 2 -45 5 20 19 18 16 11
 6 -46 4 20 19 18 11
 9 -96 4 19 18 16 11
 8 -10 2 11 10
 7 -53 5 26 22 20 19 17
 3 -1 3 23 21 15
 3 -35 4 26 22 19 17
 2 -71 3 26 20 15
 6 -71 4 23 22 18 17
 9 -32 3 24 22 17
 9 -29 3 24 22 17
 1 -87 4 30 29 28 25
 3 -67 4 30 28 25 24
 2 -61 3 28 24 23
 8 -73 4 31 29 28 27
 4 -82 3 31 28 26
 3 -18 2 31 29
 3 -66 2 29 27
 5 -31 1 27
 5 -81 1 27
 9 -30 1 30
 5 -69 1 32
 9 -76 1 32
 10 -73 1 32
 2 -1 1 32
 1 -32 1 32
 0 8270 0
