32
 0 -76 3 2 3 6
 6 -46 3 15 8 4
 4 -6 2 5 4
 8 -26 2 10 7
 1 -45 3 15 13 9
 1 -64 2 10 9
 6 -16 2 13 9
 9 -85 4 14 13 12 11
 2 -25 3 14 12 11
 8 -64 3 13 12 11
 7 -81 4 22 20 18 16
 4 -4 4 21 20 18 16
 4 -66 4 21 20 18 16
 3 -9 3 22 21 16
 8 -85 3 20 18 16
 1 -67 2 19 17
 10 -32 4 26 25 24 23
 7 -36 4 26 25 24 23
 8 -73 3 26 24 23
 2 -51 3 26 24 23
 10 -94 3 25 24 23
 8 -17 3 26 25 23
 10 -69 3 31 30 27
 1 -20 3 31 29 27
 7 -66 3 30 29 27
 5 -73 2 29 27
 6 -38 1 28
 6 -70 1 32
 7 -28 1 32
 3 -57 1 32
 1 -95 1 32
 0 7920 0
