32
 0 -31 3 2 3 4
 4 -29 5 13 10 8 6 5
 9 -58 3 10 8 6
 9 -17 2 8 5
 8 -22 1 7
 7 -45 1 7
 7 -94 2 11 9
 10 -57 2 11 9
 8 -28 3 17 15 12
 9 -1 3 17 15 12
 5 -4 3 18 17 14
 10 -78 2 18 14
 10 -69 2 18 14
 1 -1 3 22 20 16
 5 -88 4 27 23 22 18
 6 -98 4 27 23 21 19
 6 -7 3 23 21 19
 7 -29 2 20 19
 9 -76 3 31 26 24
 6 -92 3 31 26 24
 10 -86 3 31 26 24
 7 -97 3 31 26 24
 9 -12 4 31 30 26 25
 10 -52 2 30 25
 8 -35 2 29 28
 8 -93 1 28
 2 -4 1 28
 7 -41 1 32
 10 -1 1 32
 10 -34 1 32
 10 -21 1 32
 0 7000 0
