32
 0 -84 5 2 3 4 5 6
 6 -16 4 15 12 8 7
 2 -54 2 14 7
 7 -8 5 16 14 12 11 9
 2 -37 5 16 13 12 11 9
 10 -47 3 13 10 8
 9 -21 4 16 13 11 9
 3 -84 2 11 9
 10 -1 6 28 22 20 19 18 17
 4 -88 2 23 11
 10 -61 6 28 27 24 21 20 19
 10 -12 6 28 27 24 23 21 20
 6 -99 6 28 27 24 23 21 18
 9 -75 6 28 27 25 23 21 18
 7 -32 6 28 27 25 24 21 18
 2 -18 4 25 24 23 21
 7 -63 4 30 27 24 23
 1 -97 3 31 30 26
 8 -40 3 31 30 26
 1 -46 2 30 25
 6 -52 3 31 30 29
 6 -51 3 31 30 29
 8 -82 2 31 29
 7 -55 1 26
 5 -81 1 26
 3 -98 1 29
 1 -65 1 29
 9 -11 1 30
 2 -90 1 32
 6 -92 1 32
 6 -57 1 32
 0 8585 0
