42
 0 -4 5 2 3 4 6 7
 3 -52 4 13 11 9 5
 10 -79 4 13 11 9 5
 3 -4 3 12 10 9
 5 -78 2 10 8
 8 -54 2 10 8
 7 -41 2 12 9
 10 -17 4 16 15 14 12
 7 -95 4 27 16 15 14
 4 -72 3 16 15 14
 2 -80 2 14 12
 8 -34 5 27 20 19 18 17
 7 -76 5 27 26 20 18 17
 4 -52 4 20 19 18 17
 3 -16 3 19 18 17
 2 -39 3 26 18 17
 8 -68 4 29 25 23 21
 8 -59 3 29 25 22
 7 -26 3 29 26 24
 9 -100 2 25 23
 10 -80 2 28 24
 10 -38 2 30 28
 6 -74 1 24
 1 -49 3 33 32 30
 4 -95 3 33 32 30
 6 -24 3 33 32 30
 9 -100 3 33 32 30
 4 -92 5 35 34 33 32 31
 5 -13 1 30
 7 -51 4 38 35 34 31
 3 -86 4 41 40 37 36
 6 -63 4 40 38 37 36
 9 -9 2 37 36
 5 -4 2 40 39
 5 -3 1 36
 3 -53 1 39
 4 -99 1 39
 1 -26 1 39
 8 -81 1 42
 1 -31 1 42
 10 -56 1 42
 0 10865 0
