42
 0 -7 2 2 3
 10 -100 3 6 5 4
 5 -34 3 8 6 5
 9 -84 4 12 10 8 7
 7 -59 5 14 13 12 10 9
 5 -61 5 16 14 13 12 10
 1 -64 5 19 14 13 11 9
 3 -69 4 19 18 16 15
 3 -32 3 18 16 15
 10 -28 2 19 11
 4 -40 4 21 20 18 17
 9 -90 2 18 15
 8 -82 4 26 21 20 18
 7 -52 3 21 18 17
 2 -57 5 28 26 22 21 20
 9 -58 2 20 17
 5 -95 5 28 27 26 23 22
 9 -30 4 32 28 23 22
 9 -30 3 28 24 21
 2 -25 4 32 30 27 23
 9 -96 4 32 30 27 25
 7 -58 2 30 24
 4 -78 1 24
 6 -59 1 25
 2 -26 3 35 31 29
 1 -24 3 35 31 29
 2 -44 2 35 29
 9 -42 1 29
 8 -20 5 41 39 38 34 33
 9 -65 5 41 40 39 35 34
 4 -43 4 40 39 38 34
 8 -50 3 39 35 34
 1 -40 3 40 37 36
 9 -91 2 37 36
 9 -9 2 38 36
 7 -99 1 42
 5 -59 1 42
 5 -95 1 42
 6 -58 1 42
 8 -75 1 42
 1 -62 1 42
 0 11450 0
