32
 0 -73 9 2 3 4 5 6 7 8 11 14
 10 -86 3 13 10 9
 10 -42 4 17 16 15 10
 4 -81 3 19 15 9
 6 -79 2 10 9
 3 -21 6 20 19 18 16 15 12
 8 -13 2 15 10
 7 -22 2 15 10
 8 -57 5 20 18 17 16 12
 2 -27 5 24 20 19 18 12
 5 -57 5 24 20 19 18 12
 9 -9 4 27 23 22 21
 5 -12 3 21 20 19
 8 -18 3 24 19 18
 8 -79 5 31 26 25 24 22
 2 -12 3 31 24 21
 9 -11 3 31 24 21
 1 -27 3 30 27 21
 1 -52 4 30 27 26 25
 3 -72 4 31 30 29 25
 8 -22 2 26 25
 10 -12 3 30 29 28
 8 -70 3 31 30 29
 3 -81 2 30 28
 8 -68 1 28
 10 -98 1 29
 5 -2 1 28
 3 -28 1 32
 9 -60 1 32
 8 -42 1 32
 8 -98 1 32
 0 7155 0
