42
 0 -98 3 2 3 6
 5 -71 4 10 9 8 5
 3 -94 2 8 4
 10 -12 2 17 7
 8 -39 2 17 7
 10 -34 2 17 8
 4 -56 2 16 11
 10 -66 2 16 11
 8 -67 2 17 11
 2 -32 1 11
 7 -58 2 14 12
 7 -1 2 20 13
 9 -96 2 21 15
 4 -27 3 21 20 18
 6 -48 3 25 22 18
 2 -76 2 20 18
 4 -4 2 25 18
 10 -34 2 24 19
 2 -75 4 32 29 28 23
 10 -64 3 32 28 23
 8 -83 3 32 25 23
 1 -21 5 34 32 30 28 26
 8 -1 4 37 30 27 26
 5 -27 4 34 32 28 26
 1 -84 3 37 30 26
 7 -86 3 40 35 33
 10 -95 3 36 34 33
 2 -47 2 35 31
 5 -97 2 34 31
 10 -83 1 31
 6 -51 4 41 40 38 36
 2 -97 3 40 37 36
 3 -14 3 41 39 38
 6 -7 3 40 39 38
 2 -76 2 38 36
 10 -47 1 39
 10 -24 1 38
 4 -66 1 42
 7 -50 1 42
 4 -78 1 42
 1 -74 1 42
 0 11300 0
