42
 0 -26 4 2 3 5 6
 7 -35 4 13 11 7 4
 2 -77 4 11 9 8 7
 7 -33 2 16 9
 10 -91 2 16 9
 9 -9 2 16 9
 10 -56 2 16 10
 9 -93 2 16 10
 7 -27 1 10
 2 -55 3 22 19 12
 7 -91 3 22 19 12
 7 -33 2 15 14
 10 -90 4 25 23 19 18
 4 -66 2 21 17
 5 -21 4 25 24 23 18
 6 -58 4 25 23 21 20
 4 -71 3 25 23 18
 2 -31 2 26 20
 2 -93 2 28 21
 6 -39 3 29 28 27
 7 -60 3 29 26 24
 4 -77 4 34 30 29 27
 6 -59 3 30 29 26
 5 -26 5 36 34 33 32 30
 6 -33 5 36 34 33 32 31
 9 -12 4 34 33 32 31
 4 -75 4 36 33 32 31
 8 -61 3 34 33 30
 1 -87 3 41 36 35
 7 -38 1 31
 6 -60 3 41 37 35
 8 -44 3 41 40 37
 6 -86 1 35
 5 0 1 35
 9 -80 3 40 39 38
 1 -12 2 39 37
 3 -98 1 38
 7 -25 1 42
 3 -99 1 42
 3 -72 1 42
 1 -16 1 42
 0 11075 0
