42
 0 -81 2 2 3
 4 -40 2 8 4
 9 -17 3 8 6 5
 3 -60 2 6 5
 2 -94 3 10 9 7
 9 -58 5 16 15 14 10 9
 10 -54 4 20 16 12 11
 1 -99 3 16 14 10
 7 -100 3 20 19 12
 3 -11 3 20 19 13
 7 -55 3 18 15 14
 1 -47 1 13
 2 -17 3 22 18 17
 2 -73 3 22 19 17
 8 -24 5 27 25 24 22 21
 9 -87 4 27 25 24 21
 4 -3 3 24 23 21
 2 -84 3 27 23 21
 8 -41 3 27 24 21
 4 -7 3 28 27 25
 9 -36 4 32 31 28 26
 6 -30 4 32 31 28 26
 4 -89 3 31 28 25
 7 -80 2 32 26
 2 -26 5 41 34 33 32 30
 1 -75 4 41 34 33 29
 5 -21 4 41 33 31 29
 3 -94 4 41 39 33 29
 5 -54 1 30
 4 -35 4 40 38 37 35
 9 -35 4 39 38 37 35
 2 -13 4 39 38 37 36
 5 -42 2 38 35
 9 -54 2 39 37
 4 -2 1 36
 8 -72 1 42
 4 -53 1 42
 1 -93 1 42
 4 -53 1 42
 5 -76 1 42
 5 -13 1 42
 0 10490 0
