32
 0 -3 6 2 3 4 5 7 9
 3 -48 5 15 13 12 11 8
 9 -32 6 24 19 15 13 12 10
 9 -56 2 11 6
 10 -53 4 15 13 12 8
 8 -57 6 24 19 17 15 14 12
 2 -53 4 19 15 12 10
 1 -18 6 24 21 20 18 17 14
 6 -81 3 17 13 12
 1 -32 4 21 18 17 14
 9 -53 6 25 24 22 19 18 17
 8 -34 4 30 21 20 16
 8 -73 6 31 30 25 22 21 18
 1 -5 2 30 16
 7 -44 4 31 25 22 18
 7 -77 4 31 29 25 22
 6 -56 3 30 29 23
 10 -20 3 29 28 26
 7 -81 3 30 28 26
 6 -51 2 26 25
 5 -7 1 23
 8 -20 2 28 26
 2 -88 2 28 26
 6 -45 2 28 26
 5 -58 2 28 27
 6 -98 1 27
 2 -66 1 32
 4 -61 1 32
 4 -45 1 32
 7 -2 1 32
 1 -65 1 32
 0 7410 0
