52
 0 -65 4 2 4 5 6
 7 -93 2 9 3
 10 -90 5 15 14 11 8 7
 6 -62 5 19 15 14 13 11
 7 -16 3 15 10 7
 6 -66 4 15 14 13 12
 2 -62 3 19 13 12
 9 -18 3 19 18 10
 3 -75 3 19 18 12
 5 -42 1 12
 10 -36 1 12
 7 -31 4 26 24 22 16
 10 -19 5 24 21 20 18 17
 5 -20 3 26 24 16
 5 -89 2 18 16
 2 -51 3 21 20 17
 4 -56 4 28 27 25 23
 10 -46 3 27 25 22
 5 -9 2 27 20
 6 -17 4 33 31 28 25
 6 -54 4 33 31 28 25
 3 -53 6 35 33 31 30 29 28
 5 -54 5 35 33 31 30 29
 8 -39 5 35 33 31 30 29
 6 -26 3 35 30 29
 9 -89 2 30 29
 5 -40 5 40 37 34 33 32
 5 -60 5 43 40 37 36 34
 5 -96 4 43 40 34 32
 1 -48 5 43 40 39 38 37
 3 -21 2 36 34
 5 -96 4 42 39 38 36
 7 -86 5 45 44 43 42 39
 7 -54 3 42 39 38
 10 -73 3 42 39 38
 10 -77 4 51 45 44 41
 3 -49 4 51 44 42 41
 2 -59 4 51 46 45 44
 3 -71 2 47 41
 5 -81 4 51 50 48 47
 8 -65 3 50 48 46
 4 -21 3 50 48 47
 4 -35 3 51 49 47
 1 -21 2 49 47
 3 -41 2 48 47
 9 -17 1 49
 7 -74 1 52
 4 -88 1 52
 5 -47 1 52
 7 -2 1 52
 5 -22 1 52
 0 13110 0
