42
 0 -72 8 2 3 6 7 8 9 10 12
 1 -83 6 19 18 16 14 5 4
 9 -90 4 23 18 14 11
 6 -13 5 22 21 17 15 11
 10 -29 4 23 22 21 11
 10 -3 4 21 17 14 13
 2 -29 2 18 14
 2 -9 2 17 11
 7 -40 3 26 23 13
 4 -31 1 11
 1 -15 2 26 13
 7 -55 4 29 25 20 17
 8 0 5 33 29 25 24 20
 5 -84 5 34 29 26 22 20
 1 -32 5 34 29 26 24 20
 9 -2 5 33 28 27 26 21
 5 -30 6 34 33 31 28 27 26
 8 -63 3 29 24 21
 4 -76 2 33 21
 1 -4 4 40 31 28 27
 8 -33 4 41 32 30 25
 8 -57 5 41 33 32 31 30
 7 -56 4 34 33 32 31
 5 -12 5 41 40 38 37 30
 8 -84 4 39 38 34 31
 10 -19 4 40 37 32 30
 8 -25 5 41 39 37 36 32
 8 -93 3 41 38 30
 7 -90 2 37 30
 7 -49 3 39 36 35
 8 -39 3 37 36 35
 1 -55 2 38 35
 7 -86 2 40 37
 1 -42 1 40
 6 -76 1 42
 2 -25 1 42
 10 -66 1 42
 7 -43 1 42
 8 -22 1 42
 8 -23 1 42
 5 -91 1 42
 0 9230 0
