42
 0 -98 6 2 3 6 7 8 11
 4 -93 4 18 13 12 5
 10 -77 3 17 12 4
 1 -98 6 21 20 18 16 14 10
 1 -74 3 16 10 9
 2 -61 5 25 24 18 16 9
 10 -45 5 20 19 18 17 14
 7 -96 5 21 20 18 17 16
 9 -5 6 29 23 21 20 19 17
 5 -78 5 24 23 22 19 15
 7 -100 3 21 16 14
 4 -90 6 29 28 26 23 22 19
 2 -74 3 26 22 16
 10 -65 6 34 29 28 27 24 22
 1 -10 9 40 34 33 31 30 29 28 27 25
 5 -84 6 34 33 30 29 28 23
 1 -95 5 40 34 28 27 22
 5 -68 4 33 30 29 23
 5 -31 7 41 40 34 33 32 30 27
 5 -64 6 41 39 34 31 30 28
 2 -46 4 33 32 31 26
 2 -52 4 41 33 32 30
 7 -46 4 40 32 31 27
 5 -46 3 39 31 26
 10 -49 6 41 39 38 37 36 35
 10 -57 3 40 37 30
 5 -31 5 39 38 37 36 35
 4 -81 4 38 36 35 32
 6 -28 4 39 38 36 35
 10 -39 3 38 36 35
 3 -58 2 37 36
 4 -100 1 37
 1 -63 1 39
 6 -82 1 35
 4 -11 1 42
 10 -10 1 42
 8 -76 1 42
 7 -69 1 42
 6 -39 1 42
 6 -33 1 42
 2 -21 1 42
 0 12215 0
