52
 0 -80 5 2 3 4 5 6
 4 -13 5 11 10 9 8 7
 6 -4 5 15 13 12 11 7
 1 -30 3 14 11 9
 6 -42 4 21 14 12 11
 10 -21 5 21 19 17 15 13
 8 -5 5 21 18 17 16 14
 8 -51 5 21 18 17 16 14
 3 -49 6 22 21 19 18 16 15
 10 -36 5 27 21 18 17 14
 7 -93 6 22 20 19 18 17 16
 3 -42 6 22 20 19 18 17 16
 3 -26 4 22 20 18 16
 10 -71 4 23 22 20 19
 8 -82 4 25 24 23 20
 3 -60 5 29 27 26 25 24
 3 -60 4 29 25 24 23
 1 -81 3 29 26 23
 7 -13 3 26 25 24
 6 -6 4 33 29 28 26
 6 -22 2 30 23
 5 -13 5 33 32 31 30 28
 4 -56 4 33 32 31 28
 10 -63 4 32 31 30 28
 8 -55 5 36 35 34 33 32
 5 -86 3 35 32 30
 8 -1 2 35 31
 1 -79 4 39 36 35 34
 3 -23 2 32 30
 3 -12 3 39 38 34
 6 -41 3 39 36 34
 7 -60 4 45 39 38 37
 6 -41 4 45 39 38 37
 6 -69 3 45 42 37
 7 -3 2 38 37
 8 -77 2 45 37
 6 -2 2 41 40
 8 -88 2 47 40
 2 -91 3 47 44 43
 5 -86 2 44 43
 4 -7 4 51 49 47 46
 5 -29 1 43
 4 -49 3 50 49 46
 4 -99 3 51 49 48
 1 -72 2 49 48
 3 -62 1 48
 9 -54 1 50
 6 -27 1 52
 2 -95 1 52
 6 -87 1 52
 5 -36 1 52
 0 12250 0
