42
 0 -98 10 2 3 4 5 6 7 8 9 11 21
 9 -82 6 19 17 14 13 12 10
 2 -44 6 23 20 19 16 14 10
 4 -39 6 23 19 17 16 14 10
 10 -38 6 23 19 18 17 16 14
 5 -57 6 23 19 18 17 16 14
 2 -62 4 23 19 17 10
 10 -30 4 23 16 14 10
 6 -32 4 23 18 17 15
 3 -17 3 26 18 15
 6 -29 5 32 26 24 22 18
 1 -15 4 41 28 26 15
 5 -71 3 26 23 15
 1 -76 3 41 26 15
 4 -69 4 32 30 24 22
 8 -40 7 41 40 33 32 31 26 25
 9 -78 3 41 26 22
 9 -97 7 41 40 33 31 30 28 25
 2 -19 6 40 33 32 31 26 25
 9 -46 4 31 30 28 24
 2 -55 4 33 31 30 24
 5 -51 4 40 33 31 25
 1 -26 4 41 33 30 25
 8 -49 3 40 27 25
 6 -22 5 39 38 36 35 29
 1 -36 3 37 35 30
 3 -95 3 39 37 36
 2 -74 3 38 35 34
 2 -86 2 37 34
 3 -84 2 36 34
 3 -90 2 35 34
 10 -52 2 36 34
 4 -56 1 35
 9 -65 1 42
 9 -5 1 42
 8 -83 1 42
 2 -77 1 42
 7 -21 1 42
 9 -74 1 42
 2 -43 1 42
 7 -64 1 42
 0 11235 0
