42
 0 -100 7 2 3 4 5 7 8 10
 4 -21 5 18 15 14 9 6
 6 -9 4 18 15 14 6
 7 -7 4 15 14 11 6
 7 -80 8 29 23 21 18 16 14 13 11
 8 -97 7 29 23 20 17 16 13 12
 10 -31 6 29 21 20 17 13 12
 6 -45 4 21 16 14 13
 3 -40 3 21 17 13
 4 -51 3 26 21 13
 3 -17 7 30 28 27 26 20 19 17
 7 -37 7 30 28 27 26 25 24 22
 1 -28 6 30 28 27 25 24 19
 9 -26 5 28 27 26 19 17
 1 -79 5 36 29 27 26 24
 8 -1 4 28 27 24 22
 5 -2 3 37 31 22
 4 -90 4 36 35 33 27
 1 -62 2 31 22
 3 -14 2 31 22
 2 -79 6 37 35 34 33 32 30
 9 -29 6 41 36 35 34 33 32
 5 -64 6 37 36 35 34 33 32
 4 -11 4 41 35 34 32
 10 -98 4 41 36 34 32
 9 -82 3 38 37 31
 5 -94 2 34 31
 8 -44 3 37 34 32
 8 -69 3 37 34 33
 2 -74 4 41 40 39 38
 2 -36 2 41 32
 3 -54 2 40 39
 4 -90 2 39 38
 8 -50 1 38
 3 -19 1 38
 6 -93 1 38
 7 -85 1 39
 10 -55 1 42
 4 -65 1 42
 3 -27 1 42
 7 -21 1 42
 0 10380 0
