52
 0 -81 7 2 3 4 5 7 8 12
 9 -63 6 19 18 15 11 9 6
 1 -98 6 18 16 15 13 11 9
 10 -97 6 21 19 18 15 13 9
 4 -6 7 25 24 21 20 19 17 10
 7 -72 5 24 21 17 14 13
 6 -5 7 32 28 26 24 23 20 17
 1 -29 2 28 11
 1 -14 5 38 32 23 17 14
 1 -92 3 29 14 13
 5 -82 8 32 30 29 25 24 22 21 20
 10 -73 7 42 30 26 24 23 22 20
 1 -39 8 42 38 33 32 28 27 23 22
 10 -60 8 42 40 33 31 30 28 27 26
 1 -44 5 42 32 31 25 24
 3 -83 8 42 41 40 33 31 30 29 26
 5 -35 5 42 34 30 29 22
 5 -55 5 40 33 32 31 26
 2 -52 4 38 34 32 22
 1 -80 5 40 36 33 31 27
 5 -42 3 40 33 26
 5 -90 7 51 50 41 40 37 36 35
 6 -18 6 51 49 48 40 37 34
 9 -32 5 49 38 37 36 33
 8 -15 5 51 49 41 40 34
 7 -71 5 51 49 48 37 34
 10 -98 5 51 50 41 37 35
 7 -71 4 51 49 48 34
 7 -74 5 51 50 49 37 36
 2 -1 6 51 50 49 48 45 39
 10 -11 3 51 37 35
 10 -15 3 50 39 35
 9 -13 4 50 48 45 39
 6 -52 2 50 36
 6 -46 5 49 48 47 45 43
 8 -99 2 45 39
 6 -35 4 47 46 45 43
 9 -19 3 48 46 40
 1 -1 3 47 46 43
 5 -90 2 45 44
 6 -40 2 48 44
 3 -75 2 49 44
 9 -45 1 44
 2 -87 1 52
 2 -89 1 52
 3 -79 1 52
 4 -13 1 52
 9 -61 1 52
 4 -14 1 52
 10 -15 1 52
 9 -89 1 52
 0 13300 0
