42
 0 -17 5 2 3 4 7 8
 8 -85 6 17 15 12 9 6 5
 9 -85 5 15 12 11 9 5
 10 -3 6 16 15 14 13 12 11
 6 -52 7 26 22 20 18 14 13 10
 1 -67 6 22 20 18 16 11 10
 2 -100 6 20 19 18 15 14 11
 2 -28 7 26 22 21 20 19 15 14
 2 -84 3 20 14 13
 9 -45 9 32 30 29 28 27 25 23 21 19
 10 -42 8 32 30 29 28 27 25 23 21
 10 -27 6 32 30 29 25 22 18
 6 -51 6 30 28 27 25 21 19
 9 -45 5 32 29 27 25 24
 2 -4 5 41 32 30 27 23
 6 -22 5 41 32 30 28 21
 7 -34 5 41 32 30 23 21
 6 -64 3 41 28 24
 9 -54 3 41 40 24
 3 -83 4 41 40 31 30
 3 -46 2 40 24
 6 -84 2 40 24
 3 -67 1 24
 1 -56 3 39 33 31
 1 -24 6 40 39 38 37 36 34
 2 -9 4 38 36 35 32
 4 -39 2 38 31
 2 -99 5 40 39 37 36 35
 8 -17 4 41 40 36 34
 3 -26 4 39 38 37 36
 6 -38 3 37 36 34
 5 -27 3 40 39 37
 6 -73 2 38 34
 5 -41 1 35
 3 -53 1 42
 1 -60 1 42
 4 -52 1 42
 7 -55 1 42
 8 -6 1 42
 2 -95 1 42
 9 -64 1 42
 0 10115 0
