42
 0 -73 10 2 3 4 5 6 7 9 11 14 16
 1 -11 8 27 21 20 19 18 15 13 12
 10 -9 7 27 21 19 15 13 12 10
 10 -86 6 20 19 13 12 10 8
 3 -10 4 19 15 12 8
 6 -100 5 29 27 26 20 17
 10 -67 3 29 27 12
 1 -56 6 29 27 26 23 22 18
 6 -1 5 29 26 22 19 18
 5 -56 5 29 26 23 22 18
 4 -50 5 29 26 23 22 18
 8 -2 3 26 25 17
 7 -100 7 30 28 26 25 24 23 22
 9 -38 7 30 27 26 25 24 23 22
 2 -55 6 30 28 25 24 23 22
 5 -22 6 30 26 25 24 23 22
 3 -3 5 30 28 24 23 22
 9 -83 6 41 35 30 28 25 24
 10 -93 5 41 31 30 24 23
 4 -69 5 31 30 25 24 23
 1 -79 4 33 31 29 23
 9 -47 6 41 40 35 33 32 31
 5 -80 4 40 35 34 32
 5 -90 4 40 36 33 32
 5 -78 3 37 34 33
 9 -66 3 37 34 33
 10 -52 3 40 33 32
 9 -93 2 40 32
 8 -99 2 40 32
 9 -37 3 40 39 36
 5 -58 2 39 34
 6 -24 2 39 37
 9 -97 2 39 38
 1 -19 1 36
 2 -34 1 36
 4 -25 1 38
 4 -89 1 38
 3 -50 1 42
 6 -62 1 42
 2 -67 1 42
 2 -58 1 42
 0 11440 0
