52
 0 -92 6 2 3 4 5 7 8
 10 -43 4 13 10 9 6
 2 -88 3 13 9 6
 5 -29 3 15 13 9
 10 -7 2 15 9
 10 -39 3 15 12 11
 2 -7 3 15 12 11
 7 -42 4 19 18 15 12
 6 -46 2 12 11
 9 -97 2 15 11
 5 -6 6 23 22 21 19 18 16
 9 -9 2 17 14
 2 -87 5 23 22 21 18 16
 7 -38 4 23 22 21 16
 6 -51 3 23 21 16
 4 -36 5 27 26 25 24 20
 6 -9 3 26 24 20
 2 -27 5 32 30 29 27 25
 3 -3 4 32 30 29 27
 2 -27 3 32 30 29
 10 -11 3 29 28 25
 4 -87 3 34 32 27
 4 -15 3 32 31 28
 1 -35 6 39 36 35 34 33 32
 1 -2 4 35 34 33 31
 8 -97 2 31 28
 7 -88 1 28
 2 -28 4 39 36 35 33
 9 -61 2 33 31
 8 -98 5 45 40 39 35 34
 3 -18 4 44 39 38 36
 3 -90 5 45 44 42 40 38
 1 -22 4 44 42 40 37
 1 -44 3 44 42 37
 6 -60 5 46 44 43 42 41
 5 -62 4 46 45 43 42
 8 -8 1 38
 7 -11 3 46 43 41
 10 -93 3 46 43 41
 8 -99 2 46 41
 7 -69 4 51 50 49 47
 9 -50 4 51 49 48 47
 4 -47 2 50 47
 1 -54 2 49 47
 7 -71 2 48 47
 10 -2 1 48
 3 -65 1 52
 8 -81 1 52
 3 -29 1 52
 6 -84 1 52
 8 -28 1 52
 0 11960 0
