52
 0 -25 4 2 3 5 6
 9 -50 2 7 4
 9 -17 4 15 12 10 8
 4 -78 4 18 14 12 9
 8 -37 2 9 7
 10 -53 2 11 10
 4 -61 3 18 15 10
 7 -40 5 19 18 17 14 13
 7 -4 4 19 17 15 13
 3 -43 3 19 17 13
 9 -45 3 23 18 15
 3 -3 5 28 23 21 19 17
 2 -28 3 21 20 16
 8 -13 6 28 26 25 24 21 20
 5 -12 5 26 25 24 21 20
 8 -90 6 32 28 26 25 24 23
 4 -49 3 26 25 20
 10 -27 3 28 25 21
 3 -36 1 20
 6 -100 2 32 22
 4 -89 2 32 22
 2 -62 3 34 31 27
 8 -39 3 34 31 27
 8 -36 2 34 27
 5 -59 4 39 33 30 29
 9 -31 4 41 34 33 31
 6 -59 3 33 30 29
 5 -43 3 39 30 29
 1 -2 6 44 41 40 38 37 35
 4 -65 5 41 40 38 37 35
 6 -65 5 44 40 39 37 35
 7 -86 5 41 40 38 37 35
 7 -34 3 40 37 35
 1 -74 3 40 38 36
 1 -80 1 36
 8 -76 4 48 47 43 42
 3 -62 3 47 43 42
 1 -25 3 48 47 42
 5 -45 3 48 43 42
 9 -66 2 47 42
 2 -86 1 42
 6 -62 4 51 50 46 45
 7 -40 2 51 49
 8 -98 2 50 49
 2 -16 1 49
 9 -57 1 49
 1 -77 1 50
 4 -45 1 49
 8 -48 1 52
 8 -32 1 52
 8 -22 1 52
 0 12460 0
