42
 0 -75 9 2 3 4 5 6 8 11 12 15
 8 -38 4 21 14 9 7
 8 -30 3 28 21 9
 6 -9 4 28 24 21 10
 6 -57 6 27 24 23 21 17 16
 10 -70 5 24 23 21 19 18
 8 -44 4 28 23 17 13
 8 -42 3 23 18 13
 6 -41 2 24 10
 5 -35 4 31 23 19 17
 8 -49 4 24 22 21 18
 1 -33 5 33 31 28 23 19
 4 -45 5 31 27 24 22 20
 8 -28 4 31 30 22 18
 5 -54 5 33 31 30 29 19
 1 -61 5 33 31 30 28 22
 3 -40 3 29 22 20
 8 -79 6 37 33 32 28 27 25
 3 -85 2 27 22
 5 -30 5 37 33 32 30 26
 1 0 6 37 36 35 31 30 29
 3 -89 4 37 36 32 25
 4 -68 3 36 30 26
 9 -14 3 41 36 29
 5 -26 1 26
 1 -24 5 41 40 39 35 34
 3 -68 4 41 40 39 35
 2 -5 1 29
 10 -76 3 40 39 34
 4 -36 3 40 39 38
 3 -16 3 41 39 38
 1 -83 2 39 34
 3 -11 1 36
 9 -16 1 38
 6 -20 1 38
 8 -100 1 38
 6 -5 1 38
 6 -51 1 42
 3 -8 1 42
 1 -76 1 42
 4 -6 1 42
 0 8715 0
