42
 0 -34 9 2 3 4 5 6 8 10 11 15
 3 -97 4 17 14 12 7
 7 -24 5 17 16 14 12 9
 2 -35 5 20 17 16 13 12
 9 -70 5 20 19 17 16 12
 3 -71 3 17 16 9
 4 -63 3 20 16 13
 6 -37 6 29 21 20 19 18 16
 2 -85 6 29 26 21 20 19 18
 1 -60 4 21 19 18 16
 2 -85 4 21 19 18 16
 7 -42 7 29 28 26 25 23 21 18
 1 -97 5 29 23 21 19 18
 3 -9 6 29 27 26 23 22 20
 1 -74 4 29 25 23 18
 4 -16 6 38 27 26 24 23 22
 1 -14 5 28 26 25 24 23
 10 -84 6 41 38 30 27 24 22
 6 -67 5 30 28 25 24 22
 8 -16 7 41 40 38 35 34 30 24
 4 -33 7 41 40 39 38 36 35 27
 5 -40 8 40 39 37 36 35 33 32 31
 4 -26 5 41 40 37 35 30
 1 -12 4 39 37 36 32
 3 -97 4 37 35 34 33
 6 -30 4 36 35 34 33
 5 -41 3 34 33 32
 10 -20 3 38 34 32
 2 -92 3 35 33 32
 7 -1 2 33 32
 3 -10 1 34
 4 -32 1 42
 10 -49 1 42
 6 -1 1 42
 10 -11 1 42
 1 -25 1 42
 10 -1 1 42
 4 -67 1 42
 2 -52 1 42
 2 -67 1 42
 9 -48 1 42
 0 9175 0
