52
 0 -17 4 2 3 4 5
 3 -49 3 11 8 6
 7 -90 4 11 10 9 7
 10 -91 3 10 9 8
 1 -82 4 14 13 10 9
 1 -75 1 7
 6 -8 4 17 15 14 13
 8 -4 3 15 14 12
 3 -46 4 19 17 16 15
 2 -46 3 19 17 16
 9 -88 3 19 16 15
 9 -84 1 13
 10 -83 4 26 22 19 16
 5 -50 4 26 22 19 16
 5 -1 4 26 22 21 18
 4 -18 2 21 18
 3 -23 5 26 24 23 22 21
 6 -45 3 25 24 20
 4 -74 4 35 32 30 24
 3 -53 3 35 27 23
 2 -57 5 35 30 29 28 27
 8 0 5 32 30 29 28 27
 7 -82 4 32 31 30 28
 3 -53 3 34 28 27
 3 -51 4 37 34 33 31
 10 -6 4 40 36 35 33
 8 -55 3 40 33 31
 3 -75 3 40 37 33
 10 -50 2 34 33
 9 -65 2 40 33
 4 -94 3 46 38 36
 2 -33 2 37 34
 8 -51 6 51 46 43 41 39 38
 9 -71 5 46 44 43 40 38
 7 -70 5 46 43 41 39 38
 9 -82 5 51 43 42 41 39
 4 -18 5 51 50 45 43 42
 4 -53 4 50 49 45 42
 9 -63 4 50 49 45 44
 6 -92 5 51 50 49 48 47
 4 -7 4 50 49 48 47
 6 -86 2 48 47
 7 -61 2 49 47
 4 -53 2 48 47
 1 -76 1 47
 3 -77 1 47
 5 -36 1 52
 6 -68 1 52
 6 -25 1 52
 7 -64 1 52
 1 -24 1 52
 0 13625 0
