52
 0 -24 11 2 3 4 5 6 7 9 10 14 15 19
 7 -63 4 25 17 13 8
 1 -26 4 22 21 20 11
 8 -16 4 21 18 17 12
 7 -79 2 13 8
 10 -88 3 22 20 11
 1 -13 3 25 20 11
 4 -90 2 20 11
 7 -83 2 20 11
 6 -39 5 26 25 20 18 16
 6 -15 4 26 23 18 16
 10 -58 4 29 26 23 16
 5 -52 4 36 32 23 20
 3 -50 4 36 32 20 18
 4 -19 5 36 31 29 24 23
 8 -88 7 42 36 35 34 31 27 24
 2 -53 4 41 36 30 20
 2 -83 8 41 34 33 31 30 29 28 27
 2 -91 6 41 32 31 30 28 27
 6 -8 7 42 35 34 33 31 29 27
 1 -58 7 49 42 41 35 32 31 30
 6 -4 7 42 41 38 35 33 29 27
 1 -26 5 41 33 30 28 27
 10 -52 7 51 48 41 38 37 32 30
 7 -45 5 41 38 35 34 27
 6 -5 8 51 50 46 42 41 37 36 34
 6 -4 5 50 47 46 39 37
 1 -25 5 48 46 42 39 35
 3 -28 8 50 49 48 47 46 45 44 40
 7 -57 5 50 47 46 44 40
 1 -95 3 48 47 38
 5 -90 1 33
 3 -75 3 46 45 39
 10 -22 3 48 45 39
 8 -8 4 51 47 45 43
 2 -45 4 49 47 44 43
 8 -77 3 49 45 40
 8 -84 3 46 44 43
 2 -25 2 44 43
 6 -91 1 43
 5 -41 1 45
 10 -71 1 44
 7 -29 1 52
 6 -61 1 52
 8 -95 1 52
 1 -31 1 52
 5 -21 1 52
 7 -97 1 52
 8 -45 1 52
 3 -31 1 52
 4 -63 1 52
 0 12695 0
