42
 0 -14 5 2 4 5 6 10
 10 -21 1 3
 3 -43 5 14 13 12 9 8
 7 -65 3 13 8 7
 8 -48 3 13 12 9
 8 -48 1 7
 7 -26 3 14 12 11
 2 -17 2 15 11
 5 -17 2 15 11
 7 -39 2 15 11
 10 -2 2 18 16
 5 -63 2 23 15
 5 -82 2 23 15
 10 -64 4 27 23 20 17
 4 -48 3 27 18 17
 4 -90 3 27 23 17
 9 -32 3 22 21 19
 5 -30 2 22 20
 4 -93 4 31 29 26 24
 3 -30 2 26 24
 4 -93 2 29 24
 3 -73 2 31 25
 1 -83 2 28 25
 9 -57 1 25
 6 -85 4 37 33 32 30
 5 -25 3 33 32 28
 5 -28 3 32 30 28
 6 -18 4 41 37 36 34
 9 -89 3 37 34 33
 7 0 3 41 36 34
 3 -47 4 41 40 36 35
 10 -3 4 41 40 39 35
 7 -79 2 36 35
 7 -33 2 40 35
 10 -55 1 38
 8 -41 1 39
 9 -40 1 38
 6 -69 1 42
 3 -73 1 42
 9 -6 1 42
 5 -2 1 42
 0 9355 0
