42
 0 -12 7 2 3 4 6 7 8 9
 9 -65 3 13 11 5
 10 -44 2 13 5
 10 -33 5 27 17 14 12 10
 3 -47 5 22 18 17 14 10
 2 -71 5 27 22 18 17 10
 10 -100 5 27 22 17 11 10
 6 -84 5 19 18 15 14 13
 1 -88 4 27 22 17 10
 2 -14 6 35 34 20 19 16 15
 3 -59 6 35 34 21 20 19 16
 7 -3 6 35 34 22 19 16 15
 1 -62 6 28 27 25 22 20 17
 10 -87 5 35 30 28 26 20
 8 -33 5 32 28 26 24 21
 3 -15 6 41 32 30 29 26 25
 7 -33 6 41 34 33 30 26 24
 1 -84 7 41 40 39 33 31 30 29
 6 -14 3 41 28 24
 7 -66 2 31 23
 1 -52 3 41 29 25
 8 -21 5 41 39 33 30 29
 2 -85 2 33 24
 8 -28 3 40 39 29
 5 -62 4 40 39 38 33
 4 -38 3 40 36 31
 5 -83 2 40 30
 3 -73 3 39 37 33
 9 -45 3 38 37 36
 2 -69 3 38 37 36
 4 -68 2 38 37
 7 -56 2 37 36
 7 -28 1 36
 4 -77 1 36
 4 -44 1 41
 4 -29 1 42
 6 -25 1 42
 7 -14 1 42
 9 -69 1 42
 5 -37 1 42
 3 -19 1 42
 0 10180 0
