52
 0 -92 8 2 3 4 5 6 8 9 10
 2 -19 3 17 13 7
 5 -77 3 13 12 11
 8 -94 3 13 12 11
 8 -92 3 23 13 12
 7 -18 3 23 13 12
 2 -28 3 20 14 11
 6 -16 3 23 19 12
 9 -76 4 23 20 19 14
 5 -39 1 11
 1 -74 4 23 19 16 15
 6 -97 3 20 15 14
 7 -7 5 31 28 21 20 19
 1 -77 2 18 16
 8 -15 3 25 22 18
 8 -46 4 31 28 24 21
 3 -68 4 31 28 25 21
 2 -9 4 31 28 27 24
 1 -26 2 24 22
 8 -50 2 25 22
 10 -10 1 22
 3 -3 3 33 27 26
 7 -19 3 32 31 25
 5 -1 4 36 33 30 29
 6 -68 2 33 27
 1 -20 3 36 35 29
 3 -83 3 36 34 30
 1 -84 3 37 36 33
 3 -58 3 39 34 32
 2 -95 5 44 40 39 38 37
 5 -83 2 39 34
 4 -84 5 44 43 40 38 37
 3 -47 2 41 35
 5 -66 5 44 43 41 40 38
 3 -65 4 44 43 40 38
 3 -73 3 41 39 38
 2 -13 3 51 46 41
 7 -76 4 51 49 46 42
 5 -18 2 43 42
 5 -49 3 49 46 42
 3 -99 2 49 42
 4 -6 3 50 48 45
 6 -53 3 51 49 47
 5 -82 2 48 45
 7 -83 1 47
 2 -39 1 47
 4 -2 1 52
 1 -76 1 52
 1 -97 1 52
 4 -10 1 52
 9 -89 1 52
 0 13355 0
