52
 0 -31 7 2 3 4 5 6 12 17
 6 -15 4 22 11 8 7
 6 0 7 29 18 16 15 13 9 8
 10 -86 8 29 22 18 16 15 14 13 9
 7 -58 6 29 18 16 15 14 9
 9 -97 6 29 22 21 19 14 10
 4 -28 8 42 29 27 24 19 18 15 14
 5 -68 8 42 33 27 26 24 23 19 14
 7 -97 9 42 33 28 27 26 23 21 20 19
 9 -2 9 42 33 28 27 26 25 24 23 18
 10 0 7 33 30 29 25 24 21 16
 10 -88 6 42 30 29 27 26 22
 5 -18 5 35 31 28 27 19
 2 -97 5 31 30 28 25 20
 9 -96 5 33 28 26 25 21
 9 -34 4 42 35 31 28
 2 -67 4 35 32 31 28
 3 -16 7 41 39 37 36 35 32 30
 5 -88 3 32 30 25
 10 -11 7 41 39 38 37 36 35 32
 3 -68 8 50 41 39 38 37 36 35 34
 6 -84 4 39 35 32 31
 9 -72 7 51 50 41 39 38 36 34
 5 -29 7 50 49 41 39 38 37 35
 1 -100 6 50 41 39 37 36 34
 1 -52 4 47 39 36 31
 5 -69 9 50 49 48 47 44 41 38 37 36
 4 -6 6 51 50 41 39 36 34
 10 -72 3 41 37 32
 7 -31 4 51 50 38 34
 8 -19 6 50 49 46 44 38 37
 9 -28 3 50 45 34
 7 -49 7 49 48 47 46 45 44 40
 5 -41 6 49 48 47 46 44 40
 10 -68 5 48 47 46 44 40
 4 -3 3 46 45 43
 2 -96 2 51 40
 2 -91 2 45 40
 7 -81 2 48 44
 6 -46 1 43
 9 -71 1 45
 8 -48 1 47
 5 -2 1 52
 3 -14 1 52
 7 -13 1 52
 1 -36 1 52
 9 -100 1 52
 8 -64 1 52
 4 -14 1 52
 3 -61 1 52
 10 -78 1 52
 0 13015 0
