42
 0 -69 3 2 3 11
 9 -90 5 22 10 8 5 4
 5 -6 4 12 8 6 4
 4 -100 2 9 7
 1 -67 5 23 15 14 12 9
 6 -7 8 24 23 21 20 18 17 16 14
 2 -33 7 24 23 21 20 17 15 14
 5 -42 6 26 23 19 16 15 13
 2 -74 5 26 19 18 17 13
 10 -2 5 26 24 19 18 13
 9 -42 4 26 20 18 14
 10 -16 4 26 19 17 16
 7 -8 6 31 30 29 28 25 20
 8 -90 5 30 29 28 27 19
 1 -41 5 31 29 28 25 18
 4 -28 5 41 31 30 28 25
 8 -61 4 41 30 27 25
 10 -50 7 41 40 35 34 33 32 30
 9 -82 3 41 31 25
 9 -44 4 41 35 33 27
 8 -5 3 41 27 26
 6 -60 6 41 40 38 34 32 30
 8 -77 3 40 35 27
 5 -62 5 40 38 34 33 32
 10 -30 4 40 39 35 32
 2 -18 4 40 38 37 34
 6 -28 3 39 34 32
 8 -85 3 34 33 32
 5 -16 2 38 32
 4 -55 3 39 37 36
 9 -87 2 38 34
 3 0 2 37 36
 5 -36 2 37 36
 1 -94 1 36
 8 -86 1 38
 9 -45 1 42
 5 -27 1 42
 10 -37 1 42
 6 -1 1 42
 1 -1 1 42
 2 -42 1 42
 0 9220 0
