52
 0 -74 5 2 3 4 5 6
 8 -6 6 14 13 12 11 9 7
 7 -97 6 19 18 13 12 11 10
 3 -8 4 18 15 14 8
 7 -52 4 14 13 11 7
 3 -38 4 18 15 13 11
 6 -16 3 19 18 10
 9 -70 3 19 13 10
 1 -39 4 24 19 17 16
 8 -56 4 24 23 17 16
 2 -94 4 24 23 17 16
 6 -59 2 16 15
 3 -66 3 26 24 16
 3 -99 3 24 23 16
 9 -43 7 28 27 24 23 22 21 20
 7 -34 5 28 27 22 21 20
 10 -97 3 27 26 20
 6 -46 3 30 27 21
 10 -23 2 23 21
 3 -17 3 31 30 25
 3 -27 2 31 25
 7 -6 2 31 25
 1 -18 3 33 30 29
 9 -87 5 37 34 33 32 30
 1 -7 3 36 33 29
 8 -12 4 37 33 32 30
 6 -40 2 36 29
 5 -87 3 37 34 31
 5 -4 3 37 34 32
 5 -27 4 41 39 36 35
 9 -42 1 32
 2 -99 3 41 39 35
 2 -25 2 41 35
 8 -17 3 42 41 38
 1 0 2 42 38
 9 -20 2 42 38
 7 -61 4 47 45 42 40
 1 -32 4 47 45 44 40
 3 -4 2 44 40
 10 -21 3 51 49 43
 5 -17 4 51 49 48 46
 2 -93 2 51 44
 8 -28 2 48 46
 5 -3 2 49 48
 2 -59 2 49 48
 8 -83 1 50
 10 -60 1 50
 10 -20 1 52
 1 -97 1 52
 4 -99 1 52
 1 -49 1 52
 0 11390 0
