52
 0 -36 3 2 3 6
 8 -42 2 17 4
 4 -64 3 10 9 5
 4 -10 4 14 11 10 7
 2 -22 4 16 15 13 8
 6 -53 6 17 16 15 14 13 12
 7 -10 2 12 9
 7 -53 4 18 17 14 12
 7 -73 3 20 16 15
 1 -40 3 18 16 13
 5 -97 4 21 20 18 16
 4 -87 5 28 24 23 20 19
 1 -100 4 24 21 20 19
 10 -51 4 27 23 21 19
 7 -65 3 27 21 18
 1 -18 4 28 27 24 19
 8 -46 4 30 27 22 21
 6 -16 2 23 22
 8 -65 2 25 22
 10 -23 4 36 30 27 26
 1 -59 3 36 29 28
 1 -41 2 36 26
 8 -15 2 36 25
 2 -81 1 26
 10 -46 3 34 32 30
 8 -68 2 31 29
 9 -22 3 34 32 31
 9 -15 3 34 32 31
 8 -29 3 35 34 32
 7 -10 2 43 31
 5 -14 2 35 33
 2 -40 3 43 38 37
 5 -99 3 42 40 37
 5 -12 4 51 42 41 40
 3 -80 2 39 38
 7 -98 2 40 37
 10 -30 4 51 50 45 41
 8 -89 4 51 49 48 42
 7 -99 2 47 41
 10 -87 3 49 45 44
 4 -30 3 49 48 44
 8 -2 3 50 47 44
 7 -95 2 48 46
 2 -80 1 46
 4 -29 1 47
 9 -21 1 52
 5 -46 1 52
 3 -47 1 52
 4 -17 1 52
 3 -54 1 52
 3 -32 1 52
 0 12290 0
