52
 0 -58 5 2 3 4 5 6
 3 0 7 15 14 13 11 10 9 8
 9 -36 6 20 15 14 11 10 7
 8 -96 6 20 16 15 13 10 7
 3 -6 5 20 14 11 10 9
 6 -84 3 20 14 9
 7 -70 1 9
 3 -18 6 26 25 20 19 18 17
 9 -35 2 25 12
 4 -90 2 25 12
 2 -1 2 25 12
 10 -63 4 26 19 18 17
 5 -84 7 31 27 26 25 24 22 21
 3 -14 4 27 22 21 19
 9 -7 5 31 25 24 22 21
 3 -82 5 31 25 24 22 21
 7 -77 4 31 27 22 21
 4 -62 3 31 27 22
 8 -54 3 31 24 23
 5 -97 4 32 31 30 29
 9 -90 2 32 23
 5 -90 3 35 32 28
 2 -39 2 30 29
 7 -33 2 30 29
 7 -15 2 30 29
 6 -78 2 30 29
 8 -90 2 33 29
 5 -65 1 30
 2 -69 4 42 37 35 34
 8 -4 3 36 34 33
 8 -98 3 40 36 33
 10 -60 2 36 33
 9 -28 4 42 39 38 37
 6 -98 3 43 40 39
 2 -49 1 36
 3 -7 2 41 38
 3 -70 3 51 43 41
 2 -89 3 51 45 43
 9 -93 4 51 50 45 44
 10 -80 2 51 41
 10 -39 4 50 49 46 45
 3 -51 4 50 49 46 45
 2 -67 2 50 44
 8 -78 3 49 48 46
 9 -24 2 48 47
 9 -61 1 47
 10 -6 1 52
 4 -31 1 52
 9 -80 1 52
 7 -78 1 52
 3 -2 1 52
 0 13980 0
