42
 0 -57 7 2 3 4 6 8 10 13
 6 -55 6 21 20 11 9 7 5
 7 -18 5 23 19 16 14 12
 4 -84 7 26 21 19 18 17 16 15
 6 -51 6 23 19 17 16 15 14
 4 -15 4 23 21 17 12
 2 -4 6 35 23 19 17 15 14
 9 -5 4 35 19 14 12
 6 -100 3 19 14 12
 8 -36 5 35 23 22 15 14
 4 -28 4 35 18 17 14
 2 -95 5 26 25 22 18 15
 10 -90 3 29 22 14
 10 -18 7 34 31 28 27 26 25 24
 2 -80 8 34 33 32 31 29 28 27 24
 9 -7 8 35 34 33 31 30 28 27 25
 2 -10 4 33 32 29 22
 1 -34 7 34 33 32 31 28 27 24
 7 -96 3 33 32 22
 1 -42 5 31 29 28 25 24
 3 -35 5 35 33 32 31 24
 1 -11 4 34 31 28 24
 9 -26 4 34 32 31 30
 2 -64 4 39 38 37 30
 7 -59 3 38 36 32
 9 -55 3 41 38 33
 9 -88 3 41 38 36
 3 -91 2 37 36
 5 -16 2 38 37
 5 -4 1 36
 9 -42 1 36
 3 -5 1 37
 1 -25 1 36
 2 -1 1 39
 7 -48 1 36
 6 -30 1 40
 7 -6 1 41
 5 -40 1 40
 8 -18 1 41
 6 -93 1 42
 1 0 1 42
 0 8410 0
