52
 0 -39 7 2 3 4 5 7 8 10
 4 -4 4 17 12 11 9
 4 -4 2 12 6
 6 -76 3 17 11 9
 8 -74 3 12 11 9
 4 -60 2 11 9
 8 -77 4 17 16 15 13
 2 -60 6 30 19 17 16 15 14
 7 -28 3 16 15 13
 4 -99 5 30 19 16 15 14
 6 -55 4 30 19 16 14
 1 -74 4 30 19 15 14
 5 -68 3 30 19 14
 6 -67 5 25 23 22 21 20
 6 -52 5 25 23 22 21 20
 1 -55 3 23 21 18
 7 -37 3 26 23 22
 4 -83 2 25 20
 10 -48 4 32 28 27 26
 5 0 2 26 24
 6 -22 2 27 24
 4 -65 4 33 32 28 27
 1 -21 1 24
 10 0 6 38 34 33 32 29 28
 3 -6 2 28 27
 7 -76 6 38 37 34 33 31 29
 2 -38 4 38 37 34 29
 9 -61 3 40 37 31
 6 -20 4 40 39 36 35
 5 -88 4 40 39 38 36
 9 -98 3 39 36 35
 1 -33 4 43 41 40 39
 9 -47 2 40 36
 4 -62 4 45 43 41 39
 7 -97 6 51 50 45 43 42 41
 7 -63 5 51 50 43 42 41
 1 -53 3 44 43 39
 1 -76 3 51 45 41
 10 -34 3 51 50 42
 4 -24 4 50 48 46 45
 2 -9 3 49 46 44
 7 -4 3 49 47 46
 9 -60 2 47 46
 5 -17 1 48
 5 -71 1 47
 2 -19 1 52
 10 -78 1 52
 3 -26 1 52
 2 -11 1 52
 6 -25 1 52
 1 -5 1 52
 0 11845 0
