52
 0 -62 5 2 4 7 8 13
 4 -99 1 3
 4 -39 4 10 9 6 5
 3 -55 3 16 11 9
 9 -54 3 16 12 11
 7 -37 3 16 15 12
 3 -6 3 14 12 11
 6 -36 3 15 14 11
 2 -60 3 25 17 14
 9 -47 2 18 11
 4 -72 5 25 23 20 19 17
 2 -77 5 25 23 20 19 17
 9 -78 1 15
 5 -45 4 23 21 19 18
 10 -94 4 25 23 21 18
 6 -82 4 25 23 21 18
 10 -51 5 30 28 24 22 21
 7 -68 3 26 24 20
 5 -11 4 30 28 26 22
 2 -74 3 30 28 22
 5 -93 3 33 27 26
 8 -9 3 33 29 27
 3 -35 5 36 33 32 31 30
 2 -18 3 34 33 27
 7 -65 8 42 37 36 35 34 33 32 31
 1 -23 3 36 35 29
 7 -39 6 42 37 36 35 32 31
 5 -85 6 36 35 34 33 32 31
 9 -8 5 42 37 34 32 31
 2 -9 4 42 37 35 34
 9 -57 5 47 44 41 40 38
 2 -9 5 47 41 40 39 38
 7 -56 4 47 41 40 39
 4 -60 5 47 46 44 43 40
 5 -56 3 40 39 38
 9 -93 3 47 41 38
 6 -7 5 51 46 43 41 40
 6 -50 3 51 46 43
 2 -5 3 50 46 43
 7 -23 2 50 45
 10 -27 2 50 45
 5 -29 2 50 45
 5 -17 1 45
 6 -87 1 45
 1 -95 2 49 48
 10 -24 2 49 48
 5 -7 2 51 48
 8 -75 1 52
 1 -32 1 52
 5 -33 1 52
 5 -34 1 52
 0 12035 0
