42
 0 -68 5 2 3 5 7 12
 4 -12 6 14 13 11 8 6 4
 4 -87 4 17 11 10 8
 10 -35 5 22 21 18 10 9
 2 -37 5 21 20 17 16 10
 6 -94 6 41 25 19 18 17 15
 2 -21 2 21 10
 9 -32 8 41 27 25 24 23 22 20 19
 8 -79 6 41 27 25 20 19 15
 1 -79 5 41 27 25 19 15
 4 -76 4 25 24 21 16
 7 -69 4 25 23 19 14
 3 -85 5 41 31 30 25 18
 3 -87 4 41 31 30 18
 3 -75 7 32 31 30 29 26 24 23
 5 -3 3 31 23 18
 8 -21 5 32 31 30 29 23
 2 -28 5 34 29 28 27 26
 5 -38 5 34 33 32 29 28
 10 -92 5 36 34 32 31 26
 3 -32 3 34 30 27
 5 -44 5 35 34 32 30 28
 10 -46 4 40 35 34 28
 2 -8 5 40 39 36 35 33
 8 -57 3 40 32 28
 1 -35 4 40 39 35 33
 9 -71 3 35 33 32
 8 -37 3 39 37 36
 7 -4 3 40 39 35
 9 -92 3 40 37 36
 7 -70 2 35 33
 8 -5 3 39 38 37
 4 -48 2 38 37
 5 -47 2 38 37
 3 -55 1 37
 2 -35 1 38
 4 -41 1 42
 4 -36 1 42
 1 -94 1 42
 1 -26 1 42
 8 -25 1 42
 0 10130 0
