52
 0 -62 4 2 3 5 7
 4 -75 4 9 8 6 4
 10 -81 4 12 10 9 6
 6 -31 6 16 14 13 12 11 10
 6 -10 4 13 11 10 8
 2 -61 4 16 14 13 11
 5 -56 4 19 16 13 10
 5 -5 4 19 15 14 12
 8 -34 4 19 18 14 13
 1 -34 4 21 18 17 15
 5 -56 4 21 19 18 15
 8 -34 3 21 20 18
 1 -11 4 26 25 21 20
 5 -79 2 26 17
 4 -58 4 27 26 25 20
 1 -97 2 27 18
 6 -16 3 27 25 20
 5 -51 4 26 25 24 22
 2 -46 2 27 20
 5 -60 3 30 24 22
 1 -36 4 30 27 24 23
 7 -60 2 31 23
 8 -27 4 39 35 29 28
 2 -61 4 39 35 32 29
 1 -66 6 43 39 35 34 33 32
 9 -58 3 35 33 30
 2 -63 5 43 39 38 34 33
 8 -71 4 43 38 34 33
 3 -18 3 43 34 33
 9 -8 4 43 42 39 34
 10 -73 5 44 43 42 41 37
 1 -91 4 42 40 38 37
 8 -76 3 42 37 36
 6 -63 3 51 44 41
 5 -43 2 51 38
 10 -13 2 47 40
 2 -16 4 51 47 46 45
 3 -48 2 47 41
 2 -86 2 51 41
 1 -70 1 41
 7 -60 2 46 45
 6 -24 2 46 45
 5 -2 2 47 45
 9 -46 2 47 46
 2 -20 2 50 49
 5 -7 2 49 48
 10 -50 1 48
 7 -86 1 52
 5 -79 1 52
 6 -85 1 52
 7 -94 1 52
 0 12785 0
