52
 0 -62 7 2 3 4 5 6 8 9
 1 -91 10 22 21 20 18 17 16 15 14 13 7
 2 -47 7 21 17 15 14 13 12 10
 9 -56 6 25 22 20 18 14 11
 8 -92 3 14 13 7
 7 -35 6 26 22 20 19 18 10
 10 -39 4 31 19 12 10
 2 -47 4 24 19 18 12
 6 -31 2 19 10
 6 -65 9 33 32 30 29 28 27 25 24 23
 8 -20 7 33 30 29 26 24 23 21
 2 -41 8 33 30 29 28 27 26 25 23
 6 -70 8 34 33 31 30 29 28 27 25
 7 -35 4 33 32 31 19
 3 -33 6 39 33 30 27 26 25
 8 -29 6 42 34 32 29 28 27
 6 -55 3 32 27 24
 8 -28 7 43 42 39 35 34 31 29
 6 -51 6 43 42 39 34 29 27
 4 -67 6 43 42 39 33 29 27
 4 -59 6 51 43 42 34 31 27
 10 -57 6 42 36 35 34 33 28
 6 -75 8 50 43 42 41 39 37 36 35
 8 -99 6 50 42 39 36 35 34
 10 -6 7 50 47 42 41 38 37 36
 3 -17 5 47 42 38 36 34
 6 -11 6 50 48 41 38 37 35
 1 -3 7 49 48 47 41 40 39 38
 2 -11 5 50 47 41 37 36
 9 -39 5 51 43 41 37 35
 6 -81 6 49 47 41 40 38 36
 2 -53 4 48 43 37 35
 1 -45 6 50 49 48 47 44 41
 8 -2 3 48 41 37
 4 -100 3 47 46 40
 6 -38 4 48 46 45 44
 2 -68 2 49 40
 5 -9 3 46 45 44
 8 -11 3 51 46 44
 2 -15 2 45 44
 9 -67 2 46 45
 1 -94 2 48 44
 2 -39 2 47 44
 5 -39 1 52
 8 -27 1 52
 10 -37 1 52
 3 -47 1 52
 8 -50 1 52
 9 -37 1 52
 4 -75 1 52
 6 -48 1 52
 0 11765 0
