42
 0 -82 6 2 5 6 8 9 11
 5 -53 3 12 4 3
 5 -58 3 13 10 7
 3 -3 7 24 23 22 17 16 15 14
 4 -31 6 24 18 16 15 14 12
 9 -51 6 24 22 21 20 16 12
 4 -71 4 22 16 15 14
 6 -34 3 28 17 16
 5 -7 6 30 28 25 22 19 18
 3 -13 5 30 28 21 19 18
 5 -85 5 30 28 20 19 18
 5 -65 6 31 30 28 25 23 19
 9 -16 5 31 24 23 21 19
 7 -55 5 37 31 29 28 21
 5 -74 4 30 29 26 20
 2 -48 3 31 25 19
 9 -33 3 37 30 18
 8 -10 6 40 36 31 29 27 26
 7 -81 5 37 36 29 27 26
 3 -47 6 37 36 35 31 27 25
 6 -27 5 36 33 27 26 25
 2 -75 4 41 37 33 26
 2 -35 5 40 36 33 32 27
 6 -3 4 41 39 37 33
 5 -24 4 41 40 39 34
 9 -33 2 35 32
 6 -28 3 41 39 34
 5 -76 3 41 40 34
 1 -8 2 39 33
 7 -47 2 39 33
 4 -52 1 32
 1 -52 2 39 34
 1 -7 1 34
 7 -78 1 38
 4 -67 1 38
 3 -21 1 38
 8 -4 1 40
 2 -37 1 42
 4 -78 1 42
 5 -70 1 42
 10 -89 1 42
 0 9140 0
