42
 0 -86 5 2 3 4 7 9
 5 -81 3 12 10 5
 6 -64 6 23 17 15 12 11 8
 10 -6 5 15 13 12 11 10
 2 -99 4 17 15 11 6
 1 -87 6 23 22 20 18 16 14
 8 -11 4 22 20 17 15
 1 -21 3 16 14 13
 2 -46 3 24 13 12
 9 -21 4 35 23 20 14
 4 -52 3 22 20 14
 2 -60 6 34 30 29 22 20 18
 8 -21 8 34 33 30 29 27 22 21 20
 3 -3 6 33 29 28 24 21 19
 5 -10 4 29 24 21 18
 10 -54 4 35 33 21 19
 1 -95 6 35 32 29 27 26 25
 1 -78 3 33 32 19
 1 -77 3 27 26 25
 7 -100 3 40 28 25
 7 -88 4 41 40 32 26
 4 -85 3 38 35 25
 8 -89 5 41 39 38 34 31
 3 -35 4 38 34 32 30
 10 -67 4 41 39 37 31
 10 -95 4 39 38 37 31
 4 -50 3 40 37 36
 1 -32 2 38 32
 6 -24 2 37 36
 7 -43 2 40 36
 3 -13 1 36
 3 -47 1 36
 10 -90 1 39
 10 -31 1 37
 3 -73 1 37
 3 -53 1 42
 8 -17 1 42
 6 -2 1 42
 8 -5 1 42
 8 -52 1 42
 8 -4 1 42
 0 10335 0
