52
 0 -100 11 2 3 4 5 6 7 10 11 12 16 18
 8 -81 6 24 23 21 17 14 8
 10 -27 6 25 23 21 20 14 13
 6 -28 4 25 23 14 13
 3 -97 4 22 19 14 13
 1 -18 3 24 13 9
 6 -18 5 27 23 22 19 13
 1 -41 5 31 25 22 19 15
 6 -54 3 31 17 14
 5 -5 7 31 30 29 28 27 24 23
 9 -3 4 27 24 17 15
 7 -63 4 28 23 22 19
 3 -26 4 37 31 28 17
 1 -43 2 27 15
 6 -75 7 51 35 32 30 29 28 26
 4 -80 3 29 27 23
 7 -79 6 51 35 32 30 29 26
 5 -20 6 51 35 32 29 28 26
 5 -23 5 51 35 30 29 26
 4 -82 5 51 37 32 28 26
 3 -77 4 32 31 29 26
 4 -53 9 51 50 49 41 37 36 34 33 32
 5 -4 3 51 32 26
 1 -100 7 51 49 41 37 35 33 32
 9 -48 4 48 36 32 28
 2 -100 8 50 49 42 41 38 36 34 33
 2 -70 6 51 50 38 37 36 33
 6 -5 6 50 49 42 41 38 34
 3 -75 5 49 48 42 38 36
 5 -65 4 44 41 36 33
 5 -54 3 42 35 33
 10 -5 3 46 45 38
 4 -57 4 48 47 43 39
 6 -63 4 46 45 43 40
 7 -20 4 48 44 43 39
 9 -61 3 47 43 39
 5 -76 3 47 43 42
 3 -47 2 43 40
 7 -90 2 46 45
 7 -82 2 47 44
 6 -33 2 46 45
 7 -88 1 44
 1 -76 1 52
 1 -3 1 52
 7 -98 1 52
 1 -35 1 52
 1 -84 1 52
 8 -9 1 52
 10 -17 1 52
 5 -98 1 52
 8 -7 1 52
 0 13315 0
