42
 0 -30 7 2 3 4 5 6 7 10
 7 -67 9 22 20 18 17 15 14 13 12 9
 9 -7 7 22 18 17 16 15 12 11
 5 -84 5 22 17 12 11 9
 1 -96 5 18 16 12 11 8
 10 -18 4 31 22 18 11
 5 -44 5 23 22 17 16 13
 8 -42 4 31 23 22 13
 9 -23 5 41 24 23 21 16
 3 -8 5 41 21 20 19 17
 5 -39 3 23 20 13
 9 -77 7 41 31 27 24 23 21 19
 6 -64 5 41 27 24 21 19
 2 -5 5 41 31 27 21 19
 3 -37 5 31 27 25 23 19
 3 -67 4 31 27 25 19
 9 -7 6 31 30 29 27 25 24
 2 -88 4 39 27 26 24
 3 -87 6 40 37 36 29 28 26
 5 -92 5 39 30 29 27 25
 6 -85 4 40 39 28 25
 6 -10 9 41 40 39 38 36 35 34 33 30
 6 -88 6 39 37 36 34 30 28
 1 -86 5 38 37 36 34 28
 4 -53 7 38 37 36 35 34 33 32
 2 -53 5 38 35 34 33 30
 2 -16 4 37 36 33 32
 2 -52 3 35 33 32
 9 -38 3 34 33 32
 2 -67 1 32
 6 -85 1 39
 3 -73 1 42
 9 -25 1 42
 2 -60 1 42
 3 -29 1 42
 5 -34 1 42
 7 -22 1 42
 4 -87 1 42
 6 -86 1 42
 3 -33 1 42
 2 -5 1 42
 0 10345 0
