42
 0 -3 6 2 4 5 6 7 8
 10 -83 3 14 9 3
 9 -52 9 31 23 19 18 16 15 13 12 11
 6 -63 8 20 19 17 16 15 14 10 9
 1 -34 9 31 24 23 20 19 17 16 15 10
 3 -86 7 31 24 23 20 19 15 10
 1 -27 4 28 23 12 9
 7 -70 5 26 25 20 16 14
 7 -98 7 36 31 26 25 24 22 21
 4 -68 5 30 28 26 21 18
 4 -45 4 28 25 24 17
 7 -86 4 36 26 25 20
 8 -16 3 25 21 17
 8 -25 5 31 28 27 23 22
 4 -52 4 36 30 22 21
 7 -82 3 28 22 21
 4 -4 6 36 35 32 30 27 22
 3 -76 4 36 27 25 22
 6 -28 3 36 22 21
 8 -63 2 22 21
 5 -92 4 41 35 32 27
 8 -60 4 41 39 34 29
 1 -89 4 40 34 32 30
 7 -83 4 41 35 34 30
 1 -16 3 35 32 29
 9 -99 4 41 40 39 32
 7 -75 3 39 34 29
 4 -78 4 40 36 34 33
 8 -28 2 40 33
 9 -83 2 39 33
 8 -20 2 40 33
 8 -46 1 33
 8 -38 2 38 37
 3 -60 1 37
 4 -45 1 39
 4 -45 1 37
 4 -88 1 42
 9 -27 1 42
 2 -66 1 42
 3 -8 1 42
 9 -76 1 42
 0 11415 0
