52
 0 -5 4 2 4 7 9
 1 -15 3 12 5 3
 5 -82 5 18 11 10 8 6
 10 -100 4 18 11 10 6
 10 -66 4 18 17 14 8
 8 -25 3 17 14 13
 10 -48 5 24 20 18 17 14
 5 -98 3 16 15 13
 8 -16 4 23 20 17 14
 10 -68 3 20 15 14
 9 -36 5 24 23 21 20 19
 5 -13 2 16 15
 4 -77 4 24 23 21 20
 3 -8 2 19 16
 4 -79 2 23 19
 10 -55 3 25 22 21
 5 -28 3 25 22 21
 2 -50 1 19
 10 -44 2 25 22
 9 -6 2 27 22
 2 -38 5 32 29 28 27 26
 1 -63 5 32 31 29 28 26
 2 -69 5 33 32 29 28 27
 1 -82 3 33 28 25
 3 -5 2 32 27
 9 -49 3 35 33 30
 5 -23 2 31 30
 2 -79 2 35 30
 9 -43 1 30
 8 -76 5 41 38 37 36 34
 9 -47 4 41 38 36 35
 10 -10 5 51 43 41 39 37
 5 -8 5 51 43 41 40 39
 9 -22 5 51 45 44 43 39
 1 -56 5 51 46 43 42 40
 7 -29 3 51 40 39
 9 -77 3 50 49 40
 7 -49 5 50 49 48 46 44
 1 -83 3 48 46 42
 1 -99 2 45 44
 5 -72 2 45 44
 9 -29 3 50 49 47
 4 -67 3 49 48 47
 8 -11 1 47
 4 -37 1 48
 9 -56 1 47
 3 -85 1 52
 10 -44 1 52
 8 -13 1 52
 8 -12 1 52
 8 -13 1 52
 0 11825 0
