42
 0 -99 7 2 3 5 6 7 10 12
 7 -14 7 20 18 14 13 11 8 4
 3 -8 10 29 24 23 20 19 18 16 15 14 11
 5 -98 8 41 31 24 22 21 17 16 15
 6 -29 6 38 29 23 21 18 11
 5 -83 10 41 40 36 31 29 27 25 21 19 14
 2 -51 8 41 31 28 22 21 20 17 15
 9 -77 1 9
 4 -87 9 38 31 29 28 27 25 23 22 21
 9 0 6 40 28 21 16 15 14
 5 -46 8 41 39 37 34 28 27 26 22
 10 -13 5 37 36 27 25 14
 6 -80 10 41 40 38 36 35 34 30 28 27 26
 1 -3 6 39 38 35 34 30 26
 8 -66 5 38 36 34 30 27
 6 -83 3 37 34 25
 4 -97 6 39 36 35 34 33 32
 1 -84 4 40 36 31 30
 10 -83 4 34 30 28 26
 9 -37 5 37 35 34 33 32
 5 -55 3 34 30 26
 2 -41 4 40 36 35 32
 3 -19 4 39 37 33 32
 7 -37 4 38 34 33 32
 9 -20 3 35 33 30
 10 -6 2 33 32
 1 -92 2 33 32
 3 -89 2 33 32
 4 -48 2 37 34
 2 -81 1 32
 6 -59 1 34
 8 -32 1 42
 3 -89 1 42
 5 -42 1 42
 4 -10 1 42
 4 -44 1 42
 2 -41 1 42
 3 -44 1 42
 6 -5 1 42
 7 -33 1 42
 7 -61 1 42
 0 10430 0
