42
 0 -48 9 2 3 4 5 6 7 9 10 12
 5 -34 6 22 19 17 16 15 13
 4 -35 6 22 19 18 17 16 15
 10 -29 6 22 19 18 17 16 15
 8 -84 5 20 19 18 17 11
 5 -14 4 20 18 15 8
 6 -90 3 23 20 14
 10 -39 4 29 23 22 16
 7 -81 4 29 21 18 15
 1 -48 3 23 19 16
 8 -76 6 29 27 26 23 22 21
 6 -81 6 29 27 25 23 22 20
 10 -13 5 29 27 23 21 20
 6 -74 2 19 16
 6 -20 6 40 34 33 27 25 23
 3 -16 4 41 27 26 21
 3 -28 8 41 40 34 33 29 28 25 24
 10 -75 7 40 34 31 28 27 26 24
 9 -52 7 40 33 30 29 28 27 24
 1 -72 6 41 40 34 31 28 26
 8 -97 5 34 33 28 25 24
 9 -68 6 40 34 33 30 28 24
 3 -77 5 41 31 30 28 24
 6 -15 5 39 38 37 35 32
 7 -33 2 31 30
 1 -79 3 37 33 30
 2 -7 4 39 38 36 35
 9 -11 3 38 35 32
 2 -60 1 31
 7 -96 2 38 35
 8 -90 2 37 36
 5 -5 1 36
 5 -62 1 35
 7 -14 1 37
 5 -75 1 42
 1 -43 1 42
 8 -64 1 42
 4 -60 1 42
 7 -55 1 42
 7 -79 1 42
 6 -22 1 42
 0 10605 0
