42
 0 -59 14 2 3 4 5 6 7 8 9 11 12 14 16 17 19
 7 -90 6 27 25 24 15 13 10
 2 -61 7 30 29 27 25 23 22 18
 8 -40 3 29 23 13
 4 -51 6 30 29 26 22 21 20
 6 -21 5 33 29 26 25 15
 4 -38 8 35 32 31 29 26 24 22 20
 4 -22 7 31 29 27 26 23 22 20
 3 -56 7 32 31 29 26 24 23 20
 5 -28 6 41 30 29 26 22 21
 8 -41 6 35 32 31 29 26 20
 1 -45 6 34 31 30 24 22 20
 10 -65 5 41 34 30 22 18
 2 -82 7 41 38 33 32 31 29 23
 9 -91 4 41 32 23 21
 9 -11 6 41 35 34 32 31 28
 6 -25 5 38 35 32 29 27
 9 -6 6 40 39 33 32 31 26
 3 -17 4 41 40 38 29
 8 -48 5 41 40 39 38 33
 5 -43 4 39 38 35 31
 6 -16 4 40 38 37 33
 3 -26 4 40 39 37 35
 4 -17 4 41 40 39 33
 1 -47 3 39 36 31
 1 -54 3 38 37 36
 9 -32 3 41 40 37
 5 -39 3 39 38 36
 2 -28 2 37 34
 2 -91 2 38 32
 10 -54 1 37
 7 -87 1 36
 9 -61 1 36
 9 -50 1 36
 10 -24 1 36
 6 -76 1 42
 6 -83 1 42
 1 -46 1 42
 3 -43 1 42
 5 -42 1 42
 1 -9 1 42
 0 9325 0
