42
 0 -81 6 2 3 5 6 7 8
 4 -21 5 19 18 11 9 4
 7 -13 7 23 18 17 13 12 10 9
 1 -41 8 23 22 21 20 17 16 14 13
 5 -75 8 22 21 20 18 17 16 14 13
 3 -24 4 24 17 13 9
 4 -41 5 23 22 16 15 14
 2 -34 4 24 22 19 15
 2 -40 3 22 16 15
 10 -51 3 24 21 15
 4 -10 3 24 22 21
 9 -40 4 32 24 22 20
 7 -94 2 28 15
 4 -15 5 31 29 27 26 24
 9 -95 5 31 29 27 26 25
 9 -84 8 40 39 36 32 31 29 28 27
 7 -25 6 36 32 31 29 28 25
 4 -90 6 41 40 39 31 28 26
 7 -9 6 41 40 39 31 28 26
 8 -43 7 40 39 36 31 30 29 27
 8 -62 5 40 39 35 31 26
 2 -30 5 40 39 30 29 27
 7 -70 5 40 39 31 30 27
 1 -80 3 40 39 28
 10 -17 6 41 40 39 35 34 33
 4 -98 4 36 34 32 30
 2 -59 5 41 38 35 34 33
 8 -98 3 35 34 30
 7 -70 4 41 38 35 33
 2 -28 2 38 33
 6 -38 1 34
 3 -42 1 33
 10 -29 1 37
 9 -16 1 37
 8 -90 1 37
 6 -56 1 38
 10 -97 1 42
 4 -20 1 42
 6 -31 1 42
 8 -19 1 42
 8 -10 1 42
 0 9930 0
