52
 0 -72 7 2 3 4 6 7 8 9
 1 -84 5 23 19 12 11 10
 5 -80 5 23 19 18 12 11
 10 -43 1 5
 6 -96 4 23 19 18 11
 1 -94 4 23 19 18 11
 3 -75 3 23 11 10
 1 0 3 23 18 11
 1 -65 5 23 19 16 14 13
 2 -72 4 18 16 14 13
 6 -49 3 16 14 13
 2 -23 3 16 14 13
 3 -37 2 17 15
 3 -45 2 21 15
 1 -6 2 22 20
 9 -52 1 17
 2 -51 1 20
 2 -89 1 20
 7 -89 1 20
 10 -56 4 30 26 25 24
 10 -42 4 30 26 25 24
 1 -62 5 33 32 28 27 26
 8 -86 4 33 29 28 26
 7 -8 7 38 36 34 33 32 31 28
 10 -88 5 33 31 29 28 27
 7 -22 5 41 38 36 34 31
 6 -44 5 41 39 37 36 35
 2 -87 4 41 39 37 35
 10 -90 3 41 35 32
 2 -53 5 51 41 40 38 37
 8 -42 2 37 35
 5 -10 3 51 40 37
 7 -31 2 46 35
 10 -1 2 39 37
 9 -13 3 51 42 40
 7 -88 5 51 50 46 45 42
 3 -12 4 50 46 45 42
 9 -32 2 43 42
 6 -62 5 51 49 48 45 44
 7 -23 2 48 43
 4 -34 2 45 42
 10 -47 3 49 48 44
 10 -44 3 50 45 44
 4 -61 1 47
 8 -27 1 47
 10 -53 1 48
 1 -34 1 52
 4 -89 1 52
 6 -17 1 52
 7 -14 1 52
 3 -19 1 52
 0 12565 0
