52
 0 -18 7 2 3 4 5 6 8 10
 6 -41 4 16 14 9 7
 2 0 8 23 20 18 17 16 15 12 11
 9 -10 6 21 20 17 15 13 11
 5 -39 7 25 23 20 18 17 16 12
 4 -69 6 27 23 21 17 16 13
 6 -21 4 23 17 12 11
 4 -72 10 38 37 34 31 30 28 27 25 24 22
 8 -67 9 38 37 31 30 28 25 24 22 21
 3 -86 7 38 31 24 22 21 19 17
 1 -89 9 38 37 31 30 29 28 25 24 22
 5 -16 6 38 35 31 27 22 19
 2 -78 6 38 31 29 25 22 19
 6 -15 4 30 22 20 17
 4 -76 6 37 30 28 27 25 22
 2 -48 8 38 37 35 34 30 29 28 26
 6 -89 6 42 35 34 32 29 26
 1 -6 6 42 37 35 32 30 26
 7 -35 8 44 43 42 40 37 36 32 30
 4 -10 6 40 38 37 36 35 32
 10 -33 5 42 40 35 34 29
 8 -71 2 42 26
 10 -40 8 50 44 43 42 41 40 37 33
 2 -99 6 44 42 40 39 36 35
 9 -45 5 42 40 36 35 33
 7 -50 6 44 43 41 40 36 33
 2 0 3 43 42 29
 1 -18 4 44 42 41 32
 4 -27 4 50 44 41 33
 2 -95 3 50 41 33
 3 -40 7 51 50 49 48 46 44 43
 3 -77 2 50 33
 7 -67 4 51 48 47 39
 5 -53 4 49 46 44 43
 2 -85 3 49 43 41
 8 -38 4 51 50 48 45
 10 -100 4 49 48 47 45
 7 -67 2 50 42
 10 -72 3 49 46 45
 8 -25 3 47 46 45
 6 -99 2 46 45
 10 -81 2 48 45
 1 -40 1 47
 4 -1 1 45
 2 -43 1 52
 1 -77 1 52
 2 -94 1 52
 9 -12 1 52
 6 -23 1 52
 7 -99 1 52
 8 -54 1 52
 0 13050 0
