52
 0 -25 4 2 3 4 6
 3 -69 5 12 11 10 8 5
 9 -59 5 13 12 11 10 9
 7 -30 3 14 11 7
 6 -56 4 15 14 13 9
 10 -24 4 14 13 11 9
 10 -51 3 13 10 9
 3 -74 3 19 14 13
 1 -27 4 23 20 18 17
 3 -86 4 23 20 19 16
 5 -78 3 23 17 16
 6 -93 3 23 19 14
 2 -56 3 23 20 16
 10 -2 1 16
 4 -69 4 27 22 21 19
 2 -21 3 25 22 21
 4 -63 4 27 24 21 19
 9 -52 3 26 25 22
 10 -51 4 35 29 28 26
 10 -51 3 35 27 24
 1 -31 3 29 28 26
 1 -49 2 28 24
 2 -69 2 28 26
 1 -13 6 34 33 32 31 30 29
 6 -51 3 35 32 27
 4 -92 5 34 33 32 31 30
 9 -90 3 34 31 30
 8 -91 3 37 33 32
 10 -22 5 51 39 38 37 36
 9 -81 4 51 38 37 36
 10 -90 4 51 39 38 36
 2 -88 3 40 38 36
 3 -66 3 51 39 38
 4 -64 2 40 36
 6 -74 2 40 38
 1 -54 6 46 45 44 43 42 41
 9 -50 6 46 45 44 43 42 41
 9 -24 5 46 45 44 42 41
 2 -56 5 46 45 44 43 41
 3 -4 5 51 50 48 47 46
 1 -13 4 50 49 48 47
 9 -85 3 49 48 47
 5 -61 3 49 48 47
 10 -98 2 50 47
 8 -31 2 48 47
 1 -29 1 49
 8 -18 1 52
 3 -98 1 52
 6 -43 1 52
 3 -1 1 52
 3 -1 1 52
 0 13370 0
