42
 0 -69 7 2 3 5 7 8 9 13
 10 -90 4 22 17 11 4
 2 -41 6 27 22 19 16 11 10
 8 -68 4 18 15 14 6
 1 -9 5 27 19 18 16 10
 5 -23 7 27 25 23 21 19 16 12
 8 -73 3 25 16 10
 2 -71 7 23 22 21 20 17 16 15
 7 -68 5 27 23 21 15 12
 4 -73 5 23 21 20 17 15
 4 -85 3 25 15 12
 8 -5 4 33 26 24 20
 3 -32 3 24 23 22
 10 -1 2 25 20
 3 -24 4 33 30 28 26
 1 -39 4 32 30 26 24
 1 -53 4 33 30 28 26
 7 -38 3 28 26 24
 4 -26 3 30 28 26
 9 -30 4 40 31 29 28
 10 -86 3 32 29 24
 6 -36 3 31 29 28
 10 -87 4 40 39 31 29
 1 -10 6 40 39 36 35 34 31
 4 -39 3 40 32 30
 5 -51 3 40 39 29
 8 -72 3 39 33 32
 8 -20 3 39 36 32
 3 -4 3 36 35 34
 9 -54 3 41 39 35
 9 -48 3 41 38 37
 2 -10 2 37 34
 7 -42 2 40 38
 3 -60 1 38
 10 -91 1 37
 4 -77 1 37
 5 -37 1 42
 6 -55 1 42
 1 -88 1 42
 8 -26 1 42
 4 -66 1 42
 0 9885 0
