52
 0 -96 6 2 3 4 5 6 8
 7 -81 4 17 11 10 7
 10 -20 3 17 14 9
 5 -28 3 14 11 9
 6 -18 4 17 16 12 10
 3 -39 2 17 9
 6 -90 1 9
 1 -75 1 9
 3 -90 3 19 16 12
 5 -94 2 19 13
 4 -67 1 12
 6 -56 1 13
 2 -49 3 21 20 15
 4 -98 3 20 19 16
 4 -64 4 32 23 22 18
 2 -15 4 32 23 22 18
 6 -67 5 32 27 26 22 21
 1 -4 5 28 27 26 25 24
 2 -22 5 32 28 27 25 24
 7 -97 4 32 28 27 24
 2 -16 2 28 24
 1 -49 4 39 33 30 28
 6 -31 4 39 33 31 28
 4 -47 4 35 33 31 29
 1 -50 4 39 37 33 30
 5 -49 3 39 37 30
 9 -85 2 37 30
 8 -31 4 42 37 35 34
 5 -15 5 42 41 40 39 34
 6 -44 3 42 35 34
 4 -58 3 41 40 34
 9 -62 3 41 39 34
 7 -30 5 44 42 41 40 38
 8 -43 2 38 36
 3 -37 3 44 41 40
 5 -77 3 45 44 43
 4 -36 3 44 43 41
 1 -62 3 47 46 43
 2 -52 4 51 49 47 46
 3 -51 2 47 43
 10 -43 4 51 50 49 47
 4 -58 4 51 50 49 47
 10 -94 4 51 50 49 48
 5 -22 2 49 46
 10 -41 2 49 47
 3 -47 2 50 48
 8 -54 1 48
 10 -60 1 52
 1 -60 1 52
 4 -87 1 52
 9 -7 1 52
 0 13340 0
