52
 0 -8 4 2 3 5 8
 8 -39 3 13 7 4
 5 -96 3 10 7 6
 5 -22 4 17 14 10 9
 10 -45 3 13 12 7
 8 -56 3 14 12 9
 6 -90 2 14 9
 10 -49 2 14 9
 2 -16 3 21 15 11
 2 -20 3 18 16 12
 3 -46 3 20 18 16
 4 -77 4 22 21 20 19
 5 -46 4 23 22 21 19
 4 -31 4 28 27 24 20
 4 -68 5 28 27 26 24 23
 5 -65 3 26 22 19
 4 -82 3 24 23 19
 4 -59 3 26 24 22
 3 -22 5 31 30 28 27 25
 3 -45 4 30 29 26 23
 3 -47 3 31 26 24
 6 -48 3 31 28 25
 7 -77 2 31 25
 9 -47 3 33 30 29
 9 -84 5 42 36 34 33 32
 1 -99 4 42 36 33 32
 4 -94 3 42 35 29
 8 -77 5 42 39 38 37 36
 6 -58 3 39 36 34
 5 -63 2 39 32
 8 -24 4 42 39 37 36
 1 -99 2 45 35
 3 -10 5 45 44 41 39 37
 8 -45 5 51 45 44 38 37
 2 -52 4 44 41 38 37
 8 -22 4 45 44 41 40
 4 -32 1 40
 2 -90 1 40
 8 -42 1 40
 8 -96 2 47 43
 1 -41 4 51 50 48 47
 4 -79 2 49 43
 5 -42 2 50 46
 2 -76 2 49 46
 2 -38 1 46
 9 -33 1 48
 9 -48 1 49
 5 -43 1 52
 3 -34 1 52
 6 0 1 52
 8 -65 1 52
 0 13435 0
