52
 0 -28 5 2 4 5 6 8
 5 -18 2 7 3
 3 -92 3 11 10 9
 7 -32 3 11 10 9
 7 -37 2 10 9
 1 -60 2 11 9
 9 -59 1 9
 2 -79 1 9
 2 -92 4 16 15 13 12
 9 -35 4 16 15 13 12
 9 -85 4 16 15 13 12
 2 -90 3 24 21 14
 2 -56 7 26 24 21 20 19 18 17
 8 -24 5 26 20 19 18 17
 7 -54 3 24 22 19
 10 -60 4 29 23 21 20
 8 -44 4 29 25 23 22
 4 -66 5 35 29 28 27 23
 8 -40 4 29 27 25 23
 4 -74 4 36 34 27 25
 4 -76 7 41 35 34 33 32 31 28
 8 -85 6 41 35 34 33 31 28
 4 -85 6 41 36 34 33 32 31
 8 -34 5 41 35 34 31 28
 3 -6 5 41 35 32 31 30
 8 -48 5 41 35 34 31 30
 4 -64 3 41 32 30
 4 -11 4 42 39 38 36
 8 -44 4 42 41 38 34
 3 -27 4 42 40 39 38
 4 -66 3 40 39 38
 10 -71 3 42 40 39
 10 -82 3 42 40 38
 7 -48 1 37
 1 -46 1 37
 9 -95 1 37
 9 -65 3 51 46 40
 1 -12 6 51 50 49 46 45 43
 8 -39 5 51 49 46 45 43
 1 -96 4 50 49 45 43
 9 -94 5 50 48 46 45 44
 9 -42 3 49 48 47
 10 -66 2 48 44
 3 -54 1 47
 6 -42 1 47
 5 -50 1 47
 5 -64 1 52
 6 -92 1 52
 1 -15 1 52
 2 -48 1 52
 6 -68 1 52
 0 14300 0
