52
 0 -88 3 2 3 4
 5 -7 4 13 9 6 5
 8 -78 4 13 10 9 6
 9 -41 5 13 12 11 10 8
 2 -17 5 16 15 12 11 10
 6 -89 3 12 11 7
 1 -4 4 18 16 15 14
 10 -78 3 18 16 14
 10 -27 3 26 20 12
 5 -42 4 23 20 18 17
 9 -21 3 23 18 17
 8 -52 2 23 14
 10 -53 3 26 20 19
 2 -89 1 17
 5 -44 1 17
 6 -53 3 23 21 20
 4 -58 2 25 19
 2 -43 3 26 25 21
 6 -71 2 22 21
 1 -72 3 29 25 24
 6 -11 2 29 24
 10 -50 2 29 24
 7 -32 3 35 28 25
 8 -42 4 35 31 28 27
 5 -7 3 36 31 27
 10 -51 3 36 31 27
 8 -42 4 39 33 32 30
 1 -54 3 36 33 30
 3 -2 3 36 32 30
 3 -59 3 46 38 34
 8 -21 1 32
 8 -72 3 47 46 34
 6 -24 4 46 43 42 37
 8 0 6 45 44 43 42 41 40
 1 -87 5 47 46 45 42 39
 3 -80 4 47 46 42 39
 5 -49 4 51 45 44 41
 6 -96 4 51 48 47 44
 6 -97 3 51 50 41
 10 -80 4 51 50 49 48
 4 -56 2 49 48
 5 -11 2 49 48
 10 -82 2 49 48
 8 -88 1 50
 4 -24 1 48
 9 -37 1 48
 4 -2 1 49
 5 -62 1 52
 9 -39 1 52
 1 -96 1 52
 7 -12 1 52
 0 12460 0
