42
 0 -3 6 2 3 4 6 7 12
 5 -48 5 18 15 13 11 9
 9 -30 4 18 11 10 8
 8 -28 3 10 9 5
 10 -76 3 20 13 11
 9 -88 8 30 26 25 22 20 19 17 16
 7 -60 3 20 16 11
 8 -58 5 25 22 20 16 14
 3 -100 6 30 22 20 19 17 16
 5 -25 3 19 17 13
 4 -9 3 26 22 14
 8 -73 3 26 22 14
 3 -70 6 41 30 25 24 22 21
 2 -26 4 30 24 21 19
 7 -94 6 41 34 28 25 23 22
 7 -29 3 27 24 21
 10 -58 6 33 31 29 28 27 23
 1 -81 7 41 34 32 30 29 28 27
 8 -88 6 41 33 32 31 29 27
 4 -55 5 34 33 28 27 23
 1 -96 4 33 31 28 23
 9 -53 4 33 32 29 27
 8 -22 6 40 39 38 37 36 32
 7 -58 6 40 39 38 36 35 33
 10 -92 4 38 36 35 27
 4 -38 3 41 36 32
 5 -87 3 40 39 37
 2 -89 3 38 36 35
 4 0 3 39 38 36
 3 -76 2 37 35
 4 -68 1 34
 9 -35 1 35
 10 -6 1 37
 7 -17 1 35
 8 -58 1 42
 10 -15 1 42
 6 -60 1 42
 7 -59 1 42
 9 -57 1 42
 4 -35 1 42
 7 -45 1 42
 0 10825 0
