42
 0 -77 6 2 3 4 5 8 9
 4 -77 4 24 14 11 6
 2 -75 6 24 17 16 15 13 7
 3 -83 4 24 18 12 10
 6 -100 2 17 6
 5 -73 4 27 16 15 13
 2 -8 6 27 26 22 20 19 18
 1 -6 6 27 25 24 23 22 16
 4 -58 6 27 26 25 22 19 16
 8 -14 5 27 26 22 19 16
 3 -22 3 19 18 17
 3 -3 4 26 25 20 15
 9 -83 5 28 26 23 20 18
 8 -69 5 31 26 25 20 19
 9 -67 4 41 31 23 22
 9 -69 3 31 28 20
 3 -63 3 31 26 22
 6 -14 5 39 31 29 25 21
 1 -62 4 41 30 28 23
 2 -50 2 29 21
 7 -9 6 41 40 38 36 32 30
 5 -74 3 30 29 28
 1 -92 5 40 39 36 32 29
 3 -26 5 39 37 35 34 26
 1 -99 5 38 37 36 34 33
 1 -64 4 41 40 36 33
 9 -1 4 39 36 34 33
 10 -62 3 39 37 32
 7 -44 3 38 35 33
 4 -59 3 37 35 33
 7 -84 3 35 34 33
 1 -27 1 34
 8 -18 1 42
 9 -74 1 42
 1 -22 1 42
 4 -91 1 42
 1 -73 1 42
 8 -97 1 42
 3 -27 1 42
 6 -18 1 42
 6 -35 1 42
 0 10845 0
