52
 0 -28 10 2 3 4 5 6 7 8 9 15 20
 9 -9 5 25 16 14 11 10
 3 -33 6 30 25 22 21 12 10
 3 -55 5 30 25 14 12 10
 9 -13 7 28 23 22 21 18 16 13
 5 -43 4 30 18 17 12
 7 -43 6 30 27 25 22 19 17
 4 -36 5 28 25 23 16 13
 8 -6 5 30 27 24 23 16
 6 -28 5 32 27 24 23 18
 6 -61 5 30 24 22 21 19
 10 -15 2 24 16
 1 -13 4 32 30 27 19
 5 -62 5 34 32 28 26 23
 6 -31 5 30 29 26 25 24
 3 -21 2 32 19
 3 -52 5 51 32 31 28 23
 7 -86 1 19
 7 -68 5 35 34 33 29 26
 10 -61 7 51 38 35 33 32 31 29
 4 -7 6 38 34 33 32 31 29
 10 -18 9 51 50 47 40 39 38 35 33 32
 9 -53 5 48 38 35 33 29
 7 -8 4 39 37 33 28
 5 -90 10 50 49 48 47 45 39 38 37 36 35
 9 -20 5 51 39 38 36 31
 7 -50 9 50 49 48 47 45 40 38 37 35
 7 -67 8 50 48 47 45 40 38 36 35
 8 -39 8 50 49 47 45 40 39 37 36
 3 -85 7 50 47 45 40 39 38 36
 6 -14 8 49 48 47 46 45 43 41 37
 5 -47 4 48 45 37 36
 1 -18 6 49 46 45 44 43 41
 8 -93 3 45 42 36
 5 -94 4 44 43 42 41
 9 -41 3 44 43 41
 4 -53 1 42
 4 -86 1 46
 2 -13 1 42
 3 -18 1 41
 7 -54 1 52
 4 -100 1 52
 8 -76 1 52
 10 0 1 52
 10 -27 1 52
 6 -65 1 52
 10 -4 1 52
 2 -11 1 52
 2 -39 1 52
 9 -17 1 52
 9 -91 1 52
 0 10810 0
