42
 0 -53 8 2 4 6 8 9 10 12 13
 2 -98 4 16 14 11 3
 3 -72 2 7 5
 8 -42 6 25 21 18 17 15 14
 8 -89 7 25 22 21 19 18 17 15
 1 -64 1 7
 3 -79 7 26 25 22 21 19 18 17
 3 -18 5 25 24 21 20 14
 10 -51 5 25 22 19 17 15
 10 -61 7 26 25 24 22 21 20 19
 9 -43 7 41 26 25 23 22 21 17
 5 -59 5 41 25 22 21 15
 5 -41 5 41 27 24 21 20
 2 -24 4 33 26 22 19
 9 -86 4 40 33 26 20
 1 -40 4 41 33 22 21
 4 -46 4 40 29 27 24
 7 -36 3 41 27 20
 4 -13 8 41 40 39 38 31 29 28 27
 3 -82 4 31 29 28 23
 3 -83 5 40 38 36 32 29
 5 -41 4 31 30 28 27
 8 -88 5 39 38 36 32 30
 3 -29 5 39 38 33 31 28
 7 -44 4 36 33 32 29
 9 -50 4 38 37 35 31
 1 -52 3 37 34 32
 2 -43 3 36 35 34
 1 -81 1 30
 8 -92 2 37 34
 1 -12 2 36 34
 6 -7 1 35
 1 -47 1 34
 3 -34 1 42
 4 -87 1 42
 6 -91 1 42
 6 -23 1 42
 8 -74 1 42
 6 -82 1 42
 4 -43 1 42
 4 -19 1 42
 0 11095 0
