52
 0 -24 5 2 3 4 5 6
 7 -29 5 15 11 10 9 7
 8 -17 4 15 11 10 7
 7 -42 4 15 12 10 7
 6 -22 4 15 9 8 7
 7 -14 5 16 15 13 12 10
 3 -46 4 17 16 14 13
 10 -41 4 17 16 14 13
 8 -52 4 22 21 16 14
 5 -93 2 17 14
 9 -91 3 22 21 14
 4 -45 3 22 21 14
 2 -16 4 22 21 20 18
 4 -39 5 30 25 23 20 18
 4 -51 5 30 25 23 20 18
 2 -12 5 30 25 23 20 19
 6 -24 4 27 24 22 21
 5 -97 1 19
 4 -45 4 38 27 26 24
 10 -51 4 38 27 26 24
 7 -15 4 38 30 28 26
 9 -84 3 38 30 25
 2 -24 3 38 32 26
 9 -63 4 33 31 29 28
 4 -41 1 26
 4 -39 4 35 33 31 29
 7 -34 3 35 34 31
 6 -8 2 37 32
 6 -83 4 39 37 36 34
 10 -100 4 39 37 36 34
 3 -91 4 43 39 37 36
 10 -63 3 39 35 34
 5 -89 7 51 50 44 43 41 40 39
 9 -83 7 51 50 46 43 42 41 40
 7 -22 7 51 50 46 44 43 42 41
 7 -26 6 51 50 46 44 42 40
 1 -2 5 51 50 46 42 41
 4 -2 4 44 43 41 39
 5 -97 3 48 46 45
 1 -65 3 49 48 45
 10 -81 3 49 48 47
 3 -8 2 48 45
 5 -16 1 45
 4 -55 1 45
 3 -62 1 47
 10 -79 1 49
 1 -63 1 52
 8 -51 1 52
 5 -98 1 52
 5 -93 1 52
 2 -35 1 52
 0 12615 0
