52
 0 -80 6 2 3 4 5 7 10
 5 -59 5 14 13 11 9 8
 8 -45 3 11 8 6
 8 -67 2 8 6
 6 -86 3 18 13 9
 6 -53 2 14 9
 4 -90 2 13 9
 2 -61 4 18 17 15 12
 6 -44 3 17 15 12
 7 -84 3 18 17 15
 3 -96 3 24 17 15
 8 -52 6 28 24 22 21 19 16
 4 -12 2 17 15
 10 -68 4 22 19 17 16
 2 -42 4 28 21 19 16
 2 -86 3 27 23 20
 4 -51 3 28 23 20
 10 -60 3 26 23 22
 5 -5 4 31 29 26 25
 6 -27 5 36 31 30 29 26
 8 -82 4 32 31 26 25
 9 -27 4 36 31 30 29
 2 -15 2 31 25
 9 -46 3 36 33 29
 4 -26 3 36 33 30
 8 -53 4 42 39 34 33
 2 -55 4 42 39 34 33
 1 -8 6 42 39 38 37 36 35
 7 -59 3 37 34 32
 1 -99 4 42 39 37 34
 5 -34 3 45 42 33
 1 -76 4 42 40 39 35
 2 -1 3 40 38 37
 3 -91 2 40 35
 3 -63 4 48 46 45 41
 10 -91 2 41 40
 9 -11 3 48 46 41
 6 -4 3 48 46 41
 9 -71 4 48 47 44 43
 5 -87 3 48 46 44
 6 -26 3 47 44 43
 7 -63 2 47 44
 7 -57 3 51 50 49
 4 -88 2 51 50
 8 -48 2 50 49
 5 -46 1 47
 4 -66 1 49
 9 -97 1 49
 1 -17 1 52
 8 -40 1 52
 8 -26 1 52
 0 13705 0
