52
 0 -25 6 2 3 5 6 7 13
 5 -31 5 14 11 10 9 8
 8 -14 1 4
 4 -53 6 18 17 15 14 12 10
 8 -15 6 18 17 15 14 12 10
 7 -5 5 18 17 15 12 11
 8 -97 3 18 11 9
 6 -42 3 18 17 12
 4 -92 3 20 16 15
 10 -5 4 25 23 20 16
 5 -16 4 25 23 20 16
 8 -39 3 23 20 16
 8 -35 3 23 22 17
 6 -12 2 25 16
 1 -57 3 25 23 19
 10 -90 2 22 19
 9 -60 2 25 19
 3 -49 3 25 24 21
 9 -40 2 24 21
 4 -28 2 24 21
 4 -6 3 30 28 26
 5 -13 3 30 28 26
 9 -24 3 30 28 26
 7 -58 5 36 32 30 29 27
 6 -50 4 39 29 28 27
 3 -8 3 36 29 27
 7 -48 4 38 37 34 31
 6 -2 4 40 36 34 32
 2 -98 3 38 34 31
 3 -49 4 39 38 35 33
 1 -16 3 43 35 33
 7 -33 3 42 38 35
 1 -36 4 47 44 42 41
 1 -30 1 35
 8 -93 4 47 45 44 41
 4 -67 3 47 43 41
 9 -28 3 45 41 40
 2 -13 3 45 44 41
 10 -83 3 45 44 41
 8 -15 3 50 46 44
 5 -10 3 51 48 46
 4 -80 2 49 45
 3 -70 2 49 45
 1 -52 3 51 49 48
 1 -6 2 50 48
 6 -67 1 49
 8 -33 1 48
 10 -38 1 52
 1 -44 1 52
 9 -36 1 52
 1 -36 1 52
 0 10235 0
