52
 0 -63 3 2 3 4
 3 -21 5 13 12 8 7 6
 5 -93 3 7 6 5
 3 -49 3 13 8 6
 2 -54 5 14 13 11 10 8
 7 -66 3 11 10 9
 2 -12 4 17 14 11 10
 5 -22 5 20 19 18 17 15
 1 -92 5 23 20 19 17 14
 2 -39 6 26 24 23 19 18 16
 6 -12 4 24 20 18 15
 8 -30 6 26 24 23 21 19 18
 3 -6 6 26 24 23 22 21 18
 10 -98 4 26 24 18 16
 8 -64 2 23 16
 9 -4 4 32 28 22 21
 2 -68 4 32 26 24 21
 1 -16 5 34 32 28 27 25
 7 -86 3 34 32 22
 8 -99 3 32 27 21
 3 -63 3 34 30 25
 8 -22 2 27 25
 10 -72 6 35 34 33 32 31 29
 9 -85 4 34 30 29 28
 3 -83 5 36 35 33 31 29
 8 -38 5 37 36 35 33 29
 3 -12 3 35 30 29
 6 -68 4 38 36 35 33
 2 -11 4 51 40 39 38
 3 -99 2 37 36
 9 -100 2 38 37
 1 -79 2 37 36
 5 -80 4 51 43 42 39
 4 -17 4 51 43 41 40
 4 -74 3 43 41 40
 7 -85 4 51 50 43 42
 2 -66 2 51 39
 3 -32 3 50 43 42
 3 -24 2 49 41
 5 -69 3 49 44 42
 4 -57 3 50 45 44
 6 -22 2 47 45
 4 -83 2 49 44
 10 -88 2 47 46
 6 -20 2 48 46
 7 -36 1 52
 4 -30 1 52
 5 -64 1 52
 1 -76 1 52
 10 -32 1 52
 9 -88 1 52
 0 13845 0
