42
 0 -95 9 2 3 4 5 7 8 9 10 13
 10 -57 5 17 16 15 12 11
 10 -91 4 26 20 16 6
 6 -82 6 26 23 20 16 14 11
 5 -57 5 23 20 15 14 11
 4 -28 3 15 14 11
 4 -76 7 27 24 23 22 20 18 17
 10 -41 5 26 24 23 22 14
 3 -10 5 29 27 26 21 15
 6 -32 5 29 22 21 17 14
 9 -94 6 27 24 22 21 19 18
 9 -14 4 26 22 21 14
 9 -36 6 31 28 25 24 22 21
 7 -52 3 27 19 18
 9 -16 3 22 19 18
 8 -41 5 32 28 25 24 22
 1 -12 2 33 19
 4 -10 5 33 32 31 30 25
 4 -1 4 32 30 28 25
 4 -76 4 33 30 28 25
 6 -72 7 41 40 39 35 34 33 32
 10 -4 6 41 38 35 34 33 30
 9 -95 2 33 25
 7 -37 4 38 36 30 29
 10 -76 7 41 40 39 38 36 35 34
 1 -3 5 41 40 34 33 32
 7 -97 4 38 35 31 30
 9 -2 3 40 38 34
 8 -3 3 41 39 35
 3 -10 3 40 39 37
 1 -47 2 39 34
 10 -22 2 38 37
 8 -63 1 36
 2 -75 1 37
 8 -90 1 37
 3 -21 1 37
 5 -75 1 42
 2 -55 1 42
 10 -67 1 42
 4 -25 1 42
 5 -9 1 42
 0 9345 0
