42
 0 -61 4 2 3 5 6
 1 -9 6 14 13 10 9 8 4
 4 -70 5 19 16 15 14 7
 8 -82 5 26 21 16 15 11
 7 -42 4 19 16 13 8
 7 -53 4 26 21 19 11
 3 -3 5 25 21 20 18 13
 9 -80 2 26 12
 4 -46 2 26 12
 9 -56 7 31 26 22 20 19 18 17
 9 -22 1 12
 8 -48 5 23 22 20 18 17
 3 -71 8 41 40 30 29 26 24 23 22
 4 -85 3 31 20 17
 3 -78 7 40 31 30 29 25 24 22
 9 -20 2 23 20
 10 -72 7 40 39 38 30 28 25 24
 3 -33 7 41 39 38 37 29 28 24
 1 -55 5 40 39 38 25 24
 5 -69 5 40 39 37 29 24
 7 -47 5 40 31 30 28 27
 2 -35 6 39 38 37 35 28 27
 9 -45 6 38 37 36 35 31 28
 4 -83 3 35 34 27
 10 -10 3 37 34 27
 6 -48 5 37 36 35 34 32
 7 -27 3 36 33 32
 7 -87 3 34 33 32
 9 -34 3 35 34 33
 8 -65 3 37 35 33
 10 -54 1 32
 6 -91 1 42
 10 -53 1 42
 10 -36 1 42
 4 -22 1 42
 4 -59 1 42
 5 -8 1 42
 10 -1 1 42
 7 -100 1 42
 9 -24 1 42
 5 -21 1 42
 0 10025 0
