52
 0 -64 8 2 3 4 6 7 8 9 10
 1 -61 2 11 5
 4 -16 5 24 18 17 12 11
 7 -4 6 25 24 20 17 16 13
 7 -31 5 25 23 16 15 13
 5 -68 7 28 27 26 24 21 20 18
 2 -78 5 28 24 23 19 14
 4 -30 4 26 23 16 15
 9 -57 4 29 24 17 13
 7 -11 7 43 29 28 27 26 24 21
 3 -29 6 29 28 27 26 21 20
 9 -41 2 29 13
 3 -16 5 43 28 27 26 21
 4 -4 5 43 29 27 26 21
 6 -59 7 43 40 32 29 28 27 24
 5 -74 4 40 29 22 21
 4 -60 4 37 26 23 22
 8 -11 4 40 29 23 22
 6 -3 4 40 29 22 21
 3 -57 8 43 40 37 35 34 33 31 30
 8 -71 7 37 35 34 33 32 31 30
 6 -78 6 43 35 34 33 31 30
 9 -54 6 43 36 35 33 32 31
 1 -9 5 51 41 34 31 30
 2 -53 5 51 41 37 31 30
 9 -18 7 51 50 49 48 42 41 40
 4 -99 7 50 49 48 41 39 38 37
 4 -86 4 46 41 38 31
 9 -20 4 49 48 37 35
 8 -20 5 48 42 39 38 36
 7 -66 6 50 49 48 47 44 42
 6 -21 6 51 48 47 46 45 44
 9 -15 4 50 49 46 38
 1 -23 5 48 47 46 45 44
 2 -37 3 51 45 41
 4 -45 3 47 46 44
 6 -64 3 47 46 44
 4 -58 2 45 44
 3 -25 2 45 44
 1 -57 2 47 46
 10 -91 1 44
 10 -47 1 45
 3 -72 1 44
 7 -73 1 52
 7 -73 1 52
 10 -61 1 52
 5 -68 1 52
 5 -42 1 52
 4 -33 1 52
 5 -71 1 52
 3 -28 1 52
 0 11760 0
