52
 0 -81 5 2 4 5 6 10
 1 -95 2 7 3
 3 -96 3 14 9 8
 3 -53 4 20 14 12 9
 1 -40 2 9 8
 8 -77 2 9 8
 9 -94 3 20 14 9
 9 -75 3 20 12 11
 10 -98 2 16 11
 3 -88 3 19 16 13
 3 -38 2 19 13
 6 -66 2 16 13
 4 -16 3 22 17 15
 8 -53 4 24 22 19 18
 3 -96 3 26 24 18
 10 -28 2 26 18
 9 -32 5 29 26 24 23 21
 3 -80 4 29 25 23 21
 2 -47 3 29 23 21
 8 -27 4 31 29 28 27
 4 -43 4 32 31 28 27
 10 -97 4 34 31 27 26
 1 -98 4 36 33 32 28
 7 -93 4 36 33 32 28
 2 -77 6 39 36 35 34 33 32
 1 -87 5 39 36 35 33 32
 9 -55 2 33 30
 2 -57 5 51 39 37 35 34
 5 -61 3 35 33 32
 10 -67 5 51 43 39 36 35
 2 -38 5 51 40 39 38 37
 7 -97 4 44 40 38 37
 10 -33 3 51 44 38
 8 -82 3 44 40 38
 5 -38 2 40 38
 10 -80 2 40 38
 1 -59 6 50 49 48 47 43 41
 3 -76 5 50 49 48 47 41
 4 -36 4 49 48 47 41
 3 -31 5 50 49 48 46 42
 3 -82 2 46 42
 8 -82 1 45
 3 -88 1 45
 5 -93 1 47
 4 -31 1 52
 5 -35 1 52
 9 -56 1 52
 2 -87 1 52
 1 -77 1 52
 10 -59 1 52
 7 -62 1 52
 0 16685 0
