52
 0 -10 9 2 3 4 5 6 10 11 13 16
 3 -66 6 17 15 14 12 9 7
 9 -12 5 17 14 12 8 7
 8 -24 4 17 14 12 7
 4 -67 6 27 23 20 19 18 12
 7 -42 6 27 26 21 20 17 14
 5 -79 7 27 23 22 21 20 19 18
 2 -45 8 30 27 26 24 23 22 21 20
 7 -39 6 43 24 21 20 19 18
 7 -51 4 27 26 25 18
 6 -47 4 43 21 20 18
 6 -48 6 30 29 26 25 24 21
 8 -52 4 43 25 24 18
 8 -13 6 51 43 30 28 25 24
 6 -8 6 43 32 28 26 25 23
 6 -66 5 29 28 26 25 24
 4 -54 4 30 25 23 22
 8 -81 6 51 39 32 30 29 28
 1 -78 6 51 39 32 29 28 26
 1 -53 3 29 28 25
 10 -33 6 51 50 39 35 33 28
 5 -76 9 51 50 49 42 39 38 36 35 34
 6 -37 4 49 36 31 29
 8 -51 5 36 34 33 32 31
 2 -90 5 50 40 39 36 35
 6 -76 4 50 38 35 33
 2 -51 5 48 43 37 36 33
 9 -27 4 49 42 36 31
 4 -52 4 42 37 34 33
 5 -9 4 50 42 36 35
 1 -56 4 48 46 40 38
 3 -76 5 49 48 46 45 40
 9 -98 4 47 46 41 40
 5 -24 4 48 46 41 40
 10 -4 2 48 37
 6 -42 4 47 46 45 44
 1 -89 2 44 41
 4 -16 2 47 45
 4 -87 2 47 44
 8 -62 1 44
 3 -81 1 45
 9 -28 1 45
 6 -57 1 44
 4 -24 1 52
 3 -8 1 52
 7 -57 1 52
 8 -23 1 52
 7 -64 1 52
 2 -100 1 52
 5 -24 1 52
 5 -19 1 52
 0 12380 0
