52
 0 -91 4 2 3 4 5
 8 -63 3 10 7 6
 4 -24 3 16 9 7
 10 -5 3 12 10 8
 6 -85 4 16 15 14 13
 2 -46 3 14 13 12
 4 -32 2 15 11
 8 0 2 15 11
 1 -15 2 15 11
 8 -11 3 15 14 13
 1 -91 2 14 13
 8 -54 5 22 19 18 17 15
 3 -52 4 22 19 18 17
 6 -38 4 24 23 22 17
 8 -21 5 27 26 24 23 21
 3 -67 5 28 26 23 21 20
 8 -98 5 30 28 26 21 20
 3 -82 4 27 24 23 21
 1 -85 5 37 29 27 26 25
 9 -56 5 37 34 32 29 27
 9 -50 4 37 32 29 25
 4 -92 4 37 34 29 27
 6 -50 3 37 31 30
 1 -11 3 37 34 28
 3 -16 6 40 38 36 35 34 33
 2 -86 4 36 35 33 32
 3 -51 3 40 35 31
 9 -63 2 32 31
 6 -14 4 40 38 36 33
 3 -84 2 34 32
 4 -44 3 38 36 33
 4 -10 4 46 40 39 38
 9 -50 4 46 42 41 39
 10 -90 3 46 42 41
 1 -24 3 46 42 41
 4 -35 3 46 45 41
 2 -18 4 50 46 44 43
 1 -34 2 45 41
 3 -66 4 51 50 44 43
 1 -88 2 45 43
 7 -32 2 44 43
 10 -28 2 49 45
 1 -29 2 49 47
 5 -96 2 49 47
 8 -64 2 50 47
 8 -87 2 51 49
 7 -3 1 48
 4 -3 1 52
 6 -60 1 52
 10 -90 1 52
 2 -64 1 52
 0 12740 0
