52
 0 -98 4 2 3 4 12
 4 -51 7 13 11 10 9 8 7 5
 9 -90 5 14 11 10 7 6
 10 -3 5 15 14 10 8 7
 7 -38 3 18 16 14
 3 -40 2 15 13
 6 -93 5 22 21 20 18 17
 10 -100 5 22 21 20 18 17
 8 -79 2 18 14
 7 -92 5 22 21 20 19 17
 1 -52 1 15
 10 -12 1 13
 4 -55 5 24 23 21 20 18
 7 -67 4 22 21 19 17
 5 -30 4 22 21 20 17
 6 -86 5 24 23 21 20 19
 7 -12 4 28 25 24 23
 9 -82 1 19
 1 -58 4 32 28 27 25
 2 -22 3 32 27 25
 5 -40 3 37 32 26
 3 -12 2 28 26
 3 -12 4 37 33 32 29
 8 -73 2 29 27
 9 -77 3 37 33 29
 3 -11 2 33 29
 3 -14 4 37 34 33 31
 3 -64 3 37 31 30
 9 -87 2 31 30
 6 -33 4 39 36 35 34
 8 -18 3 39 36 35
 9 -72 3 39 36 35
 6 -4 4 42 40 39 36
 10 -58 5 47 44 43 42 40
 6 -23 4 43 42 40 38
 7 -64 2 44 38
 2 -13 5 50 48 47 45 41
 7 -97 5 50 48 47 46 45
 10 -69 4 50 47 45 41
 2 -45 3 50 45 41
 1 -4 2 51 46
 4 -72 2 50 45
 1 -57 2 50 48
 2 -46 2 50 49
 4 -98 1 49
 10 -78 1 49
 4 -21 1 51
 10 -51 1 49
 6 -93 1 52
 9 -51 1 52
 3 -10 1 52
 0 13135 0
