42
 0 -77 5 2 3 4 7 9
 7 -15 5 21 12 8 6 5
 8 0 4 21 8 6 5
 6 -17 8 20 19 18 15 14 13 11 8
 7 -72 8 27 22 20 19 18 17 15 14
 4 -66 5 19 18 17 13 10
 6 -12 5 19 18 17 14 13
 7 -58 5 27 24 22 17 16
 7 -72 3 19 18 14
 10 -43 3 27 16 15
 6 -90 7 28 27 26 25 24 23 22
 8 -88 6 28 25 24 23 22 18
 7 -55 5 28 27 25 23 22
 8 -92 4 31 25 24 16
 2 -63 6 41 31 28 26 25 24
 9 -16 6 41 40 39 29 28 23
 3 -81 3 26 25 23
 2 -33 7 41 40 38 37 32 29 26
 5 -68 5 41 39 29 28 23
 8 -76 4 39 30 28 25
 3 -93 6 41 40 37 31 30 28
 4 -17 7 41 39 38 37 36 31 29
 6 -4 5 38 37 34 32 30
 6 -85 4 37 34 32 30
 4 -36 3 40 37 29
 8 -64 3 39 34 30
 1 -85 2 38 29
 9 -22 3 38 34 32
 5 -37 3 35 34 33
 7 0 2 36 35
 2 -15 1 32
 1 -43 1 33
 4 -93 1 42
 4 -8 1 42
 1 -50 1 42
 9 -93 1 42
 8 -62 1 42
 8 -54 1 42
 10 -20 1 42
 4 -61 1 42
 3 -89 1 42
 0 10625 0
