52
 0 -70 4 2 3 4 6
 10 -70 7 14 13 12 11 10 9 8
 3 -29 4 11 10 7 5
 6 -12 4 18 13 11 10
 6 -27 4 18 15 14 12
 7 -32 3 18 15 10
 4 -47 5 23 19 18 17 15
 2 -4 4 23 18 17 15
 7 -43 6 24 23 22 19 18 17
 4 -75 4 23 19 17 16
 3 -25 4 23 19 17 16
 7 -30 4 23 21 19 16
 6 -79 2 17 15
 1 -25 3 24 20 17
 1 -31 1 16
 8 -87 4 29 24 22 20
 1 -52 5 30 29 28 25 21
 8 -98 3 30 29 20
 4 -95 7 34 31 30 29 27 26 25
 9 -81 5 34 31 28 27 26
 7 -100 4 34 31 27 26
 7 -95 4 30 27 26 25
 9 -7 3 34 33 30
 10 -92 2 32 26
 5 -12 2 33 32
 2 -2 3 37 35 33
 7 -83 3 37 35 33
 9 -1 2 36 32
 10 -30 4 39 37 36 35
 6 -37 1 32
 4 -99 1 32
 9 -80 3 39 37 35
 10 -12 3 39 38 36
 4 -47 5 45 43 42 41 40
 7 -19 4 45 42 41 40
 8 -10 4 45 43 42 40
 7 -100 2 43 38
 6 -76 4 46 45 44 42
 5 -35 4 46 45 44 42
 4 -49 3 51 46 44
 2 -59 5 51 50 49 47 46
 3 -41 5 51 50 49 48 47
 7 -82 4 50 49 47 46
 5 -88 3 50 49 47
 3 -14 2 48 47
 8 -23 1 48
 5 -82 1 52
 4 -33 1 52
 3 -73 1 52
 8 -58 1 52
 5 -5 1 52
 0 12780 0
