52
 0 -76 4 2 3 4 5
 1 -25 4 11 10 9 6
 7 -37 3 11 10 6
 3 -99 3 9 8 7
 4 -66 4 15 12 10 9
 8 -9 3 14 13 8
 8 -95 5 17 16 15 14 13
 3 -94 4 29 17 15 12
 6 -86 4 17 16 14 13
 10 -47 3 17 14 13
 3 -43 3 22 17 14
 4 -50 4 26 22 19 16
 5 -30 7 26 25 24 22 21 20 19
 10 -23 5 29 26 25 24 18
 8 -58 4 25 24 21 18
 3 -29 4 25 24 21 20
 2 -24 3 25 21 19
 10 -84 2 20 19
 5 -34 3 35 28 23
 8 -35 3 35 28 27
 3 -49 2 35 23
 6 -87 2 35 23
 6 -42 2 32 27
 5 -80 4 37 35 31 30
 9 -48 1 27
 6 -45 1 27
 1 -57 3 37 31 30
 4 -32 3 37 32 30
 7 -75 3 37 32 30
 8 -19 4 40 38 34 33
 6 -82 3 40 39 33
 6 -96 3 41 40 34
 1 -19 4 51 46 41 36
 10 -26 4 50 43 42 39
 7 -7 4 50 46 43 39
 9 -20 5 50 49 45 43 42
 3 -16 5 50 49 46 45 42
 2 -40 5 51 49 45 44 43
 6 -54 5 51 49 48 45 44
 8 -64 3 51 43 42
 6 -8 3 50 49 47
 3 -54 2 48 44
 1 -28 2 48 47
 7 -32 1 47
 1 -16 1 47
 1 -70 1 47
 1 -33 1 52
 7 -20 1 52
 4 -23 1 52
 8 -94 1 52
 6 -66 1 52
 0 12230 0
