42
 0 -73 7 2 3 5 6 7 8 10
 10 -4 4 17 14 11 4
 4 -33 6 15 14 13 12 11 9
 2 -54 6 21 19 18 16 13 12
 10 0 5 19 16 14 13 12
 6 -20 5 19 18 17 16 13
 6 -61 3 17 14 9
 8 -55 6 25 24 23 21 18 16
 3 -13 6 26 24 23 21 20 18
 8 -14 4 23 22 21 17
 10 -67 4 26 22 20 19
 1 -48 5 27 26 23 22 20
 3 -40 4 26 24 23 22
 1 -71 4 28 26 25 18
 10 -95 5 41 27 25 23 22
 9 -51 4 27 26 22 20
 10 -47 4 27 26 25 20
 2 -11 4 41 29 27 22
 1 -79 5 41 33 29 27 25
 8 -30 6 41 40 32 31 30 28
 6 -4 5 41 40 39 38 27
 9 -57 6 39 38 34 33 31 30
 6 -16 3 40 29 28
 3 -69 3 41 39 27
 10 -99 6 40 39 38 37 36 31
 1 -52 3 41 31 29
 3 -50 3 35 32 30
 7 -43 4 39 38 37 35
 6 -63 2 38 36
 4 -6 1 37
 5 -79 1 35
 2 -76 1 36
 9 -49 1 40
 1 -27 1 35
 7 -95 1 42
 1 -24 1 42
 3 -20 1 42
 8 -65 1 42
 4 -5 1 42
 3 -69 1 42
 7 -91 1 42
 0 9625 0
