42
 0 -85 6 2 3 4 5 6 11
 9 -22 4 16 14 12 8
 1 -39 4 18 17 10 7
 3 -87 6 22 18 17 15 12 9
 5 -14 3 22 12 8
 1 -83 3 22 13 8
 7 -55 4 21 16 14 12
 2 -28 7 41 23 20 19 18 17 15
 6 -75 4 30 21 16 13
 10 -88 2 22 12
 9 -30 4 30 23 22 13
 4 -49 3 30 23 13
 7 -22 6 41 27 26 24 20 19
 2 -11 6 41 27 24 22 20 19
 3 -100 6 33 30 27 26 24 21
 5 0 5 27 26 25 23 19
 6 -34 5 33 30 27 26 21
 1 -94 4 40 26 25 24
 8 -64 8 40 39 38 33 32 31 29 28
 3 -49 5 40 38 36 31 25
 8 -41 5 40 38 36 31 25
 5 -93 4 38 31 29 25
 8 -17 5 40 38 37 34 31
 2 -36 4 38 34 32 31
 6 -30 3 39 37 28
 5 -29 3 39 37 35
 9 -55 3 38 35 34
 4 -78 2 35 34
 4 -21 2 36 34
 10 -22 2 36 34
 6 -47 1 35
 7 -50 1 36
 1 -9 1 37
 9 -67 1 42
 10 -44 1 42
 8 -68 1 42
 9 -65 1 42
 5 -84 1 42
 7 -94 1 42
 8 -81 1 42
 3 -45 1 42
 0 10525 0
