42
 0 -88 4 2 3 4 7
 4 -5 6 12 11 9 8 6 5
 7 -80 6 22 18 15 13 12 6
 9 -48 3 11 10 8
 9 -71 6 31 25 22 18 16 14
 2 -93 5 21 19 17 16 14
 2 -53 5 25 19 18 16 15
 1 -73 8 29 25 24 23 22 21 20 19
 4 -31 4 29 21 19 14
 2 -26 3 21 19 14
 10 -76 2 16 15
 5 -38 2 31 14
 6 -87 6 31 30 29 25 24 20
 7 -58 5 32 30 24 23 20
 5 0 5 31 29 24 23 20
 9 -56 6 33 32 30 29 27 26
 2 -37 5 34 30 29 27 25
 6 -1 3 35 21 20
 6 -32 4 32 31 30 26
 2 -89 4 41 34 33 27
 7 -72 4 41 33 32 28
 1 -57 4 41 33 30 28
 3 -43 3 34 33 28
 6 -73 2 39 26
 10 -78 6 41 40 39 38 36 33
 4 0 4 41 37 35 34
 4 -26 1 28
 6 -100 5 40 39 38 37 36
 3 -53 4 40 37 36 35
 1 -45 4 39 38 37 36
 8 -59 2 39 33
 9 -5 2 40 36
 9 -77 1 37
 10 -98 1 36
 9 -19 1 38
 4 -34 1 42
 1 -90 1 42
 6 -36 1 42
 5 -44 1 42
 3 -84 1 42
 10 -94 1 42
 0 11145 0
