52
 0 -83 4 2 3 4 5
 1 -46 4 12 11 9 6
 4 -29 4 13 9 8 7
 9 -78 4 14 12 11 8
 3 -71 3 11 9 8
 10 -5 4 15 14 10 8
 3 -86 3 16 11 10
 1 -51 6 22 20 19 18 17 16
 1 -78 5 22 18 17 15 14
 2 -57 4 22 19 18 17
 1 -7 4 22 19 17 15
 8 -33 4 22 21 18 17
 4 -39 4 22 17 16 15
 5 -98 2 24 19
 2 0 4 28 25 24 21
 7 -62 4 28 25 24 21
 2 -50 4 31 28 25 24
 7 -79 4 30 28 27 23
 3 -98 3 28 25 21
 9 -96 3 28 27 24
 6 -41 5 33 31 30 29 27
 8 -49 4 30 29 27 25
 8 -94 2 26 25
 2 -70 2 30 26
 3 -1 5 41 38 34 33 32
 7 -63 3 41 33 29
 10 -32 4 44 38 35 34
 8 -68 2 34 32
 8 -55 2 38 32
 8 -33 2 41 32
 9 -19 2 35 34
 7 -13 3 44 37 35
 7 -18 4 44 42 40 36
 2 -1 3 40 37 36
 2 -68 1 36
 10 -70 2 43 39
 8 -32 2 46 42
 3 -12 2 51 42
 7 -92 3 48 46 45
 5 -59 2 46 43
 9 -4 2 44 43
 4 -88 2 45 43
 10 -57 3 50 48 47
 9 -38 3 51 48 47
 6 -23 2 50 47
 4 -41 2 51 49
 5 -38 1 49
 6 -91 1 49
 9 -49 1 52
 7 -7 1 52
 7 -87 1 52
 0 12795 0
