52
 0 -12 6 2 4 5 6 8 11
 6 -84 2 10 3
 8 -21 3 17 9 7
 10 -72 2 10 7
 1 -78 5 15 14 13 12 10
 8 -57 1 7
 6 -83 5 24 15 14 13 12
 4 -35 2 15 10
 9 -87 5 24 23 22 18 15
 10 -76 6 24 23 22 21 18 16
 1 -76 5 23 21 18 17 16
 3 -47 4 23 21 18 16
 7 -50 4 23 21 19 18
 6 -81 3 22 18 16
 3 -58 2 21 16
 7 -2 2 20 19
 1 -72 2 22 19
 1 -3 1 20
 8 -83 3 31 26 25
 3 -43 3 31 26 25
 3 -11 3 31 26 25
 5 -37 3 31 26 25
 3 -28 4 31 30 28 27
 7 -46 1 25
 6 -38 2 28 27
 10 -8 2 30 27
 7 -19 4 40 33 32 29
 2 -6 4 41 34 33 32
 1 -3 4 41 39 36 34
 4 -94 3 41 40 32
 1 -68 4 42 40 37 36
 3 -23 2 36 35
 6 -56 5 51 50 49 44 38
 3 -84 4 51 49 38 37
 10 -19 4 51 50 44 38
 3 -3 6 51 50 49 45 44 43
 10 -74 3 50 45 43
 9 -82 2 43 42
 9 -33 2 49 42
 7 -99 2 45 43
 5 -89 4 49 48 47 46
 7 -38 3 48 46 45
 4 -27 2 48 46
 5 -18 2 47 46
 6 -95 1 47
 4 -9 1 52
 8 -64 1 52
 1 -79 1 52
 7 -36 1 52
 6 -27 1 52
 1 -68 1 52
 0 12505 0
