42
 0 -18 9 2 3 4 5 7 9 10 12 13
 7 -62 5 22 19 14 8 6
 2 -67 4 22 14 8 6
 5 -67 5 22 19 16 14 8
 3 -84 3 19 14 6
 3 -42 5 18 17 16 15 11
 5 -74 4 19 18 17 11
 7 -57 4 20 18 17 15
 4 -83 3 17 14 11
 8 -58 5 41 27 25 20 18
 1 -35 7 41 27 26 25 24 21 20
 4 -85 5 41 31 27 19 16
 4 -19 3 41 20 18
 10 -47 5 41 27 26 24 21
 9 -42 4 41 31 23 21
 6 -14 4 34 26 24 23
 5 -22 5 28 27 26 25 23
 6 -92 3 26 24 21
 9 -63 2 30 21
 4 -40 3 31 28 23
 5 -68 6 40 39 37 34 29 28
 4 -81 4 41 29 28 25
 2 -26 6 40 39 36 33 32 30
 7 -95 5 39 37 36 29 28
 8 -8 4 39 37 36 32
 8 -40 3 38 36 32
 5 -9 3 37 36 33
 2 -53 2 38 32
 1 -41 2 33 32
 8 -27 2 38 37
 7 -82 2 39 35
 6 -6 1 35
 5 -99 1 35
 1 -79 1 36
 3 -81 1 42
 4 -44 1 42
 8 -49 1 42
 10 -28 1 42
 8 -36 1 42
 3 -1 1 42
 9 -73 1 42
 0 10485 0
