42
 0 -39 10 2 3 4 6 7 8 9 11 12 13
 2 -48 3 17 14 5
 3 -81 4 28 18 16 14
 5 -29 4 28 27 18 16
 2 -72 2 16 15
 4 -62 2 18 10
 2 -71 6 28 23 22 21 18 17
 4 -31 4 28 19 17 14
 5 -26 7 28 27 26 23 22 21 18
 9 -88 3 29 27 16
 3 -84 6 29 27 26 25 23 19
 1 -76 6 29 27 26 25 23 19
 3 -33 2 29 16
 6 -67 7 29 27 26 23 22 21 20
 8 -51 7 33 28 27 26 23 22 20
 7 -71 4 26 25 23 19
 6 -23 8 41 40 39 33 29 27 26 24
 4 -43 4 33 29 25 20
 4 -29 3 22 21 20
 9 -45 4 41 40 30 24
 8 -94 7 41 39 38 37 35 33 31
 4 -5 6 39 38 37 35 32 31
 3 -21 6 40 39 37 36 35 30
 5 -55 5 38 37 35 32 31
 8 -42 5 39 37 36 35 31
 1 -24 4 37 36 35 31
 7 -46 3 38 35 30
 4 -51 3 40 34 29
 9 -31 2 38 35
 6 -49 1 31
 7 -27 1 34
 2 -22 1 36
 9 -91 1 36
 1 -70 1 42
 3 -66 1 42
 1 -84 1 42
 9 -80 1 42
 5 -81 1 42
 3 -95 1 42
 5 -84 1 42
 10 -73 1 42
 0 11300 0
