62
 0 -18 4 2 3 4 5
 2 -84 7 15 14 10 9 8 7 6
 5 -41 5 15 14 13 10 9
 10 -27 3 19 15 6
 7 -46 4 19 15 14 10
 8 -36 5 28 18 13 12 11
 6 -95 4 28 13 12 11
 2 -66 3 19 13 11
 7 -42 6 23 22 20 19 17 16
 10 -67 2 21 11
 3 -31 4 23 22 20 17
 10 -2 4 22 21 20 16
 5 -30 4 24 22 21 16
 5 -98 3 22 20 16
 9 -68 5 28 26 25 23 21
 4 -73 6 33 32 29 27 26 25
 2 -81 6 33 29 27 26 25 24
 5 -18 6 33 32 29 27 25 24
 9 -28 3 28 26 21
 5 -46 5 33 32 30 27 24
 3 -96 5 36 32 30 29 27
 1 -89 4 35 33 27 25
 3 -58 4 35 33 32 30
 5 -89 5 38 36 35 34 31
 3 -87 4 38 36 34 30
 6 -42 4 43 38 36 34
 1 -39 3 38 34 31
 3 -12 3 36 34 31
 6 -59 3 40 37 35
 6 -33 1 31
 6 -87 4 43 41 40 37
 2 -93 1 34
 3 -18 5 44 43 42 41 39
 7 -89 3 44 41 37
 1 -14 4 44 43 41 39
 7 -28 3 41 40 39
 7 -60 2 42 39
 1 -93 3 53 44 39
 7 -45 4 50 48 46 45
 6 -69 4 52 50 48 44
 10 -30 3 48 47 46
 8 -88 3 52 47 46
 10 0 3 50 46 45
 8 -46 1 46
 6 -57 5 61 56 54 52 51
 9 -62 4 56 54 51 49
 10 -62 4 56 53 51 50
 3 -37 3 61 55 51
 7 -37 4 61 60 58 55
 10 -44 4 61 60 59 55
 5 -8 3 60 59 58
 10 -4 2 58 55
 4 -45 2 58 55
 9 -25 2 59 57
 7 -34 1 57
 8 -91 1 57
 2 -47 1 62
 10 -71 1 62
 3 -59 1 62
 3 -50 1 62
 7 -7 1 62
 0 15505 0
