52
 0 -78 12 2 3 4 5 6 7 10 11 12 13 17 25
 4 -32 6 28 26 18 14 9 8
 7 -18 9 51 31 30 29 22 21 19 16 14
 10 -2 6 36 31 26 24 19 9
 2 -92 7 51 31 23 22 16 15 14
 8 -94 10 49 39 34 33 31 30 29 28 24 20
 3 -21 7 51 34 29 27 24 23 15
 7 -2 6 36 32 30 24 19 15
 2 -83 6 51 30 29 23 22 15
 8 -87 3 51 28 14
 7 -61 4 51 30 26 15
 8 -74 6 49 39 38 28 24 23
 1 -98 9 51 49 38 37 35 34 33 31 29
 9 0 8 50 49 44 38 36 34 33 24
 6 -38 10 50 49 48 47 44 39 38 37 35 33
 5 -43 7 49 48 39 38 37 33 28
 7 -80 8 51 50 46 45 39 37 36 26
 8 -25 7 51 50 45 44 39 35 24
 9 -48 5 49 47 42 38 23
 9 -70 5 51 50 45 37 26
 9 -87 8 48 47 45 44 43 42 40 37
 6 -53 6 48 46 45 44 37 35
 3 -65 5 48 44 43 37 33
 10 -49 7 48 47 46 43 42 40 37
 8 -45 5 46 45 44 38 35
 4 -39 6 47 44 43 42 41 38
 5 -31 6 48 44 43 42 40 39
 1 -22 5 47 46 44 41 35
 8 -11 6 47 46 44 43 42 40
 8 -61 5 46 45 42 41 40
 1 -61 5 44 43 42 41 40
 3 -4 5 47 45 42 41 40
 5 -27 3 46 45 40
 9 -15 3 45 43 40
 4 -77 2 43 42
 7 -89 2 41 40
 6 -88 1 41
 5 -15 1 40
 5 -7 1 41
 10 -41 1 52
 10 -29 1 52
 10 -49 1 52
 9 -30 1 52
 6 -25 1 52
 4 -94 1 52
 4 -76 1 52
 10 -72 1 52
 7 -54 1 52
 2 -47 1 52
 2 -2 1 52
 7 -35 1 52
 0 12230 0
