52
 0 -58 10 2 3 4 5 6 7 9 11 12 16
 4 -61 3 15 10 8
 1 -84 7 23 22 21 19 17 15 13
 4 -36 3 21 18 8
 9 -19 5 22 21 17 15 14
 7 -47 2 21 8
 5 -89 4 23 17 14 13
 9 -81 4 23 19 17 13
 9 -16 7 33 28 24 22 21 20 19
 6 -5 7 33 26 25 24 23 21 19
 10 -55 7 33 30 28 27 23 20 17
 5 -79 8 41 33 30 28 26 25 24 19
 4 -73 7 41 33 30 28 27 24 20
 3 -9 6 41 30 28 25 20 19
 4 -70 7 35 33 28 27 26 25 24
 3 -61 7 41 33 29 28 27 25 24
 7 0 7 41 40 39 32 31 29 25
 10 -32 9 50 41 39 38 37 36 35 31 30
 10 -33 6 50 36 35 32 31 27
 10 -59 4 51 38 35 26
 3 -30 7 50 41 40 37 36 32 30
 2 -73 5 50 43 41 35 27
 8 0 7 51 43 41 37 35 34 32
 6 0 7 50 49 39 37 36 32 31
 10 -69 6 51 50 38 37 36 34
 7 -81 5 48 39 34 31 29
 6 -48 5 51 39 38 37 34
 3 -33 5 43 40 38 37 34
 4 -26 6 50 49 47 45 43 37
 7 -5 4 51 46 43 34
 5 -82 5 47 46 45 43 42
 7 -78 3 46 42 38
 8 -71 3 45 42 39
 7 -38 4 49 47 45 42
 5 -1 3 47 42 40
 3 -96 3 45 43 42
 10 -7 2 46 42
 6 -66 2 48 45
 3 -76 2 47 46
 8 -30 2 48 44
 5 -16 1 42
 3 -10 1 44
 1 -32 1 44
 1 -6 1 52
 9 -72 1 52
 1 -86 1 52
 6 -73 1 52
 1 -9 1 52
 2 -75 1 52
 7 -9 1 52
 7 -47 1 52
 0 11560 0
