52
 0 -54 6 2 3 4 5 8 11
 1 -38 9 18 16 15 14 13 12 10 9 7
 6 -51 6 20 18 16 15 9 6
 9 -7 10 29 28 27 26 25 19 18 17 16 14
 6 -18 8 28 25 20 19 18 17 15 9
 1 -30 8 28 27 26 25 21 19 17 14
 6 -44 10 39 32 29 28 26 25 22 21 19 17
 5 -7 6 28 27 26 19 16 15
 6 -79 9 39 32 31 29 26 24 23 22 21
 10 -72 9 32 31 30 29 27 25 24 23 21
 2 -65 8 31 28 27 26 25 24 23 20
 7 -10 8 39 31 29 24 23 21 20 19
 2 -89 7 32 31 28 25 24 21 19
 1 -52 5 39 38 32 24 22
 8 -91 6 40 36 33 32 31 23
 7 -79 5 40 38 31 24 21
 9 -88 3 31 24 23
 6 -13 4 46 39 32 24
 8 -14 6 51 40 37 36 33 30
 8 -11 5 51 37 36 33 30
 9 -56 6 51 46 37 36 34 33
 8 -51 4 51 37 36 30
 4 -69 7 51 50 46 38 37 35 34
 4 -95 5 51 37 36 34 33
 6 -56 5 51 46 37 36 33
 3 -24 5 51 46 37 36 33
 4 -95 5 46 40 39 34 33
 4 -54 6 50 45 38 37 36 35
 5 -90 5 51 50 40 35 34
 3 -90 4 50 46 35 34
 6 -84 5 51 50 49 42 37
 1 -30 5 49 45 44 42 37
 10 -16 4 50 49 45 35
 8 -4 6 49 48 45 44 43 42
 3 -79 4 48 44 42 41
 2 -11 4 49 48 43 41
 8 -67 3 48 43 41
 8 -80 3 49 48 41
 1 -83 3 48 42 41
 2 -57 2 49 47
 6 -1 1 47
 2 -59 1 47
 4 -64 1 47
 2 -82 1 47
 5 -43 1 47
 7 -71 1 47
 7 -82 1 52
 4 -11 1 52
 8 -83 1 52
 9 -30 1 52
 5 -17 1 52
 0 13230 0
