62
 0 -67 6 2 3 4 5 6 9
 1 -19 3 13 11 7
 10 -11 5 15 14 13 12 8
 10 -37 4 15 14 10 8
 1 -56 5 21 17 15 14 12
 4 -65 4 21 17 14 12
 4 -44 3 17 15 12
 10 -21 6 21 20 19 18 17 16
 3 -19 5 20 18 17 15 14
 10 -88 4 21 19 17 13
 2 -10 3 21 20 14
 1 -52 3 20 19 18
 1 -88 2 20 16
 5 -6 1 16
 2 -99 1 16
 5 -65 5 31 25 24 23 22
 10 -32 5 31 26 25 24 22
 5 -37 4 31 26 25 23
 9 -70 4 25 24 23 22
 7 -26 7 34 32 31 28 27 26 24
 4 -72 4 33 31 25 23
 3 -28 6 36 34 32 30 28 27
 7 -3 5 36 34 30 28 27
 7 -66 5 38 36 33 30 29
 2 -75 4 40 34 32 30
 1 -33 4 38 36 33 29
 6 -63 5 44 43 40 38 35
 2 -55 2 40 29
 4 -53 6 45 44 43 42 39 37
 6 -85 4 45 44 37 35
 6 -7 3 45 37 35
 9 -23 3 42 39 38
 2 -46 5 48 45 44 40 39
 7 -90 4 44 43 39 38
 6 -17 2 42 39
 5 -43 3 50 49 42
 1 -44 5 61 50 49 48 47
 9 -71 5 53 50 49 47 45
 4 -25 1 41
 9 -63 1 41
 4 -99 5 61 53 50 49 47
 8 -4 4 52 48 47 46
 6 -100 4 61 53 50 47
 1 -43 4 61 53 49 47
 5 -95 4 61 54 52 51
 8 -58 4 61 54 53 51
 6 -37 2 54 51
 2 -99 2 53 51
 7 -14 4 60 58 56 55
 10 -20 3 60 55 52
 3 -37 4 60 58 57 56
 5 -18 3 59 58 57
 3 -70 2 58 55
 2 -38 1 55
 2 -15 1 57
 5 -72 1 59
 3 -52 1 62
 9 -89 1 62
 7 -96 1 62
 1 -2 1 62
 8 -55 1 62
 0 14935 0
