52
 0 -71 10 2 4 5 6 7 8 9 10 12 13
 9 -50 3 16 14 3
 6 -49 6 30 21 20 18 15 11
 8 -93 4 21 20 14 11
 7 -15 3 20 14 11
 8 -67 7 31 30 24 20 19 18 17
 1 -50 4 25 24 15 14
 4 -42 8 34 31 30 27 24 20 19 17
 8 -43 7 37 31 25 24 19 18 17
 7 -90 6 30 24 22 20 19 18
 3 -53 7 37 34 31 25 24 19 17
 6 -99 8 37 34 30 29 27 24 23 20
 1 -77 4 31 23 20 18
 3 -44 5 37 30 26 23 18
 3 -73 6 51 34 31 28 27 22
 4 -59 5 37 33 25 23 22
 8 -98 4 33 26 23 22
 5 -59 7 51 41 34 32 29 28 27
 7 -87 5 35 33 32 26 23
 4 -2 4 51 35 28 25
 5 -88 3 35 27 23
 9 -58 7 45 41 39 36 35 32 29
 6 -4 5 51 45 38 36 28
 2 -92 7 51 50 44 41 40 36 35
 7 -37 6 45 41 40 38 36 32
 10 -69 3 41 36 28
 2 -80 4 45 38 36 33
 8 -77 6 50 49 48 44 40 39
 3 -50 6 50 49 48 44 40 38
 1 -74 6 51 50 49 48 42 38
 6 -22 3 40 38 36
 7 -43 5 49 48 47 43 42
 2 -45 4 48 47 43 40
 6 -19 4 48 47 44 42
 4 -39 3 48 43 42
 7 -61 3 49 48 47
 3 -98 3 49 47 46
 5 -76 2 47 43
 2 -35 2 47 43
 8 -76 1 42
 8 -53 1 42
 10 -95 1 46
 4 -25 1 46
 4 -86 1 46
 8 -28 1 50
 9 -74 1 52
 2 -24 1 52
 9 -94 1 52
 1 -94 1 52
 8 -62 1 52
 3 -14 1 52
 0 15065 0
