52
 0 -73 14 2 3 4 5 6 7 8 9 10 13 14 15 17 19
 8 -80 11 43 33 32 31 30 29 28 27 25 23 21
 3 -25 8 33 32 28 27 25 22 18 16
 7 -91 7 42 32 30 28 23 16 12
 2 -84 5 43 31 30 12 11
 9 -35 7 43 42 32 31 28 23 12
 9 -17 5 42 33 32 23 12
 5 -93 5 33 32 31 25 16
 4 -37 4 51 28 24 20
 3 -36 7 51 34 33 32 31 28 23
 2 -15 10 49 42 40 39 38 36 35 34 33 32
 7 -15 4 40 39 26 21
 1 -80 6 51 49 36 35 31 23
 8 -40 5 50 39 33 29 26
 7 -50 9 49 47 43 40 39 38 36 34 32
 5 -1 7 51 50 49 39 35 34 29
 6 -70 6 51 49 36 34 32 31
 8 -19 9 51 50 49 46 41 40 38 36 35
 7 -46 5 49 40 36 32 31
 6 -15 6 49 39 38 35 33 32
 4 0 6 51 50 49 36 35 34
 10 -39 7 51 50 48 46 41 38 36
 2 -91 6 50 47 40 39 38 37
 3 -2 5 43 40 38 36 34
 2 -32 6 47 46 42 41 38 37
 3 -46 5 49 47 38 36 34
 10 -13 5 49 47 39 38 36
 8 -28 6 49 48 46 41 38 37
 8 -12 5 47 46 40 38 37
 9 -86 5 51 49 41 38 37
 9 -8 4 47 44 39 38
 7 -39 4 50 48 46 44
 10 -64 4 48 46 45 44
 10 -23 3 46 45 37
 9 -22 3 47 45 44
 4 -69 2 45 37
 2 -64 1 44
 4 -33 1 45
 10 -28 1 46
 4 -94 1 48
 5 -95 1 44
 2 -50 1 51
 10 -72 1 44
 5 -83 1 52
 3 -89 1 52
 6 -85 1 52
 9 -25 1 52
 8 -16 1 52
 6 -74 1 52
 9 -69 1 52
 10 -98 1 52
 0 12355 0
