62
 0 -32 11 2 3 4 5 6 8 10 11 13 15 25
 9 -65 6 27 23 20 17 14 9
 9 -94 6 34 23 20 17 16 12
 10 -33 4 35 18 16 9
 3 -86 2 24 7
 8 -42 4 24 19 16 12
 9 -36 5 37 27 23 17 16
 7 -61 6 37 31 28 26 24 18
 10 -4 3 34 28 12
 4 -15 3 34 27 16
 10 -88 3 38 24 16
 2 -10 6 47 38 33 30 22 21
 10 -72 8 47 38 37 36 34 33 31 24
 2 -75 5 37 35 30 28 21
 6 -94 4 35 33 30 21
 9 -4 3 33 28 21
 6 -87 7 43 41 35 33 31 30 28
 9 -71 4 36 30 29 23
 2 -64 2 35 21
 8 -43 6 47 43 38 32 30 29
 9 -27 3 43 31 26
 3 -35 6 46 43 37 36 32 29
 9 -1 8 61 51 47 43 41 38 33 32
 8 -66 5 46 43 35 32 29
 1 -59 5 43 41 40 37 30
 1 -7 3 46 36 29
 9 -69 6 47 43 42 41 39 35
 1 -28 3 47 36 32
 1 -71 6 61 59 45 41 40 39
 2 -31 6 61 51 46 45 42 39
 10 -43 1 32
 6 -28 3 45 42 39
 10 -97 7 60 58 57 48 46 44 42
 6 -21 6 59 50 46 45 44 41
 3 -49 4 57 48 44 40
 9 -26 8 60 59 58 57 54 51 49 44
 10 -88 9 60 59 58 57 56 55 54 53 48
 10 -43 8 58 57 56 55 53 50 48 46
 6 -56 6 60 58 57 54 48 44
 2 -29 7 58 56 55 54 51 50 49
 2 -59 6 57 56 55 54 53 48
 7 -78 6 59 56 55 54 53 50
 2 -22 6 59 57 56 55 53 52
 6 -12 3 56 55 53
 2 -30 2 57 54
 9 -22 2 54 52
 5 -96 2 53 52
 4 -28 1 49
 1 -99 1 52
 8 -22 1 52
 8 -76 1 53
 5 -7 1 62
 4 -16 1 62
 1 -65 1 62
 6 -39 1 62
 1 -95 1 62
 7 -76 1 62
 7 -91 1 62
 5 -22 1 62
 2 -53 1 62
 8 -11 1 62
 0 14845 0
