52
 0 -82 11 2 3 4 5 6 7 8 10 11 15 22
 6 -73 10 37 36 29 25 24 23 21 18 17 12
 7 -100 9 51 36 35 30 29 27 20 19 16
 5 -15 6 34 29 21 20 14 9
 5 -20 6 31 29 25 20 14 12
 7 -70 10 37 36 35 34 31 29 23 21 20 18
 6 -88 9 37 36 35 33 30 29 26 25 18
 1 -28 6 39 35 31 29 21 13
 7 -22 8 49 36 35 33 30 26 24 18
 3 -50 7 49 36 33 31 30 26 18
 6 -31 7 38 37 34 33 31 24 18
 4 -58 10 51 48 47 39 35 34 33 32 30 26
 1 -2 8 51 47 40 34 33 28 26 24
 8 -77 6 49 47 35 33 26 18
 3 -17 4 51 39 25 19
 3 -25 9 49 48 46 39 38 37 33 32 28
 2 -84 8 51 50 48 47 40 32 28 26
 7 -56 8 51 50 48 46 43 39 32 28
 3 -88 7 47 44 43 40 34 33 32
 7 -58 3 47 26 24
 8 -50 7 51 49 43 40 38 32 28
 4 -49 6 49 47 46 43 39 28
 4 -35 5 46 43 40 39 28
 10 -39 5 48 44 43 41 32
 5 -65 5 48 46 44 43 32
 2 -63 5 46 44 43 42 38
 1 -25 5 49 48 46 43 41
 3 -24 4 45 44 42 41
 7 -58 4 50 49 43 41
 3 -99 3 44 43 40
 5 0 3 48 47 41
 6 -68 2 45 42
 10 -84 2 50 42
 4 -87 2 49 41
 3 -54 2 45 41
 6 -12 2 47 44
 9 -31 2 47 43
 7 -55 1 41
 6 -62 1 42
 10 -53 1 42
 10 -24 1 52
 4 -2 1 52
 8 -89 1 52
 4 -79 1 52
 1 -74 1 52
 5 -86 1 52
 2 -16 1 52
 6 -66 1 52
 5 -11 1 52
 10 -23 1 52
 6 -76 1 52
 0 13015 0
