52
 0 -85 6 2 3 5 6 8 9
 3 -95 5 18 13 12 7 4
 1 -33 2 13 4
 3 -23 4 28 14 11 10
 4 -6 6 29 28 18 16 14 11
 3 -72 3 18 14 7
 9 -15 6 29 28 23 22 21 11
 1 -20 4 29 23 17 15
 3 -30 8 31 30 28 24 23 22 20 16
 7 -7 5 29 22 19 17 16
 6 -22 3 27 20 15
 2 -11 9 35 32 31 30 28 27 26 24 22
 4 -35 8 35 33 31 29 28 26 24 21
 1 -62 8 37 34 31 30 26 25 23 22
 4 -79 7 43 35 33 31 26 24 19
 4 -70 6 35 33 32 26 25 21
 10 -31 6 37 36 32 31 27 21
 1 -34 5 35 33 32 26 21
 3 -55 7 51 42 40 36 34 32 30
 2 -35 4 39 37 35 25
 6 -27 6 51 43 42 41 39 34
 9 -68 4 43 39 38 33
 6 -92 4 40 38 33 32
 3 -64 2 39 25
 6 -56 6 51 50 49 41 40 38
 8 -54 6 51 50 49 40 38 36
 5 -68 5 51 49 43 40 38
 1 -10 5 51 49 42 41 37
 5 -18 5 51 49 45 41 39
 10 -96 4 50 49 41 38
 5 -46 5 50 49 45 44 42
 4 -45 4 50 45 44 41
 9 -59 5 51 49 47 46 44
 9 -47 5 50 49 48 46 45
 3 -79 4 51 49 48 42
 6 -85 3 46 45 44
 6 -18 1 38
 8 -47 2 45 44
 7 -53 1 40
 7 -88 2 46 44
 1 -39 2 47 46
 6 -53 2 47 46
 2 -94 2 50 46
 10 -19 1 48
 3 -67 1 47
 7 0 1 52
 1 -44 1 52
 2 -21 1 52
 2 -99 1 52
 2 -79 1 52
 2 -38 1 52
 0 12465 0
