52
 0 -79 13 2 3 4 5 6 8 9 11 12 13 14 16 20
 7 -39 6 32 25 23 21 10 7
 4 -15 11 32 29 26 25 24 23 22 19 18 17 15
 6 -30 6 36 32 25 21 15 10
 4 -92 8 32 29 26 24 23 18 17 15
 8 -92 8 36 29 28 26 24 22 19 15
 4 -68 10 50 42 37 36 30 29 27 24 22 19
 7 -2 9 51 41 37 36 28 27 26 24 23
 10 -34 5 49 33 26 22 17
 9 -51 8 49 37 33 30 28 26 24 22
 9 -38 10 51 50 49 41 40 36 35 28 27 24
 10 -79 5 50 33 24 22 19
 9 -59 9 48 42 40 39 34 33 31 29 25
 7 -79 8 47 37 36 32 31 29 27 26
 2 -11 10 50 49 42 41 39 38 37 35 34 27
 7 -83 9 51 49 47 42 38 37 36 33 26
 2 -74 7 51 40 39 37 36 31 28
 7 -26 8 50 48 45 41 40 35 34 31
 8 -18 7 51 49 41 39 35 34 31
 6 -20 7 50 49 48 47 39 36 33
 10 -97 5 49 39 38 34 33
 9 -84 6 46 41 40 38 35 34
 8 -4 6 49 48 47 46 40 33
 5 -35 4 48 39 34 31
 4 -94 7 51 50 49 46 45 44 38
 2 -80 4 50 48 43 39
 7 -5 2 46 33
 8 -52 3 47 45 43
 10 -37 3 46 44 43
 1 -41 3 48 45 44
 1 -23 2 44 38
 4 -25 2 45 38
 9 -73 2 45 44
 4 -22 2 47 43
 8 -58 2 44 43
 9 -42 2 45 43
 10 -39 2 44 43
 4 -16 1 43
 2 -11 1 46
 1 -66 1 43
 8 -83 1 44
 9 -38 1 45
 5 -65 1 52
 4 -18 1 52
 1 -95 1 52
 5 -72 1 52
 2 -25 1 52
 7 -78 1 52
 8 -59 1 52
 7 -52 1 52
 3 -33 1 52
 0 12555 0
