62
 0 -10 7 2 3 4 5 7 9 15
 9 0 4 24 22 10 6
 9 -13 5 22 19 17 12 6
 9 -12 6 20 19 18 17 14 11
 3 -83 2 11 8
 6 -63 4 21 20 18 11
 10 -33 6 35 30 22 20 18 16
 10 -94 7 35 30 25 23 22 20 18
 1 -30 7 35 33 30 29 21 20 16
 2 -58 5 31 18 16 13 12
 4 -86 5 35 33 30 29 16
 8 -59 8 40 39 35 33 32 29 28 26
 2 -48 7 41 40 33 32 30 29 25
 7 -76 4 35 32 26 22
 6 -80 5 40 35 32 26 25
 4 -28 4 32 26 25 23
 2 -27 8 49 48 41 40 39 34 31 28
 1 -66 6 46 40 39 36 32 26
 6 -27 8 49 48 46 41 39 34 32 28
 8 -81 7 40 39 37 34 32 31 27
 7 -41 7 49 48 41 40 34 31 28
 5 -23 6 47 46 40 33 29 28
 10 -91 7 49 48 46 40 39 34 28
 3 -67 8 48 43 41 40 39 37 34 31
 6 -52 5 49 48 45 39 28
 6 -68 9 61 49 48 43 42 41 38 37 34
 7 -36 10 61 60 57 50 49 48 47 45 42 38
 10 -28 5 43 42 38 37 36
 4 -79 5 61 49 42 37 34
 6 -86 6 61 46 45 42 39 38
 3 -98 8 61 60 59 57 56 47 46 42
 6 -40 6 58 56 55 50 44 43
 8 -51 8 60 59 58 57 56 52 48 44
 10 -98 7 59 58 57 56 55 45 44
 8 -87 7 60 59 57 56 48 47 46
 1 -68 7 61 60 58 57 56 55 44
 8 -91 8 60 58 56 55 54 53 51 50
 2 -41 7 58 56 55 54 53 52 51
 3 -40 4 58 54 53 47
 5 -33 5 59 54 53 52 51
 7 -24 3 57 55 47
 4 -56 2 55 44
 9 -54 4 60 57 52 51
 6 -31 3 54 53 51
 4 -41 3 54 52 51
 4 -53 3 53 52 51
 8 -56 2 52 51
 7 -66 2 55 51
 2 -18 2 56 51
 8 -17 1 59
 4 -31 1 62
 4 -73 1 62
 6 -62 1 62
 1 -49 1 62
 9 -27 1 62
 3 -58 1 62
 6 -37 1 62
 8 -33 1 62
 5 -3 1 62
 2 -24 1 62
 7 0 1 62
 0 15025 0
