52
 0 -12 9 2 3 4 5 6 7 9 10 11
 9 -81 9 29 26 24 20 19 18 17 16 12
 2 -29 4 29 25 18 8
 2 -19 7 26 24 22 20 16 14 12
 8 -74 5 25 18 14 13 12
 3 -79 6 25 24 20 18 14 12
 10 -65 6 29 24 22 20 16 12
 7 -85 5 26 22 19 13 12
 3 -30 7 35 27 26 22 21 19 13
 3 -53 6 35 27 26 25 18 15
 2 -46 4 30 24 23 17
 5 -98 4 35 27 23 15
 3 -96 4 34 32 24 20
 7 -68 4 36 31 30 19
 9 -51 4 44 36 30 21
 2 -55 3 31 28 25
 1 -92 3 31 27 25
 9 -37 2 22 21
 8 -43 5 44 38 34 32 28
 10 -58 7 44 43 38 37 36 33 31
 10 -39 4 38 32 31 28
 4 -83 4 44 38 31 28
 7 -28 6 43 38 37 36 33 31
 3 -97 3 38 31 28
 1 -72 6 44 42 41 36 34 32
 2 -94 3 44 38 30
 6 -23 6 49 43 41 39 38 37
 8 -81 5 50 43 42 37 33
 10 -26 4 51 41 36 31
 6 -77 5 50 48 41 39 37
 4 -3 5 48 47 46 42 40
 2 -34 3 46 40 37
 7 -29 5 49 48 47 41 39
 4 -96 3 48 39 37
 9 -59 3 50 49 37
 2 -40 2 48 39
 10 -37 3 51 47 45
 5 0 2 50 42
 7 -39 2 46 45
 7 -59 2 50 49
 6 -72 1 45
 9 -72 1 45
 3 -16 1 48
 7 -81 1 49
 9 -41 1 52
 4 -93 1 52
 7 -42 1 52
 4 -44 1 52
 5 -75 1 52
 1 -36 1 52
 9 -10 1 52
 0 13845 0
