62
 0 -11 6 2 3 4 5 8 12
 7 -89 7 19 18 17 16 15 10 7
 4 -47 5 20 19 18 17 6
 4 -80 9 27 25 24 21 20 19 15 14 13
 7 -91 5 27 21 18 17 9
 4 -68 6 27 21 16 15 14 11
 10 -3 8 27 25 24 23 21 20 14 13
 2 -39 5 27 25 19 15 14
 2 -58 6 29 25 24 23 20 19
 5 -9 6 34 27 26 25 24 14
 2 -44 10 38 34 33 32 30 29 26 24 23 22
 1 -90 7 38 36 33 32 27 26 21
 4 -79 8 38 36 35 34 33 32 28 26
 2 -68 7 36 33 32 30 29 28 22
 7 -49 6 47 38 33 32 26 23
 7 -75 6 36 35 34 29 26 25
 2 -34 6 38 36 33 30 28 26
 5 -25 4 36 35 26 25
 1 -60 4 34 30 28 26
 7 -46 4 38 33 26 22
 6 -30 6 49 44 40 39 34 30
 1 -78 6 49 42 39 37 35 31
 1 -57 4 42 41 36 28
 6 -10 8 61 60 57 49 47 45 37 36
 4 -44 5 49 46 42 38 32
 1 -29 4 42 39 37 31
 10 -13 9 60 59 49 48 46 45 44 43 39
 3 -23 6 61 60 49 45 44 37
 5 -33 6 61 57 49 46 44 37
 10 -29 5 61 59 43 42 35
 7 -17 4 59 44 43 40
 9 -89 11 61 60 59 58 57 55 54 53 52 51 45
 4 -11 8 60 57 55 54 48 46 45 44
 8 -90 9 61 60 59 58 57 56 50 48 46
 2 -24 7 58 57 55 52 51 47 45
 3 -36 6 58 55 54 51 48 44
 8 -70 5 59 58 53 48 43
 4 -51 4 59 53 48 43
 8 -39 8 61 58 57 56 55 54 52 50
 2 -41 7 60 57 55 54 51 50 48
 1 -66 6 57 56 54 50 49 48
 10 -19 6 58 54 53 51 50 48
 10 -3 5 55 54 52 51 50
 1 -19 3 56 53 50
 3 -23 2 56 50
 7 -64 2 53 51
 2 -44 2 53 50
 3 -69 1 52
 1 -27 1 51
 5 -59 1 62
 4 -14 1 62
 5 -59 1 62
 6 -71 1 62
 2 -81 1 62
 7 -43 1 62
 3 -71 1 62
 5 -76 1 62
 4 -88 1 62
 1 -10 1 62
 9 -100 1 62
 1 -14 1 62
 0 14495 0
