62
 0 -55 13 2 3 4 5 7 8 9 10 11 12 13 15 16
 10 -98 8 30 28 25 23 22 19 17 14
 7 -79 4 27 19 17 6
 7 -34 7 28 27 25 22 19 17 14
 8 -92 9 37 35 30 27 26 23 22 20 18
 8 -31 7 35 32 26 24 23 22 18
 9 -51 6 30 28 22 20 19 17
 5 -4 10 35 33 32 31 30 28 26 24 21 20
 1 -29 4 28 23 19 14
 9 -4 7 37 30 28 23 21 20 19
 1 -18 8 37 35 33 31 30 26 21 20
 2 -46 5 35 34 30 21 19
 5 -14 7 40 37 33 32 31 26 20
 2 -15 6 37 32 31 26 21 20
 8 -23 4 37 34 28 19
 9 -69 3 32 28 19
 6 -32 6 44 35 33 32 31 21
 2 -51 4 34 33 28 21
 9 -64 6 40 38 36 33 31 26
 4 -42 6 46 43 38 36 34 29
 6 -61 6 46 43 40 38 36 29
 1 -80 6 46 44 43 38 33 29
 1 -97 4 44 43 31 29
 10 -90 8 49 46 44 43 42 41 38 37
 9 -59 4 46 44 38 29
 1 -21 3 44 43 29
 3 -30 5 48 46 44 42 32
 3 -25 6 61 46 45 44 41 40
 6 -51 7 59 49 48 45 42 41 39
 9 -43 4 60 43 40 39
 1 -91 7 61 60 54 49 48 46 42
 8 -6 4 59 49 41 39
 10 -7 7 61 60 59 54 48 45 42
 5 -84 7 59 57 56 55 48 47 44
 7 -83 6 59 56 54 49 47 45
 5 -93 9 61 59 57 56 55 54 52 51 47
 9 -11 7 61 59 57 56 54 51 45
 6 -51 7 60 59 58 57 56 54 48
 2 -28 6 61 57 55 54 51 47
 10 -71 5 59 55 53 49 48
 9 -51 5 60 56 55 54 47
 3 -27 6 58 56 53 52 51 50
 3 -49 6 57 56 54 53 52 51
 4 -79 5 60 54 52 51 50
 2 -38 4 55 53 52 50
 4 -70 4 59 55 51 50
 7 -71 3 58 53 50
 7 -96 3 52 51 50
 3 -90 3 57 52 51
 4 -35 1 62
 4 -47 1 62
 10 -9 1 62
 5 -17 1 62
 3 -3 1 62
 3 -35 1 62
 9 -88 1 62
 1 -39 1 62
 5 -66 1 62
 6 -55 1 62
 7 -88 1 62
 4 0 1 62
 0 14930 0
