62
 0 -78 11 2 3 4 5 6 7 8 11 12 13 19
 9 -22 7 28 20 17 16 15 14 9
 6 -84 4 28 18 14 10
 4 -16 3 28 14 10
 1 -32 8 30 28 27 24 23 22 21 18
 7 -89 8 30 28 27 25 24 23 21 18
 3 -89 7 30 27 25 24 22 21 18
 6 -6 3 32 30 10
 3 -29 6 30 27 25 24 21 18
 1 -47 3 26 22 17
 6 -82 3 32 26 17
 1 -9 8 45 34 32 30 28 27 26 21
 2 -56 6 32 30 27 24 21 20
 3 -77 5 32 31 30 22 21
 2 -14 6 45 34 32 27 26 21
 9 -31 6 41 32 31 30 29 22
 7 -97 5 45 40 27 25 24
 3 -9 7 47 45 38 34 33 32 26
 1 -31 4 45 34 31 21
 1 -35 9 48 47 45 42 40 39 36 34 29
 6 -54 7 48 47 42 41 39 36 29
 6 -95 9 47 45 42 40 38 37 36 35 34
 4 -17 6 48 42 39 34 33 31
 9 -97 5 47 42 41 36 29
 1 -51 7 60 48 41 39 38 34 33
 10 -27 3 42 40 31
 8 -4 2 42 31
 7 -29 5 55 48 46 39 35
 7 -46 3 37 35 33
 10 -2 6 61 60 59 58 39 37
 9 -14 5 57 56 43 37 35
 8 -21 6 59 55 48 46 44 39
 4 -82 7 59 57 56 53 46 44 43
 7 -74 9 61 57 56 55 54 53 50 49 46
 3 -35 7 61 60 59 58 53 52 44
 10 -45 6 60 56 55 54 53 43
 1 -51 4 55 53 46 44
 10 -79 6 58 55 54 53 50 46
 8 -57 4 57 56 53 43
 9 -15 3 58 53 43
 6 -35 3 57 53 43
 10 -68 6 56 53 52 51 50 49
 8 -91 4 52 51 50 49
 1 -15 4 54 51 50 49
 2 -47 3 55 54 50
 2 -51 2 52 51
 9 -100 2 53 49
 9 -63 1 49
 10 -23 1 62
 2 -8 1 62
 7 -54 1 62
 1 -45 1 62
 10 -51 1 62
 2 -81 1 62
 6 -79 1 62
 2 -25 1 62
 3 -59 1 62
 5 -74 1 62
 5 -90 1 62
 8 -45 1 62
 3 -74 1 62
 0 15030 0
