62
 0 -64 7 2 4 6 7 9 14 15
 8 -20 6 20 17 16 12 10 3
 1 -4 4 19 13 8 5
 4 -93 6 30 25 23 19 17 10
 3 -45 7 31 30 29 25 22 21 18
 3 -87 5 31 25 23 18 13
 8 -29 5 25 22 19 18 11
 7 -91 5 29 25 23 22 18
 3 -56 5 31 26 25 21 18
 8 -17 4 31 29 22 18
 1 -4 7 37 36 29 27 26 24 23
 4 -53 4 36 31 23 22
 4 -63 7 36 35 33 32 29 28 22
 3 -53 7 36 35 33 32 31 28 22
 7 -29 7 36 35 33 32 31 30 22
 5 -53 8 37 33 32 30 28 27 26 24
 10 -14 6 36 35 33 32 28 22
 10 -60 8 48 37 36 33 32 28 27 24
 10 -11 6 42 39 37 36 33 26
 4 -98 5 48 46 37 28 24
 1 -61 4 48 32 27 24
 8 -74 5 51 42 37 27 26
 9 -96 7 48 43 39 35 33 32 28
 1 -74 11 51 50 47 45 43 42 41 40 39 35 34
 6 -55 10 50 48 47 46 45 41 40 39 35 34
 6 -7 8 50 48 47 46 43 41 40 34
 7 -90 8 50 49 46 45 44 41 39 38
 8 -1 5 51 50 47 40 34
 4 -84 10 61 59 58 55 50 47 45 44 43 42
 1 -79 7 60 51 50 49 48 42 41
 6 -77 8 58 57 56 55 49 48 45 44
 8 -96 7 61 59 58 55 54 45 42
 6 -48 6 59 55 51 47 45 44
 3 -21 5 61 60 49 44 38
 6 -48 8 61 59 58 57 56 55 49 44
 7 -29 7 60 58 57 56 55 54 51
 1 -7 3 59 44 40
 4 -85 7 59 58 56 55 54 53 52
 5 0 7 58 57 56 55 54 53 52
 7 -36 5 57 55 54 53 52
 3 -98 5 61 58 55 54 53
 8 -64 4 57 56 53 52
 1 -8 3 57 56 49
 1 -53 3 54 53 52
 5 -32 3 60 53 52
 6 -23 3 55 54 52
 7 -18 2 56 49
 10 -18 2 59 52
 8 -57 1 52
 8 -28 1 57
 8 -38 1 53
 7 -46 1 62
 1 -18 1 62
 2 -66 1 62
 7 -40 1 62
 5 -67 1 62
 2 -73 1 62
 8 -76 1 62
 6 -40 1 62
 6 -82 1 62
 6 -64 1 62
 0 15105 0
