62
 0 -66 4 2 3 4 12
 1 -6 5 16 10 9 7 6
 1 -58 5 19 11 10 8 5
 4 -8 3 11 8 5
 1 -68 3 15 14 7
 3 -49 5 20 19 18 15 14
 2 -41 4 22 20 18 13
 3 -47 3 20 14 13
 8 -52 3 20 15 14
 1 -74 2 14 13
 3 -20 2 18 15
 7 -63 1 14
 2 -56 3 25 23 17
 10 -83 2 22 17
 4 -94 5 33 24 23 22 21
 4 -76 5 28 25 24 23 21
 4 -99 3 28 24 21
 10 -46 3 25 24 23
 10 -66 3 28 27 24
 2 -42 5 37 32 31 28 27
 6 -66 3 31 27 26
 7 -9 2 31 25
 10 -14 4 37 31 29 27
 9 -19 2 31 26
 4 -34 1 26
 8 -13 4 37 34 30 29
 3 -71 3 38 34 30
 5 -59 5 42 38 36 35 33
 5 -56 4 42 38 35 32
 10 -82 6 43 42 41 39 36 35
 4 -47 3 43 39 34
 2 -14 6 49 48 43 41 40 39
 7 -4 7 50 49 48 45 44 43 41
 5 -75 6 49 48 47 46 42 40
 3 -19 6 54 49 48 47 46 40
 7 -52 5 54 49 47 46 40
 9 -27 3 49 43 40
 9 -67 4 50 49 44 41
 3 -52 4 54 50 46 45
 2 -18 3 50 45 44
 2 -90 3 54 47 46
 3 -63 4 54 53 52 50
 10 -2 3 54 51 47
 3 -1 3 53 52 51
 5 -42 3 53 52 51
 6 -44 3 61 52 51
 4 -41 5 60 59 58 57 53
 6 -37 2 52 51
 8 -96 3 58 57 53
 9 -98 2 56 51
 7 -71 4 60 58 57 55
 7 -40 4 59 57 56 55
 4 -74 3 61 56 55
 4 -73 3 59 56 55
 10 -28 1 62
 2 -78 1 62
 7 -74 1 62
 7 -18 1 62
 5 -37 1 62
 5 -96 1 62
 9 -13 1 62
 0 15140 0
