52
 0 -85 5 2 4 5 7 9
 1 -47 5 13 12 11 6 3
 8 -88 7 29 19 18 17 16 10 8
 1 -22 6 24 23 21 19 14 12
 8 -37 5 31 21 17 14 13
 8 -15 5 24 23 21 15 14
 4 -59 8 34 31 26 24 23 22 18 16
 3 -28 9 35 34 31 26 24 23 22 21 20
 7 -59 8 34 33 31 29 26 24 23 16
 10 -10 5 26 24 21 20 15
 10 -70 5 31 26 24 23 14
 4 -68 9 35 34 33 31 28 26 25 22 20
 6 -100 7 35 34 33 26 23 22 20
 3 -1 4 33 29 25 16
 7 -20 8 35 34 33 31 30 27 25 22
 3 -11 4 39 35 28 20
 2 -8 4 30 28 27 22
 10 -93 5 37 33 30 27 25
 2 -75 7 50 41 37 36 33 32 30
 7 -62 5 41 37 36 30 27
 5 -82 5 39 36 33 30 27
 5 -12 8 50 48 47 41 39 37 36 32
 6 -46 2 30 25
 4 -24 2 28 25
 4 -9 8 51 50 49 48 47 41 36 32
 10 -66 6 50 48 47 41 37 32
 2 -99 6 51 50 49 48 47 32
 6 -51 5 50 49 48 36 32
 6 -53 7 51 48 47 46 41 40 36
 5 -18 8 51 48 47 46 45 44 42 40
 5 -77 5 48 46 45 43 38
 3 -63 4 46 45 40 38
 2 -98 5 49 47 45 42 40
 10 -100 5 49 47 46 45 43
 10 -8 3 50 43 38
 6 -13 3 45 43 42
 10 -27 3 49 44 42
 9 -98 2 44 42
 4 -10 2 51 42
 3 -23 1 43
 9 -7 1 44
 3 -43 1 52
 10 -24 1 52
 7 -88 1 52
 4 -90 1 52
 10 -52 1 52
 9 -80 1 52
 6 -59 1 52
 5 -70 1 52
 2 -39 1 52
 4 -15 1 52
 0 12510 0
