62
 0 -11 7 2 3 4 5 6 10 11
 8 -31 6 14 13 12 9 8 7
 3 -7 4 23 19 15 14
 4 -58 3 18 13 8
 7 -3 3 18 15 8
 5 -47 2 14 8
 8 -2 4 24 19 18 15
 10 -57 5 24 23 22 19 17
 7 -46 5 23 22 19 18 17
 10 -40 3 24 23 16
 1 -8 4 23 22 19 17
 1 -47 2 19 15
 6 -12 5 25 24 23 22 19
 3 -9 4 24 22 20 18
 5 -29 3 22 20 17
 8 -87 3 22 20 17
 4 -100 3 27 25 21
 5 -2 3 27 26 21
 2 -9 2 28 20
 6 -42 5 36 31 30 29 26
 2 -39 5 36 32 30 29 28
 9 -18 4 44 32 29 27
 3 -74 5 44 36 31 30 29
 6 -92 5 36 34 31 30 28
 7 -37 4 36 32 29 28
 5 -59 6 44 37 35 34 33 32
 1 -91 3 36 34 31
 8 -86 6 45 44 38 37 35 33
 7 -58 4 37 35 34 33
 9 -7 4 47 39 37 35
 5 -19 2 35 33
 5 -48 4 47 42 40 38
 3 -98 3 47 42 39
 4 -46 2 45 38
 4 -27 4 43 42 41 40
 6 -86 2 47 39
 1 -95 3 43 42 41
 3 -41 1 39
 1 -4 2 43 41
 10 -32 5 52 51 50 49 48
 4 -45 2 52 46
 4 -74 2 52 46
 6 -67 4 52 51 49 48
 10 -2 4 51 50 49 48
 8 -34 5 61 55 51 50 49
 10 -52 3 51 49 48
 5 -92 4 61 52 50 49
 3 -81 6 61 59 58 57 55 53
 2 -83 5 60 59 58 57 53
 1 -20 4 60 59 57 54
 10 -92 3 58 57 53
 2 -15 2 57 54
 1 -9 1 54
 5 -27 1 56
 10 -56 1 56
 7 -85 1 62
 6 -95 1 62
 2 -87 1 62
 1 -84 1 62
 6 -47 1 62
 6 -37 1 62
 0 14440 0
