52
 0 -94 4 2 3 5 9
 3 -36 6 17 15 13 8 6 4
 5 -62 5 17 13 10 6 4
 7 -52 6 25 22 18 16 14 7
 8 -2 7 25 22 21 20 19 14 11
 4 -47 3 22 12 7
 7 -16 6 31 24 23 21 20 19
 1 -19 4 27 24 20 16
 1 -64 7 51 31 27 24 23 21 19
 1 -86 3 21 16 15
 4 -94 6 31 29 28 26 24 23
 2 0 7 51 33 31 28 27 26 23
 6 -53 6 51 32 31 27 24 19
 1 -1 7 51 33 32 31 28 27 26
 2 -88 6 41 32 31 29 28 27
 4 -41 4 51 32 31 19
 4 -6 2 21 19
 3 -15 6 42 34 33 31 30 26
 3 -3 5 42 33 30 28 26
 8 -48 6 50 41 37 34 32 29
 6 -85 5 42 41 32 30 28
 6 -96 9 51 50 48 42 41 40 37 35 33
 6 -42 7 49 48 42 41 35 34 32
 1 -24 6 49 42 41 40 37 30
 1 -72 6 48 42 41 35 34 33
 7 -72 7 50 48 41 40 37 36 35
 10 -16 4 49 42 37 30
 10 -49 9 50 49 48 47 40 39 38 37 36
 2 -8 4 51 48 39 33
 2 -94 5 48 47 45 36 35
 4 -99 6 49 47 46 38 37 36
 10 -86 5 47 45 43 39 38
 10 -72 4 49 45 38 36
 4 -33 4 47 46 40 36
 4 -4 3 43 39 38
 9 -82 2 44 43
 8 -65 2 45 43
 1 -46 1 44
 4 -28 1 46
 4 -58 1 43
 5 -4 1 47
 2 -29 1 45
 10 -4 1 52
 9 -69 1 52
 5 -38 1 52
 8 -69 1 52
 7 -71 1 52
 1 -80 1 52
 10 -70 1 52
 7 -48 1 52
 4 -67 1 52
 0 12535 0
