62
 0 -76 7 2 3 4 5 6 7 10
 4 -99 7 18 17 16 14 12 11 8
 9 -39 9 34 20 19 18 17 16 15 14 9
 4 -25 9 32 27 23 21 20 17 16 14 12
 8 -99 6 23 19 18 15 14 13
 8 -100 5 34 18 17 15 9
 2 -62 8 35 34 32 25 22 21 19 14
 3 -35 7 34 24 23 22 21 20 19
 7 -23 9 32 30 29 27 26 25 24 23 22
 6 -35 6 41 34 32 29 20 17
 3 -86 11 51 41 39 38 35 34 33 32 30 27 22
 1 -96 6 31 30 29 26 25 24
 1 -97 6 38 35 34 32 27 24
 2 -88 10 51 42 41 38 37 36 31 29 28 26
 9 -28 5 35 30 28 25 22
 2 -5 7 37 35 33 31 30 28 25
 3 -81 5 39 35 30 25 22
 9 -97 7 41 36 35 33 32 31 25
 8 -76 4 42 38 31 28
 5 -50 4 42 35 33 26
 2 -83 3 33 30 26
 6 -39 5 43 42 37 36 31
 4 -90 5 43 41 39 33 31
 10 -37 4 51 42 41 28
 1 -91 7 51 50 45 44 43 40 38
 10 -55 8 60 50 47 45 44 43 40 39
 6 -86 2 36 31
 2 -12 9 61 60 50 48 47 45 43 40 39
 5 -29 5 61 45 43 39 33
 10 -58 6 60 48 45 43 42 40
 1 -73 8 60 59 50 49 47 46 45 44
 1 -71 4 50 44 42 40
 9 -28 4 60 48 47 40
 10 -5 7 61 60 59 58 52 49 43
 8 -92 7 60 59 57 49 48 47 46
 1 -34 4 61 60 56 40
 3 -69 7 61 60 55 52 50 48 47
 5 -8 6 60 57 56 52 47 46
 7 -52 6 59 58 56 55 52 49
 3 -56 5 59 57 52 49 46
 1 -100 5 61 60 57 55 49
 1 -73 4 61 59 55 47
 9 -82 3 57 56 46
 1 -77 3 61 55 48
 7 -36 3 57 55 52
 1 -49 3 55 54 53
 3 -65 3 58 54 53
 10 -16 3 56 54 53
 1 -36 2 54 53
 6 -62 2 56 53
 7 -11 2 55 53
 5 -27 1 53
 2 -49 1 62
 6 -76 1 62
 8 -7 1 62
 8 -59 1 62
 2 -30 1 62
 2 -85 1 62
 2 -90 1 62
 5 -64 1 62
 7 -70 1 62
 0 17645 0
