52
 0 -50 7 2 3 4 5 8 9 13
 5 -69 7 25 23 19 18 14 12 7
 3 -29 4 19 17 14 6
 1 -24 4 18 12 11 10
 1 -75 7 23 22 21 20 19 17 16
 10 -53 4 23 22 15 12
 8 -76 5 22 21 20 17 15
 6 -44 5 25 22 20 19 16
 10 -16 6 31 29 27 23 20 19
 9 -84 4 26 23 19 16
 2 -79 5 30 29 22 20 19
 10 -84 4 28 21 20 16
 10 -94 8 34 32 31 30 29 28 24 21
 10 -42 6 34 29 28 26 24 22
 7 -65 7 34 32 31 30 28 26 24
 6 -80 9 51 37 33 32 31 30 29 27 24
 4 -39 8 43 39 35 34 32 31 29 26
 1 -40 5 37 32 30 28 26
 3 -60 5 51 34 33 28 24
 2 -72 5 39 37 35 32 26
 9 -30 5 39 37 35 27 26
 8 -96 7 46 45 43 38 35 32 31
 9 -65 5 50 46 41 37 30
 2 -96 7 46 45 43 41 39 38 35
 2 -84 6 51 49 46 43 38 33
 2 -10 6 51 50 49 46 41 33
 2 -39 6 49 46 45 41 40 38
 4 -69 5 45 40 39 38 35
 9 -22 6 50 49 46 45 42 40
 3 -63 3 45 40 35
 4 -79 4 50 49 42 40
 10 -68 2 50 36
 7 -84 3 45 42 40
 7 -25 1 37
 5 -10 3 49 44 42
 5 -32 2 42 40
 6 -3 1 38
 7 -76 2 44 42
 1 -63 2 44 42
 6 -26 2 47 44
 5 -80 2 47 44
 2 -59 2 48 47
 2 -79 2 50 47
 4 -17 1 48
 5 -60 1 47
 8 -97 1 48
 8 -61 1 52
 3 -23 1 52
 2 -7 1 52
 3 -58 1 52
 8 -21 1 52
 0 13885 0
