62
 0 -62 5 2 3 4 6 7
 1 -84 6 14 12 11 10 9 8
 8 -49 3 14 11 5
 3 -21 4 14 11 10 8
 8 -30 3 10 9 8
 6 -63 3 14 9 8
 1 -52 3 14 9 8
 10 -44 3 19 15 13
 10 -3 3 19 15 13
 8 -25 3 19 15 13
 9 -58 6 23 21 20 19 18 16
 7 -33 4 23 21 18 16
 8 -47 3 23 20 16
 3 -43 5 25 22 21 18 17
 9 -74 6 36 25 24 23 21 18
 7 -88 5 27 25 24 22 17
 1 -97 6 38 36 32 30 28 26
 2 -40 6 38 34 31 30 28 27
 6 -23 6 38 34 31 30 28 27
 6 -50 3 28 25 24
 3 -89 6 38 34 32 31 30 28
 8 -5 5 38 36 32 31 28
 6 -71 4 34 31 28 27
 10 -38 5 38 34 33 31 29
 5 -73 5 42 38 35 32 31
 1 -11 3 34 31 29
 4 -22 5 42 41 37 33 32
 9 -11 4 40 37 33 29
 9 -28 4 42 41 39 35
 7 -83 4 42 40 39 35
 2 -74 4 43 40 39 37
 7 -91 4 47 43 40 39
 10 -5 2 39 35
 6 -60 5 49 47 45 43 41
 2 -96 6 49 47 46 45 44 43
 3 -3 3 49 42 40
 3 -35 5 50 49 47 45 44
 9 -98 3 50 47 41
 3 -41 5 52 50 49 48 45
 1 -73 5 55 51 50 46 44
 3 -19 5 58 55 51 46 44
 5 -43 4 52 50 48 45
 2 -83 5 61 57 55 54 50
 1 0 3 57 52 48
 6 -43 3 55 53 51
 7 -22 2 57 48
 1 -80 3 55 54 51
 10 -82 3 61 54 53
 7 -35 4 61 60 57 56
 5 -76 3 60 58 56
 10 -41 2 61 57
 10 -91 2 60 56
 7 -23 2 60 59
 6 -63 1 56
 3 -91 1 56
 1 -35 1 59
 2 -1 1 59
 9 -10 1 59
 6 -66 1 62
 3 -92 1 62
 7 -22 1 62
 0 15055 0
