52
 0 -4 14 2 3 4 5 6 7 8 9 10 12 13 15 17 37
 2 -18 9 29 26 25 24 22 21 20 19 11
 8 -23 11 50 49 40 32 31 29 28 27 26 25 19
 8 -60 7 51 31 29 23 22 16 14
 9 -29 10 51 50 47 36 33 32 31 26 25 20
 9 -9 7 31 28 26 23 22 21 16
 10 -31 7 51 39 31 25 23 21 18
 5 -95 10 50 49 40 39 35 33 28 26 23 21
 6 -61 12 51 50 49 46 40 39 35 33 32 31 28 21
 10 -67 10 50 49 40 39 36 31 30 27 25 23
 2 -16 7 51 40 36 32 31 27 18
 3 -74 9 51 50 49 39 36 34 30 28 23
 6 -28 4 39 36 35 18
 3 -41 9 50 49 47 40 36 34 32 30 28
 5 -65 7 50 49 47 40 33 28 25
 2 -27 10 50 49 47 46 40 39 38 35 34 32
 3 -68 6 50 49 46 39 31 21
 4 -56 7 50 49 48 47 34 30 28
 6 -5 7 51 48 47 44 39 36 30
 2 -47 6 49 40 39 35 34 28
 9 -97 6 48 47 44 43 38 36
 7 -65 6 49 47 44 43 38 35
 10 -54 4 47 46 38 32
 8 -86 7 47 46 44 43 42 41 38
 8 -22 5 46 44 43 38 35
 2 -64 3 44 42 30
 8 -4 5 47 46 45 44 35
 8 -97 5 44 43 42 41 38
 7 -45 3 46 42 33
 2 -64 4 46 43 41 38
 5 -24 3 44 42 34
 8 -2 4 44 43 42 41
 8 -18 1 34
 1 -44 2 43 41
 4 -71 2 42 41
 1 -72 2 42 41
 2 -45 2 51 42
 1 -52 1 45
 4 -39 1 41
 8 -28 1 48
 1 -40 1 52
 4 -6 1 52
 5 -33 1 52
 8 -96 1 52
 9 -6 1 52
 3 -85 1 52
 5 -95 1 52
 5 -59 1 52
 2 -93 1 52
 3 -60 1 52
 10 -87 1 52
 0 12385 0
