62
 0 -97 10 2 3 4 5 7 8 10 13 16 17
 6 -35 4 19 14 11 9
 4 -48 4 27 19 14 6
 8 -26 4 22 19 11 9
 1 -41 3 15 12 9
 5 0 7 33 30 25 24 23 22 18
 1 -29 7 33 30 27 25 22 21 20
 8 -75 6 36 27 26 22 21 19
 7 -23 7 33 30 29 27 24 23 18
 5 -37 7 33 30 29 27 25 21 20
 7 -14 6 33 29 26 25 24 18
 3 -23 5 33 27 25 21 18
 4 -37 9 36 34 33 30 28 26 25 24 22
 7 -13 5 36 31 28 22 21
 9 -32 9 37 36 35 34 33 32 30 29 26
 8 -42 8 49 38 36 35 33 27 25 24
 9 -97 6 34 31 30 29 27 24
 6 -6 3 41 34 20
 7 -32 7 41 37 35 34 33 30 25
 10 -20 7 47 40 37 36 35 31 28
 2 -8 3 49 34 24
 2 -81 8 48 47 42 41 39 37 32 29
 4 -3 6 47 39 37 32 31 28
 2 -73 8 48 47 42 41 40 39 37 32
 1 -44 6 47 46 45 44 40 31
 5 -22 6 47 45 44 43 38 31
 1 -43 7 59 47 46 45 44 42 40
 2 -17 9 61 53 52 49 46 45 44 43 38
 3 -85 5 61 59 44 40 38
 3 -58 7 61 60 50 49 48 43 39
 2 -59 8 61 59 58 57 53 52 48 42
 3 -9 8 60 59 53 50 46 45 44 43
 8 -87 8 60 59 57 52 50 47 44 43
 3 -36 6 61 57 51 47 43 39
 6 -37 5 61 51 45 43 39
 9 -66 7 59 58 57 52 50 44 43
 7 -49 5 60 56 53 52 50
 1 -49 5 60 58 57 55 50
 5 -81 3 59 52 44
 7 -3 3 53 52 43
 6 -93 3 61 57 43
 6 -58 3 60 55 50
 9 -91 3 56 55 54
 6 -14 3 56 55 54
 9 -55 3 58 57 54
 1 -51 2 55 51
 8 -29 2 58 56
 8 -24 2 56 55
 10 -91 2 57 54
 5 -23 1 51
 1 -5 1 54
 3 -84 1 54
 10 -18 1 54
 2 -64 1 62
 6 -73 1 62
 5 -38 1 62
 8 -9 1 62
 4 -53 1 62
 1 -82 1 62
 2 -70 1 62
 7 -54 1 62
 0 13580 0
