62
 0 -56 6 2 3 4 5 8 11
 9 -80 4 13 10 7 6
 9 -82 5 19 15 14 13 12
 4 -55 5 19 16 15 14 13
 9 -34 2 12 7
 4 -5 3 19 12 9
 9 -75 3 16 15 14
 9 -95 3 19 15 14
 5 -30 3 20 18 15
 6 -90 3 23 17 14
 4 -93 3 19 18 15
 9 -82 4 23 21 20 17
 9 -67 4 22 21 20 17
 3 -15 4 28 22 20 18
 3 -88 3 23 22 17
 4 -20 5 30 28 25 21 20
 10 -45 5 30 28 26 25 24
 3 -78 4 30 25 24 21
 1 -60 4 30 28 24 21
 6 -4 3 31 29 24
 9 -44 3 31 29 27
 5 -66 2 29 24
 2 -70 2 29 27
 3 -27 2 35 27
 5 -86 5 39 38 35 32 31
 7 -44 5 39 38 35 32 31
 10 -61 5 39 38 37 33 32
 10 -66 3 39 32 29
 8 -48 3 38 36 35
 3 -26 3 37 36 35
 5 -57 2 37 34
 4 0 1 34
 2 -26 1 34
 8 -37 3 45 40 36
 2 -71 6 47 45 43 42 41 40
 3 -29 5 47 46 43 42 41
 1 -36 4 47 43 42 40
 9 -16 3 48 47 40
 4 -76 4 48 47 46 44
 1 -2 4 54 51 46 44
 3 -67 4 54 52 51 44
 3 -45 3 51 48 44
 10 -100 2 52 44
 1 -40 4 60 58 57 50
 10 0 4 59 53 52 51
 4 -91 2 50 49
 4 -50 2 52 51
 10 -90 4 58 57 56 54
 8 -90 4 61 60 59 55
 7 -13 3 59 55 53
 10 -35 2 58 56
 7 -29 2 57 55
 4 -46 1 56
 6 -37 1 55
 1 -73 1 62
 9 -3 1 62
 3 -10 1 62
 6 -26 1 62
 9 -98 1 62
 3 -35 1 62
 5 -39 1 62
 0 15295 0
