52
 0 -32 10 2 3 4 5 6 7 8 10 11 14
 8 -40 6 29 27 16 15 13 9
 7 -16 8 29 27 22 19 18 17 16 12
 9 -55 7 28 27 22 19 18 16 13
 7 -97 7 29 28 27 22 21 17 16
 8 -85 5 29 28 17 16 12
 1 -5 6 34 29 28 27 26 12
 7 -68 4 43 34 27 13
 9 -97 3 18 17 12
 7 -63 5 34 27 23 20 18
 7 -43 7 43 34 30 27 25 21 20
 10 -93 6 43 30 25 23 21 20
 2 -39 2 21 17
 9 -91 6 38 28 26 25 23 20
 5 -31 5 35 34 28 22 21
 9 -42 7 43 38 34 33 26 25 24
 3 -88 5 38 30 25 23 20
 2 -44 5 43 35 32 30 21
 8 -44 5 43 38 35 34 24
 9 -74 4 35 33 32 24
 4 -9 3 38 33 24
 10 -83 5 43 36 33 32 31
 3 -7 2 33 24
 7 -27 5 51 50 37 36 31
 8 -31 5 51 39 35 32 31
 10 -82 4 50 36 32 31
 1 -71 5 51 39 37 35 31
 3 -64 5 50 48 39 37 31
 7 -81 6 49 47 42 41 37 36
 3 -28 3 48 39 31
 5 -64 5 49 47 42 41 40
 10 -76 5 49 47 41 40 37
 3 -51 5 50 48 46 42 39
 4 -71 5 50 47 45 42 41
 1 -96 5 48 47 46 45 44
 5 -70 3 48 46 39
 4 -95 3 46 45 44
 2 -29 3 47 45 44
 2 -20 2 45 44
 2 -90 2 45 44
 8 -91 1 46
 5 -58 1 44
 1 -93 1 44
 1 -50 1 52
 8 -99 1 52
 10 -62 1 52
 7 -84 1 52
 5 -80 1 52
 8 -12 1 52
 2 -72 1 52
 6 -23 1 52
 0 15080 0
