62
 0 -84 3 2 4 5
 4 -58 5 11 10 8 6 3
 7 -68 5 20 15 12 9 7
 3 -91 4 20 18 12 6
 10 -32 2 20 6
 10 -3 2 15 9
 3 -15 5 28 21 18 16 13
 7 -71 4 21 19 16 13
 4 -63 4 21 16 14 13
 6 -27 3 20 19 13
 1 -43 3 19 14 13
 3 -21 3 28 21 14
 8 -48 3 25 22 17
 9 -35 3 25 22 17
 4 -67 3 25 22 19
 5 -14 2 22 17
 10 0 4 27 26 24 23
 7 -67 3 24 23 22
 3 -26 3 28 26 23
 3 -88 3 27 24 23
 7 -88 2 23 22
 4 -69 4 34 30 29 26
 9 -32 6 34 33 32 31 30 29
 8 -52 6 35 34 33 31 30 29
 8 -45 5 34 33 32 31 29
 3 -45 5 37 35 33 32 31
 9 -94 4 34 33 31 29
 5 -61 5 41 39 37 36 33
 9 -20 7 42 41 40 39 38 37 36
 6 -77 7 42 41 40 39 38 37 36
 8 -95 7 47 42 41 40 39 38 36
 5 -100 5 47 46 40 38 36
 1 -3 7 48 47 46 45 42 40 38
 5 -62 7 56 48 47 46 45 42 40
 2 -100 5 56 45 43 42 40
 8 -63 4 56 45 44 43
 8 -86 5 56 51 50 47 44
 1 -80 4 56 51 50 44
 2 -1 3 56 48 44
 2 -72 3 51 50 44
 4 -62 3 50 46 45
 2 -84 5 55 54 52 50 49
 5 -7 3 55 51 48
 7 -49 5 61 55 54 53 49
 9 -48 3 60 55 51
 9 -47 3 54 53 51
 5 -95 3 57 53 52
 9 -11 2 52 50
 7 -89 2 60 57
 4 -64 1 53
 3 -84 1 52
 4 -51 2 61 58
 3 -22 2 60 58
 9 -7 2 60 58
 4 -75 1 57
 8 0 1 57
 4 -88 1 58
 1 -77 1 59
 10 -14 1 62
 9 -16 1 62
 2 -43 1 62
 0 15995 0
