52
 0 -58 8 2 3 4 5 6 7 8 10
 2 -83 8 19 17 16 15 14 12 11 9
 2 -48 9 25 20 19 18 17 15 14 13 9
 10 -66 6 25 20 19 15 13 11
 6 -97 6 25 20 19 15 14 13
 3 -58 4 25 21 17 13
 10 -44 5 25 24 20 17 14
 3 -67 6 31 25 23 22 20 15
 5 -46 7 36 31 30 26 24 22 21
 1 -17 6 31 28 26 25 22 21
 10 -72 7 36 30 29 26 24 23 22
 4 -95 6 33 30 28 27 25 20
 3 -94 6 36 31 29 24 23 22
 3 -11 6 31 30 29 28 26 22
 1 -30 5 36 32 28 26 21
 7 -49 7 35 33 32 30 29 27 26
 2 -48 6 32 30 29 28 27 26
 10 -58 5 35 33 32 30 21
 6 -46 7 44 43 42 37 34 33 28
 3 -20 5 44 43 36 29 26
 9 -18 3 44 29 27
 7 -39 6 44 42 37 35 33 32
 5 -86 6 43 42 37 35 34 33
 8 -54 5 43 42 37 34 28
 2 -4 6 41 37 36 35 34 32
 8 -57 7 49 42 41 40 38 37 34
 6 -41 9 51 50 49 43 42 40 39 38 37
 6 -91 8 51 50 46 41 40 39 38 35
 4 -51 5 49 41 40 38 34
 6 -42 8 51 50 49 47 44 43 42 39
 9 -84 7 51 50 46 41 39 38 35
 1 -4 6 51 49 46 40 39 38
 2 -81 6 50 49 46 41 40 38
 3 -88 4 51 50 46 39
 10 -57 3 49 48 45
 4 -17 2 48 38
 7 -17 2 47 46
 1 -14 1 45
 2 0 1 48
 9 -4 1 47
 8 -98 1 47
 2 -34 1 46
 7 -27 1 45
 6 -11 1 45
 3 -78 1 52
 8 -40 1 52
 1 -27 1 52
 5 -55 1 52
 3 -27 1 52
 9 -96 1 52
 6 -84 1 52
 0 12665 0
