62
 0 -71 6 2 3 4 5 7 10
 9 -2 3 13 11 6
 5 -81 3 14 11 8
 10 -25 5 15 14 12 11 9
 10 -89 2 14 8
 10 -12 4 15 14 12 9
 3 -70 5 20 18 13 12 11
 4 -14 3 15 12 9
 7 -62 4 19 18 17 16
 3 -52 4 22 21 20 15
 3 -94 2 17 16
 10 -13 3 23 22 17
 8 -11 2 26 16
 3 -1 5 27 26 25 23 20
 9 -14 6 34 27 26 25 24 23
 3 -86 4 27 25 23 22
 7 -69 3 29 25 21
 2 -88 5 34 31 27 26 24
 10 -6 4 31 27 24 23
 3 -69 6 38 34 32 31 28 24
 10 -97 5 37 34 31 27 26
 4 -11 5 38 34 32 31 24
 4 -100 3 38 37 28
 9 -93 3 37 30 29
 8 -42 3 32 31 30
 9 -72 2 38 28
 1 -14 2 32 30
 7 -61 2 33 30
 8 -54 3 36 35 33
 8 -90 4 43 40 36 35
 6 -98 3 43 36 35
 2 -19 1 33
 2 -54 3 43 42 40
 5 -11 3 43 42 40
 5 -45 2 41 39
 6 -67 3 46 44 41
 5 -16 2 43 40
 7 -1 6 53 49 48 47 46 45
 3 -74 2 47 42
 8 -88 3 55 45 44
 9 -47 5 55 53 48 47 45
 3 -85 4 53 49 46 45
 4 -27 4 55 49 47 45
 4 -46 4 53 52 49 48
 7 -98 5 61 54 52 51 50
 8 -79 4 61 57 55 54
 5 -30 5 60 59 58 57 56
 9 -58 5 60 59 58 57 56
 4 -63 3 61 57 51
 10 -92 3 58 57 56
 2 -17 2 60 56
 4 -66 2 58 56
 8 -44 2 57 56
 1 -35 1 59
 6 -73 1 56
 9 -23 1 62
 8 -58 1 62
 7 -30 1 62
 5 -40 1 62
 1 -97 1 62
 2 -51 1 62
 0 15975 0
