62
 0 -83 3 2 4 7
 8 -83 3 14 9 3
 10 -72 2 8 5
 6 -30 4 14 12 9 8
 3 -33 3 11 10 6
 4 -10 3 16 13 12
 8 -73 1 8
 1 -49 3 17 16 13
 5 -46 3 17 16 13
 7 -69 2 16 13
 8 -9 3 18 17 16
 7 -42 4 25 24 18 17
 8 -17 3 23 18 15
 2 -32 7 26 25 24 23 20 19 18
 5 -67 6 26 25 24 22 20 19
 8 -3 6 29 26 25 24 23 20
 7 -85 4 26 23 20 19
 10 -87 3 29 22 21
 8 -53 2 27 21
 7 -2 4 35 32 28 27
 7 -27 5 35 34 32 30 28
 9 -91 5 42 35 33 32 27
 8 -62 6 42 37 35 34 32 31
 5 -54 4 42 38 33 27
 10 -22 6 42 40 37 35 34 31
 4 -77 4 39 32 31 30
 2 -26 3 39 34 30
 9 -48 2 40 31
 3 -25 2 37 31
 4 -68 3 40 37 36
 10 -49 2 38 33
 8 -41 4 44 43 41 40
 8 -13 3 48 43 36
 3 -18 2 48 36
 9 -16 4 57 44 43 41
 9 -65 4 57 47 44 41
 2 -83 6 57 56 50 48 46 43
 6 -49 6 57 56 50 48 46 43
 2 -34 6 57 56 50 48 46 43
 7 -20 6 57 56 52 51 49 48
 9 -99 4 56 49 46 45
 5 -74 5 57 56 52 47 46
 9 -97 4 61 52 49 47
 4 -63 5 61 56 55 51 50
 8 -24 4 61 55 54 52
 9 -38 3 60 54 51
 6 -85 3 60 54 51
 8 -27 4 61 60 59 53
 6 -53 3 60 55 54
 5 -59 3 60 54 53
 6 -14 2 59 53
 9 -22 2 60 53
 3 -10 1 58
 8 -79 1 59
 7 -22 1 58
 10 0 1 58
 2 -48 1 58
 5 -21 1 62
 7 -98 1 62
 7 -62 1 62
 1 -63 1 62
 0 14455 0
