62
 0 -87 9 2 3 5 6 7 8 11 12 14
 7 -38 4 30 17 9 4
 10 -43 10 30 28 24 23 22 21 18 17 16 15
 3 -59 8 44 24 23 22 20 19 15 13
 6 -10 3 21 13 10
 10 -91 4 30 22 20 9
 5 -32 9 44 30 28 23 22 21 19 18 15
 8 -45 6 29 22 20 17 15 13
 2 -16 7 44 36 32 29 28 19 15
 9 -46 6 44 28 23 22 19 15
 9 -17 6 29 28 27 22 15 13
 3 -30 8 39 33 31 29 28 26 19 17
 6 -24 8 37 36 34 33 32 31 26 25
 7 -99 7 41 36 34 33 28 27 26
 5 -63 6 37 34 33 31 26 25
 9 -5 8 43 39 37 35 34 33 32 31
 6 -85 6 44 43 41 38 32 27
 3 -61 7 54 42 41 39 38 35 29
 1 -4 5 61 43 41 34 27
 9 -30 5 43 42 41 33 28
 1 -78 5 61 47 42 34 31
 2 -65 3 41 34 26
 2 -97 4 54 42 38 29
 3 -38 7 54 50 45 43 41 39 38
 10 -67 7 54 50 49 45 40 39 38
 6 -68 6 61 54 45 43 38 35
 2 -65 6 54 49 47 45 42 37
 9 -19 5 61 54 47 38 35
 2 -66 7 61 50 49 47 45 43 40
 1 -45 7 61 54 50 49 47 45 40
 9 -5 6 54 50 45 41 40 38
 7 -2 8 61 54 53 50 49 48 47 46
 4 -32 5 61 54 50 49 40
 6 -72 4 49 45 40 38
 2 -43 4 60 50 49 40
 7 -56 4 60 49 47 40
 5 -57 2 60 40
 1 -5 5 60 58 53 48 46
 7 -44 5 61 58 53 47 46
 6 -56 4 58 53 48 46
 5 -87 4 60 53 49 48
 3 -80 5 57 53 52 51 50
 1 -4 4 60 56 52 48
 4 -83 5 59 57 56 52 51
 5 -65 4 58 57 56 55
 10 -66 3 59 56 52
 5 -89 3 57 52 51
 8 -99 2 57 51
 9 -32 2 58 56
 9 -85 2 58 55
 6 -39 1 55
 7 -54 1 55
 1 0 1 56
 8 -50 1 60
 1 -62 1 62
 4 -96 1 62
 9 -59 1 62
 6 -97 1 62
 7 -95 1 62
 1 -63 1 62
 6 -74 1 62
 0 16220 0
