52
 0 -38 7 2 4 5 8 10 11 13
 10 -73 4 25 15 6 3
 5 -84 3 12 9 7
 3 -89 2 25 6
 8 -9 1 6
 2 -41 3 17 12 7
 1 -34 6 27 24 23 20 19 14
 9 -55 5 24 23 19 16 14
 7 -52 6 26 23 22 18 17 16
 9 -57 4 24 19 16 14
 4 -93 5 27 22 21 19 18
 6 -71 3 24 16 14
 1 -64 5 32 27 23 22 21
 6 -34 3 33 22 21
 8 -56 5 33 32 29 27 22
 2 -33 9 51 41 36 34 32 31 30 29 27
 5 -16 8 51 42 41 36 34 33 32 27
 9 -79 4 42 34 28 24
 7 -29 9 51 42 41 39 37 34 33 30 28
 3 -7 7 48 41 39 34 31 29 28
 7 -97 5 39 37 30 29 26
 5 -95 8 51 49 41 39 37 36 34 31
 9 -31 6 51 41 36 33 31 30
 8 -9 8 51 50 41 40 39 36 35 30
 9 -30 8 51 49 45 41 38 35 34 31
 6 -97 7 46 45 41 40 38 35 34
 9 -43 5 49 40 39 37 35
 3 -18 4 49 47 40 32
 10 -36 6 50 49 47 46 45 38
 5 -62 5 49 48 46 45 38
 3 -26 5 50 46 44 42 40
 2 -31 3 46 45 38
 10 -44 3 47 45 38
 7 -37 4 50 47 44 43
 6 -89 4 48 47 44 43
 4 -89 3 48 47 43
 4 -89 3 46 45 43
 8 -67 2 44 43
 9 -60 2 46 45
 2 -77 1 43
 4 -68 1 43
 7 -94 1 43
 5 -43 1 52
 4 -99 1 52
 1 -62 1 52
 10 0 1 52
 2 -10 1 52
 5 -12 1 52
 1 -30 1 52
 9 -98 1 52
 2 -93 1 52
 0 13750 0
