62
 0 -21 4 2 3 4 8
 5 -71 6 15 12 11 9 6 5
 5 -10 4 16 11 10 7
 4 -10 2 11 6
 1 -62 3 16 14 10
 1 -88 3 19 16 10
 6 -40 3 19 13 9
 9 -57 2 19 10
 5 -24 5 26 24 21 18 17
 7 -49 1 13
 10 -21 1 13
 9 -81 1 13
 7 -11 4 26 24 18 17
 7 -46 4 26 19 18 17
 8 -90 4 26 24 22 17
 3 -60 4 24 22 21 20
 8 -20 3 34 23 20
 1 -50 2 27 22
 7 -85 5 33 28 27 25 23
 10 -49 5 33 29 28 27 25
 5 -78 5 34 33 29 28 25
 7 -37 4 33 28 25 23
 2 -35 6 42 39 36 32 31 29
 2 -26 3 32 29 28
 10 -58 5 39 38 36 32 30
 1 -99 4 40 39 38 30
 3 -2 5 41 39 38 37 35
 6 -1 3 42 41 31
 8 -5 2 38 30
 2 -12 4 50 41 37 35
 1 -36 3 50 37 35
 1 -64 2 40 35
 3 -22 6 50 49 44 43 42 41
 10 -45 2 50 38
 1 -71 5 57 49 47 44 43
 4 -56 2 44 40
 2 -10 5 49 48 47 46 45
 5 -59 5 57 49 48 47 44
 10 -63 4 57 50 47 43
 10 -89 5 57 50 49 48 46
 5 -32 3 57 48 46
 7 -33 4 57 55 54 48
 6 -25 2 48 46
 5 -44 2 51 46
 9 -9 5 57 56 55 54 52
 9 -93 4 56 55 54 53
 10 -95 3 56 55 52
 5 -68 1 51
 6 -10 1 51
 10 -46 3 56 55 53
 4 -40 2 56 52
 7 -100 1 53
 7 -69 3 61 60 58
 10 -96 3 61 60 58
 2 -4 2 61 58
 2 -31 2 60 59
 2 -30 1 58
 5 -11 1 59
 10 -51 1 62
 8 -23 1 62
 8 -53 1 62
 0 13880 0
