52
 0 -75 9 2 3 4 5 6 7 8 10 21
 10 -5 6 18 17 13 12 11 9
 6 -52 7 23 20 18 17 16 15 13
 5 -29 6 20 17 16 15 14 13
 1 -5 5 23 20 13 12 11
 8 -46 5 23 18 17 13 12
 8 -96 5 26 23 20 16 13
 5 -32 4 31 20 15 12
 9 -65 5 24 23 22 20 15
 7 -42 4 33 31 26 13
 7 -86 6 32 31 30 28 26 16
 8 -38 5 32 30 26 19 16
 5 -57 5 34 32 30 22 19
 5 -97 5 34 31 30 22 19
 5 -84 8 38 34 32 30 29 28 26 25
 2 -15 5 51 34 33 24 22
 5 -96 5 51 34 28 24 22
 5 -42 2 34 19
 7 -23 4 51 29 28 24
 7 -71 6 51 36 30 29 27 25
 8 -69 7 51 47 40 38 36 29 25
 3 -93 5 40 36 29 27 25
 9 -11 5 37 36 31 27 25
 2 -5 4 40 36 27 25
 2 -89 8 50 49 48 46 43 42 39 35
 1 -72 7 51 47 46 44 43 40 36
 2 -28 7 49 47 46 44 43 39 38
 8 -37 7 50 48 47 46 43 39 37
 1 -66 6 49 48 45 44 39 37
 6 -79 6 49 47 45 44 40 37
 5 -58 5 43 42 40 39 35
 10 -17 6 46 45 43 42 40 39
 5 -48 6 47 45 44 43 42 40
 4 -45 4 48 46 43 41
 10 -78 3 45 44 41
 2 -84 2 42 39
 5 -65 2 42 41
 5 -28 2 42 41
 8 -11 1 41
 3 -66 1 41
 7 -86 1 52
 5 -9 1 52
 9 -30 1 52
 8 -17 1 52
 6 -34 1 52
 4 -54 1 52
 3 -14 1 52
 3 -64 1 52
 7 -60 1 52
 9 -92 1 52
 3 -81 1 52
 0 13230 0
