52
 0 -23 11 2 3 4 5 7 8 9 10 12 13 18
 2 -12 4 22 17 16 11
 1 -59 4 21 17 16 11
 5 -35 2 16 6
 8 -29 3 17 16 11
 10 -53 7 29 25 24 23 22 21 15
 2 -66 3 21 16 14
 9 -50 4 32 25 21 14
 9 -3 7 29 28 26 25 24 21 20
 1 -2 5 25 23 22 21 19
 7 -7 3 24 23 15
 9 -76 3 25 23 15
 6 -61 8 39 32 30 27 26 25 24 23
 8 -19 4 29 24 23 19
 7 -66 3 32 28 19
 3 -13 6 39 32 28 27 26 25
 5 -79 6 39 33 29 28 27 25
 3 -74 5 32 30 28 26 24
 7 -78 6 39 37 34 30 27 26
 5 -34 9 44 41 39 37 36 33 32 31 30
 9 -54 7 44 41 38 37 34 33 27
 1 -69 7 44 41 37 33 32 31 27
 8 -49 5 38 35 33 31 28
 9 -9 7 51 44 42 37 36 35 33
 7 -64 6 43 40 38 36 35 34
 10 -14 5 51 44 35 33 31
 1 -8 5 51 50 40 36 35
 8 -82 6 50 49 44 43 41 37
 5 -55 5 51 50 45 42 36
 7 -50 5 48 47 45 42 38
 6 -1 4 50 49 48 40
 9 -67 2 50 35
 3 -22 4 50 48 46 43
 6 -100 4 50 47 45 42
 8 -2 4 49 47 46 45
 3 -63 4 49 48 47 46
 9 -53 3 48 47 45
 6 -71 3 51 49 46
 10 -95 3 48 47 45
 9 -3 2 45 42
 7 -35 2 47 45
 10 -29 1 46
 2 -81 1 45
 1 -68 1 46
 2 -5 1 52
 3 -33 1 52
 10 -8 1 52
 3 -53 1 52
 9 -16 1 52
 7 -1 1 52
 8 -82 1 52
 0 10905 0
