62
 0 -99 4 2 3 6 13
 10 -18 6 12 10 8 7 5 4
 1 -42 4 15 10 7 5
 10 -10 4 15 14 11 9
 4 -81 5 20 18 17 16 11
 10 -24 5 20 18 16 15 11
 3 -1 3 20 16 11
 10 -17 3 18 15 11
 10 -51 6 24 23 22 19 18 16
 8 -43 8 27 26 23 22 21 20 19 18
 10 -40 7 27 26 24 23 22 21 19
 1 -2 6 27 26 23 21 20 19
 6 -53 6 27 26 23 22 20 18
 4 -30 4 27 20 19 17
 7 -18 4 27 24 23 19
 6 -90 5 30 29 27 26 21
 1 -83 4 30 29 24 21
 2 -29 4 30 29 28 25
 4 -5 3 29 28 25
 8 -84 4 34 32 30 28
 9 -2 3 32 28 25
 10 -38 2 29 25
 6 -86 2 30 25
 1 -76 4 35 34 32 28
 4 -11 7 39 37 36 35 34 33 31
 2 -99 7 39 37 36 35 34 33 31
 7 -1 6 39 37 36 35 33 31
 10 -53 4 37 36 33 31
 9 0 4 36 35 33 32
 9 -91 3 39 37 35
 8 -55 4 42 41 40 38
 7 -94 4 42 41 40 38
 6 -5 4 43 42 41 40
 9 -56 3 42 40 38
 2 -47 3 43 42 40
 8 -98 3 43 41 40
 4 -72 1 38
 4 -6 6 50 47 46 45 44 43
 9 -71 3 48 46 41
 9 -4 6 50 48 47 46 45 44
 7 0 5 56 50 47 45 44
 3 -43 4 56 50 45 44
 8 -72 6 61 55 54 52 51 48
 10 -8 6 60 55 54 52 51 49
 5 -30 5 60 54 52 51 49
 9 -62 4 60 59 55 49
 10 -18 5 61 60 59 58 53
 1 -17 5 60 59 58 56 53
 8 -35 3 61 58 53
 4 -41 3 58 54 53
 10 -40 3 59 58 57
 1 -77 1 53
 9 -25 1 57
 6 -38 1 57
 6 -44 1 57
 3 -8 1 57
 10 -51 1 62
 3 -35 1 62
 2 -73 1 62
 10 -5 1 62
 2 -67 1 62
 0 12870 0
