52
 0 -10 15 2 3 4 5 7 8 9 10 11 12 13 16 19 20 21
 2 -96 9 36 32 29 28 24 18 17 14 6
 3 -54 9 36 27 26 25 24 23 17 15 14
 4 -42 8 36 33 32 28 26 24 22 17
 7 -72 8 49 33 31 30 27 26 25 22
 1 -85 7 49 31 30 27 26 25 22
 1 -88 6 51 33 32 31 25 18
 10 -25 7 51 35 32 30 29 27 25
 10 -48 5 51 30 28 23 14
 5 -37 6 51 33 31 30 25 23
 9 -36 6 50 36 32 29 26 17
 5 -74 7 47 37 35 33 31 30 23
 4 -71 6 51 50 48 35 34 25
 6 -46 8 49 47 46 44 37 35 34 31
 5 -48 7 51 49 44 35 34 31 30
 3 -6 7 47 44 42 37 35 31 30
 2 -14 9 49 48 47 45 44 43 37 35 34
 8 -67 8 50 49 45 44 39 35 34 30
 1 -57 9 50 48 47 46 45 44 39 35 34
 7 -17 8 51 47 46 44 43 37 35 34
 8 -80 7 46 45 40 39 36 34 32
 7 -87 10 51 50 48 47 45 44 43 42 40 37
 5 -15 9 49 48 46 45 44 40 39 38 34
 3 -58 9 51 50 47 44 43 40 39 38 34
 2 -51 8 47 46 45 44 43 40 38 37
 10 -60 7 51 48 47 44 41 39 35
 4 0 7 50 48 46 40 39 38 34
 6 -86 5 46 43 39 35 34
 5 -88 7 48 47 45 42 40 39 38
 4 -36 4 46 43 41 38
 6 -8 4 50 45 43 39
 7 -52 4 49 48 43 41
 8 -45 3 44 40 38
 4 -7 2 42 41
 1 -82 2 40 38
 8 -95 2 41 38
 2 -54 1 39
 10 -53 1 52
 4 -52 1 52
 1 -3 1 52
 1 -78 1 52
 3 -76 1 52
 4 -44 1 52
 2 -79 1 52
 6 -47 1 52
 4 -57 1 52
 6 -82 1 52
 10 -48 1 52
 4 -42 1 52
 5 -61 1 52
 2 -87 1 52
 0 13530 0
