52
 0 -2 8 2 3 4 5 6 8 10 12
 10 -28 6 18 16 14 13 11 7
 2 -29 7 25 20 19 18 17 15 11
 6 -65 9 29 27 25 23 22 20 18 17 13
 6 -64 7 29 27 20 18 17 14 13
 4 -43 3 18 16 9
 1 -59 7 29 27 24 22 21 20 15
 10 -96 4 29 18 16 15
 3 -97 4 29 21 15 13
 8 -83 8 36 31 29 27 26 25 22 21
 10 -92 5 29 27 24 23 22
 5 -14 5 36 34 29 25 18
 5 -53 7 42 39 36 30 28 26 24
 7 -52 6 50 36 31 28 25 22
 2 -88 4 39 30 26 23
 1 -39 4 36 26 24 22
 8 -27 5 42 39 36 28 26
 5 -16 3 51 31 21
 9 -3 4 39 37 33 23
 8 -21 7 39 37 36 35 34 33 31
 8 -15 6 50 42 39 32 30 28
 6 -94 7 51 42 40 39 35 33 30
 9 -69 6 51 50 42 36 35 31
 9 -38 5 49 37 35 34 32
 10 -100 5 51 42 33 32 30
 8 -29 4 37 34 33 32
 4 -16 4 50 42 40 28
 2 -1 5 48 41 37 35 33
 9 -7 5 50 49 47 37 35
 3 -54 6 49 48 47 46 45 37
 9 -45 1 32
 8 -46 6 48 46 44 43 41 40
 6 -9 5 49 47 46 45 38
 8 -30 4 51 50 45 38
 4 -45 3 46 45 38
 4 -35 3 46 45 38
 6 -100 1 38
 8 -37 2 44 43
 7 -72 2 46 43
 2 -47 1 45
 7 -33 1 47
 10 -68 1 47
 4 -95 1 52
 10 -6 1 52
 9 -90 1 52
 5 -93 1 52
 5 -44 1 52
 6 -6 1 52
 8 -92 1 52
 4 -57 1 52
 7 -91 1 52
 0 12675 0
