62
 0 -91 6 2 3 4 5 6 8
 5 -13 4 13 11 9 7
 5 -96 4 13 11 9 7
 10 -46 2 13 7
 7 -99 2 13 7
 1 -46 2 13 7
 9 -23 3 19 15 10
 9 -41 3 19 13 10
 7 -52 3 19 17 12
 6 -83 2 17 12
 6 -96 6 26 22 21 18 17 16
 7 -90 3 22 16 14
 10 -29 4 22 18 17 16
 8 -34 3 26 21 18
 4 -37 3 22 21 16
 9 -86 4 31 25 24 23
 5 0 4 31 25 24 23
 9 -85 3 24 23 20
 5 -34 5 31 30 29 28 27
 6 -94 3 30 29 25
 9 -56 2 27 23
 3 -14 4 31 30 28 27
 8 -65 4 34 30 29 28
 10 -81 3 30 28 27
 9 -9 3 37 28 27
 10 -44 4 33 32 31 30
 5 -5 3 34 33 32
 7 -73 3 40 38 32
 10 -73 2 33 32
 4 -40 5 46 43 39 37 36
 5 -17 5 44 42 41 40 35
 4 -92 4 44 41 36 35
 10 -33 4 46 44 43 38
 1 -99 3 42 39 35
 4 -62 5 53 49 48 47 46
 8 -74 4 54 47 45 42
 8 -36 4 48 47 45 44
 8 -61 2 53 39
 2 -46 3 51 47 45
 1 -14 2 52 43
 1 -100 3 53 51 45
 7 -81 5 61 57 50 49 48
 10 -82 5 61 57 50 49 48
 9 -24 7 61 60 58 57 53 51 49
 1 -56 4 61 57 50 49
 3 -35 5 61 56 55 54 51
 10 -61 4 59 57 52 50
 1 -13 4 58 56 55 51
 5 -45 2 56 55
 8 -45 2 60 58
 7 -72 1 59
 4 -14 1 55
 9 -35 1 56
 2 -28 1 57
 1 -66 1 62
 7 -95 1 62
 9 -78 1 62
 3 -26 1 62
 3 -86 1 62
 7 -18 1 62
 3 -19 1 62
 0 16240 0
