62
 0 -63 8 2 3 4 5 6 7 9 12
 3 -53 5 26 24 15 11 8
 6 -90 6 25 21 19 18 15 11
 1 -81 6 25 19 18 16 14 13
 7 -60 6 22 20 16 15 14 10
 2 -59 6 25 22 21 19 15 14
 1 -8 6 26 20 19 16 15 14
 4 -41 6 25 22 21 16 14 13
 5 -88 4 26 24 23 14
 8 -29 6 33 28 25 24 23 17
 5 -55 3 23 20 14
 1 -83 5 33 28 24 23 17
 3 -26 4 33 28 23 17
 7 -73 3 33 28 17
 3 -87 12 43 41 40 39 37 34 33 31 30 29 27 23
 6 -8 2 33 17
 6 -85 12 44 43 40 39 37 36 35 34 31 30 29 27
 7 -55 10 43 40 36 35 33 31 29 28 27 26
 4 -98 8 41 39 37 33 31 29 24 23
 3 -59 7 46 43 42 40 33 32 30
 9 -37 8 50 46 43 42 40 39 36 32
 8 -54 5 47 44 43 36 27
 3 -59 7 51 50 47 44 42 36 35
 3 -61 7 51 47 46 43 38 36 34
 3 -76 7 50 44 43 41 38 36 35
 6 -44 6 51 50 44 41 39 38
 5 -69 5 50 48 46 45 32
 2 -34 7 61 56 55 46 45 44 41
 8 -86 6 58 49 46 45 42 38
 8 0 10 61 60 59 57 54 51 50 49 48 47
 5 -49 6 61 51 50 46 45 38
 7 -82 5 61 58 51 49 38
 10 -14 6 59 56 50 49 45 44
 8 -7 8 60 59 57 56 55 50 49 45
 1 -92 7 61 60 58 55 49 48 46
 3 -42 7 61 59 58 56 55 48 45
 2 -41 7 61 60 58 56 53 48 46
 3 -5 8 60 59 57 56 55 54 53 52
 1 -32 7 61 60 58 57 56 55 48
 1 -14 5 61 59 55 51 48
 8 -79 5 59 57 54 52 49
 10 -51 4 61 59 57 48
 5 -14 4 58 55 53 52
 5 -76 3 60 58 48
 5 -8 3 54 53 52
 9 -29 2 57 54
 2 -40 2 58 55
 10 -69 1 52
 8 -13 1 53
 3 -15 1 52
 3 -80 1 56
 4 -48 1 62
 2 -49 1 62
 2 -25 1 62
 10 -68 1 62
 4 -9 1 62
 5 -45 1 62
 6 -94 1 62
 7 -69 1 62
 4 -72 1 62
 9 -27 1 62
 0 15395 0
