62
 0 -94 4 2 3 4 5
 10 -74 5 18 10 9 8 7
 2 -8 4 18 10 7 6
 8 -66 4 18 16 15 7
 1 -23 4 18 15 10 7
 6 -23 5 19 16 12 11 9
 9 -88 4 19 13 12 11
 7 -21 5 20 16 15 14 12
 3 0 4 27 15 14 13
 10 -32 5 27 26 20 19 17
 4 -53 3 27 26 14
 3 -26 7 34 28 27 26 25 23 21
 3 -35 4 26 22 21 20
 3 -99 3 23 22 17
 4 -40 5 34 28 25 24 23
 9 -39 5 34 26 25 24 23
 3 -16 4 34 28 25 21
 10 -22 4 34 25 23 22
 6 -28 4 34 28 24 23
 7 -99 4 34 28 25 24
 7 -5 2 32 24
 7 -100 2 29 24
 10 -39 3 38 32 29
 4 -32 3 38 31 30
 6 -62 3 38 31 30
 4 -18 3 32 31 30
 8 -21 5 41 38 35 33 32
 4 -83 1 29
 6 -50 3 41 35 31
 5 -98 5 41 37 36 35 33
 10 -94 3 37 36 33
 7 -53 4 47 43 37 36
 4 -76 6 51 47 46 44 43 39
 7 -43 6 51 47 46 44 40 39
 6 -19 8 56 51 48 47 46 45 43 42
 1 -64 5 51 46 45 44 40
 3 -1 4 51 46 40 39
 2 -77 6 56 53 51 47 43 42
 7 -58 4 56 48 45 42
 7 -6 3 56 48 42
 8 -39 4 56 53 49 45
 9 -70 4 61 60 50 49
 2 -18 4 61 60 50 49
 2 -21 2 50 48
 9 -92 4 61 60 54 50
 4 -49 3 60 55 49
 5 -11 2 50 49
 10 -12 3 60 53 52
 7 -8 2 59 52
 1 -98 3 59 58 55
 1 -28 3 60 57 54
 5 -32 2 57 54
 2 -83 2 58 57
 2 -76 1 58
 6 -27 1 57
 1 -34 1 57
 4 -50 1 62
 2 -61 1 62
 1 -68 1 62
 5 -82 1 62
 9 -34 1 62
 0 14390 0
