62
 0 -40 6 2 3 4 5 8 9
 5 -28 5 17 14 13 11 6
 1 -64 3 13 10 7
 5 -2 5 19 17 16 15 13
 10 -70 4 19 14 13 11
 2 -28 3 16 12 10
 1 -1 3 16 14 12
 7 -100 4 28 19 18 16
 3 -4 3 18 17 15
 10 -93 2 18 15
 4 -50 3 28 21 18
 6 -93 2 19 18
 6 -76 3 28 26 18
 2 -75 1 15
 8 -64 5 28 24 23 22 21
 8 -12 2 21 20
 1 -75 5 28 26 25 24 22
 3 -37 3 29 23 20
 10 -74 3 27 25 21
 10 -97 3 25 24 22
 10 -81 3 41 30 26
 2 -49 5 41 37 32 31 30
 7 -93 5 41 37 32 31 30
 4 -37 2 34 27
 3 -82 8 41 40 37 36 35 34 33 32
 6 -73 3 33 32 29
 6 -55 5 41 37 35 33 31
 5 -39 4 41 35 33 31
 5 -1 4 38 37 35 31
 1 -87 4 40 35 34 33
 8 -29 4 45 40 39 36
 9 -5 5 49 45 43 42 38
 6 -32 4 49 45 42 38
 10 -71 4 45 43 42 38
 6 -64 2 43 39
 8 -97 4 49 44 43 42
 4 -69 4 51 45 43 42
 10 -22 1 39
 6 -79 4 51 47 46 44
 3 -78 5 61 57 49 48 46
 7 -38 2 48 43
 10 -13 4 61 57 48 46
 5 -29 4 61 57 50 46
 2 -3 5 57 56 53 52 48
 4 -49 5 57 56 53 52 48
 1 -75 4 59 56 53 52
 2 -4 4 59 56 55 54
 10 -64 1 50
 3 -55 1 50
 10 0 3 60 59 54
 7 -8 3 61 56 55
 7 -26 2 55 54
 1 -30 2 55 54
 10 -19 1 58
 4 -85 1 58
 5 -13 1 58
 6 -20 1 58
 6 -54 1 62
 4 -59 1 62
 5 0 1 62
 9 -93 1 62
 0 14815 0
