62
 0 -50 4 2 3 5 7
 10 -27 4 13 10 6 4
 4 -91 5 19 13 11 9 8
 9 -71 5 19 14 12 11 9
 8 -89 6 26 19 17 16 15 13
 2 -85 3 21 19 8
 5 -59 2 15 8
 10 -73 3 17 16 12
 9 -20 5 26 21 18 17 16
 2 -42 5 25 21 19 18 16
 1 -53 3 25 20 15
 2 -33 7 33 26 25 24 22 20 18
 2 -32 6 33 25 24 22 20 18
 8 -39 3 24 18 17
 7 -41 4 33 24 21 18
 5 -6 5 33 32 28 24 22
 4 -36 4 33 27 25 22
 2 -86 4 31 30 29 23
 10 -55 2 29 20
 4 -67 5 32 31 30 28 27
 1 -22 2 27 22
 7 -7 3 31 30 29
 4 -99 3 32 28 27
 9 -42 2 31 27
 1 -93 2 30 28
 5 -96 2 32 30
 9 -53 4 41 36 35 34
 2 -4 4 41 36 35 34
 1 -60 4 41 36 35 34
 3 -23 3 41 36 35
 6 -46 3 36 35 34
 10 -4 3 41 36 34
 8 -29 4 42 41 38 36
 6 -18 3 42 38 37
 1 -38 3 42 38 37
 1 -80 4 46 45 40 39
 5 -92 4 48 46 45 40
 4 -41 2 50 39
 6 -71 2 48 43
 3 -30 4 53 50 47 44
 9 -86 3 48 47 44
 1 -82 3 49 47 44
 4 -95 5 59 54 53 49 47
 2 -75 7 61 60 59 56 54 52 51
 5 -16 5 59 57 54 53 49
 9 -51 4 59 53 52 51
 10 -85 4 60 56 52 51
 3 -95 4 61 57 55 53
 8 -41 3 58 56 55
 6 -43 2 60 52
 4 -39 2 58 55
 2 -97 1 57
 10 -90 1 56
 9 -73 1 55
 4 -12 1 62
 1 -93 1 62
 9 -99 1 62
 1 -53 1 62
 10 -46 1 62
 6 -88 1 62
 9 -72 1 62
 0 17170 0
