62
 0 -65 3 2 3 4
 6 -77 6 14 9 8 7 6 5
 7 -26 4 12 10 9 7
 3 -40 4 14 12 10 7
 7 -3 4 20 15 13 10
 1 -43 3 20 12 10
 5 -67 5 21 20 15 13 11
 5 -65 4 21 20 12 11
 5 -89 3 15 13 11
 4 -30 2 21 11
 3 -12 5 26 24 18 17 16
 6 -2 2 25 13
 6 -36 4 26 22 18 16
 2 -95 4 26 25 22 18
 7 -59 4 26 24 22 16
 4 -69 7 35 33 31 30 28 27 23
 8 -90 7 35 34 31 30 28 27 25
 4 -55 1 19
 7 -63 6 35 33 31 30 27 23
 7 -70 8 37 36 35 34 33 31 30 28
 2 -58 4 37 31 30 22
 6 -80 3 34 33 27
 2 -10 4 37 36 34 29
 6 -18 3 36 33 28
 5 -57 4 37 36 33 32
 4 -53 2 34 28
 7 -93 2 36 29
 10 -38 1 29
 3 -77 2 38 32
 7 -86 6 44 42 41 40 39 38
 5 -34 6 44 42 41 40 39 38
 7 -58 7 53 50 44 42 41 40 39
 9 -70 7 53 50 48 44 41 40 39
 4 -90 7 53 50 48 44 43 42 40
 10 -68 6 53 50 48 44 42 41
 7 -46 3 44 40 38
 8 -70 2 45 38
 10 -90 6 53 50 48 47 46 43
 6 -85 4 47 46 45 43
 1 -98 3 52 47 45
 6 -27 2 47 43
 3 -77 3 52 46 45
 9 -80 5 61 55 52 51 49
 6 -92 2 51 45
 7 -21 3 61 55 49
 1 -89 5 61 60 59 55 54
 8 -64 4 61 55 54 51
 5 -43 1 49
 1 -14 4 60 59 56 54
 2 -1 3 61 60 52
 7 -100 3 59 58 57
 4 -55 1 54
 2 -29 1 54
 1 -37 2 58 57
 2 -33 1 58
 4 -45 1 57
 1 -16 1 62
 1 -22 1 62
 9 -79 1 62
 6 -30 1 62
 3 -63 1 62
 0 16760 0
