62
 0 -55 9 2 3 5 6 8 9 10 12 15
 5 -99 1 4
 7 -72 5 17 16 13 11 7
 3 -86 4 16 14 13 7
 7 -5 7 36 27 21 19 18 16 14
 5 -94 6 31 25 22 18 16 11
 9 -3 9 38 36 34 30 27 25 21 19 18
 2 -78 4 28 27 16 11
 7 -7 10 41 38 34 33 30 28 25 24 21 20
 2 -84 6 33 31 28 26 20 16
 3 -53 8 38 36 34 33 30 24 20 19
 9 -30 7 38 34 30 28 27 26 18
 5 -8 6 38 34 30 24 20 19
 4 -100 4 38 31 23 17
 6 -31 7 34 32 27 26 25 24 23
 7 -14 8 41 39 38 37 34 32 30 24
 7 -58 7 41 37 34 33 32 28 25
 10 -22 2 33 20
 6 -77 5 40 37 35 32 26
 10 -38 3 35 32 23
 2 -86 7 50 45 42 40 39 37 31
 7 -24 5 61 40 39 28 27
 10 -53 4 40 39 37 29
 10 -66 8 61 51 50 49 46 42 40 35
 10 -95 4 61 39 35 29
 4 -39 3 46 41 29
 9 -40 7 51 50 49 45 44 42 41
 2 -99 4 49 45 42 35
 10 -5 7 60 50 47 45 44 43 42
 6 -29 4 50 49 46 35
 1 -100 4 49 48 46 35
 10 -96 8 61 60 58 55 51 49 46 45
 8 -75 5 61 47 46 44 42
 5 -80 6 60 54 47 45 44 43
 9 -35 6 60 59 53 47 44 43
 6 -18 4 58 46 45 44
 10 -59 8 61 60 59 57 54 51 49 47
 8 -61 6 59 54 53 49 47 43
 5 -67 5 60 57 53 48 43
 2 -8 7 60 58 56 55 53 52 48
 3 -99 4 57 54 47 43
 3 -92 5 59 57 53 52 48
 9 -75 4 58 56 55 52
 2 -39 4 57 56 55 52
 8 -40 3 56 53 52
 1 -59 3 59 57 54
 3 -58 1 52
 3 -91 1 54
 6 -45 1 52
 7 -13 1 55
 7 -24 1 53
 2 -31 1 62
 10 -59 1 62
 1 -75 1 62
 5 -54 1 62
 5 -51 1 62
 4 -94 1 62
 3 -52 1 62
 4 -81 1 62
 8 -35 1 62
 9 -56 1 62
 0 16860 0
