62
 0 -96 7 2 3 4 5 7 8 10
 6 -31 4 14 11 9 6
 10 -100 6 22 20 19 15 14 11
 3 -69 8 22 21 20 19 16 15 14 13
 3 -6 7 22 21 20 16 15 14 12
 1 -43 6 20 18 16 15 13 12
 6 -95 6 21 19 16 15 14 13
 6 -9 5 22 20 15 14 13
 8 -70 7 26 23 22 21 18 17 15
 8 -42 6 26 22 21 18 17 16
 5 -47 4 21 18 16 13
 5 -3 5 33 26 25 19 17
 3 -58 4 33 26 23 17
 4 -13 4 27 26 23 18
 2 -91 4 33 28 27 25
 10 -7 2 25 23
 8 -75 2 28 27
 8 -37 2 33 24
 2 -16 1 23
 8 -21 1 23
 7 -70 3 32 31 28
 6 -68 3 32 31 28
 3 -33 1 24
 2 -52 3 32 31 29
 1 -67 3 32 31 29
 4 -34 3 32 31 30
 10 -99 4 40 34 32 31
 7 -24 1 29
 7 -67 1 30
 1 -73 5 46 40 38 36 34
 3 -77 4 39 37 36 35
 8 -47 5 46 45 38 37 36
 8 -52 5 46 45 40 39 38
 8 -84 3 45 39 37
 1 -99 4 46 45 41 38
 5 -55 5 49 48 44 43 42
 3 -63 3 51 44 41
 3 -4 4 51 49 48 43
 5 -41 2 49 41
 5 -90 2 44 42
 2 -32 2 48 43
 9 -79 5 57 53 51 50 47
 4 -67 3 57 50 47
 5 -11 3 57 50 47
 1 -69 3 57 51 47
 9 -29 3 57 50 47
 3 -49 5 60 56 55 54 52
 3 -45 5 60 57 55 54 53
 9 -98 1 50
 3 -29 4 60 59 55 54
 6 -48 4 61 60 59 56
 4 -100 3 61 59 58
 10 -95 3 61 59 58
 9 -37 1 58
 10 -58 1 58
 7 -18 1 58
 7 -14 1 59
 1 -5 1 62
 2 -71 1 62
 8 -33 1 62
 7 -60 1 62
 0 15875 0
