52
 0 -68 7 2 3 4 6 7 9 14
 1 -36 5 16 15 13 10 5
 8 -41 4 23 19 11 8
 2 -6 7 23 22 21 19 17 15 12
 2 -69 6 23 22 21 20 19 12
 3 -61 6 24 22 19 18 16 13
 1 -27 5 21 19 17 15 11
 10 -94 6 24 22 21 20 18 17
 8 -59 6 33 23 22 21 18 17
 2 -2 6 33 25 23 21 18 17
 2 -45 7 34 33 27 26 25 24 18
 5 -79 8 34 33 30 29 27 26 25 24
 7 -2 5 30 28 27 25 20
 9 -27 10 40 35 34 33 32 30 29 28 27 25
 10 -5 8 40 35 33 30 29 27 25 24
 2 -91 9 51 40 39 34 33 30 29 28 26
 9 -28 6 40 38 30 29 27 26
 3 -73 9 51 40 39 35 32 31 30 29 28
 5 -57 7 35 34 33 32 30 29 27
 3 -29 6 51 39 34 33 29 26
 6 -19 5 51 34 29 28 26
 2 -4 5 34 32 29 27 25
 2 -37 5 40 31 29 28 27
 7 -29 4 51 32 31 28
 7 -11 8 51 50 49 47 44 42 38 31
 3 -91 5 49 47 35 32 31
 2 -1 9 51 50 49 48 47 45 39 37 36
 1 -69 5 47 46 38 37 36
 1 -8 7 50 49 47 46 44 43 42
 3 -23 3 45 37 36
 3 -81 4 48 46 45 36
 7 -8 4 45 43 41 37
 6 -74 4 48 44 42 36
 6 -34 4 50 49 42 41
 1 -38 3 46 42 41
 10 -9 2 43 41
 8 -89 2 44 42
 1 -83 2 45 41
 2 -38 2 42 41
 4 -53 2 43 41
 9 -94 1 52
 10 -27 1 52
 10 -99 1 52
 6 -71 1 52
 9 -61 1 52
 2 -65 1 52
 7 -87 1 52
 7 -73 1 52
 7 -60 1 52
 7 -86 1 52
 1 -90 1 52
 0 12555 0
