52
 0 -24 8 2 3 4 5 7 8 9 10
 6 -71 8 28 20 18 16 15 14 13 12
 4 -32 8 28 23 20 19 17 16 13 12
 5 -8 2 28 6
 2 -76 4 17 16 14 13
 6 -93 3 20 17 11
 7 -19 5 34 23 16 15 13
 7 -96 6 34 29 23 21 16 15
 2 -43 4 27 24 17 14
 9 0 7 31 29 28 24 23 21 16
 4 -96 4 34 27 24 14
 8 -41 8 36 34 31 29 27 24 22 21
 7 -56 7 36 31 29 27 24 22 21
 5 -53 6 36 31 29 23 22 21
 1 -3 5 36 32 31 24 22
 2 -96 6 38 36 35 32 27 22
 2 -41 6 36 35 34 32 31 26
 6 -20 6 41 35 33 31 30 25
 4 -56 2 36 21
 8 -92 7 42 41 40 36 35 34 33
 3 -14 6 42 41 40 38 35 33
 9 -86 3 41 30 26
 4 -73 3 41 38 26
 5 -83 5 42 40 38 35 30
 5 -49 6 51 46 40 39 38 34
 9 -74 5 46 42 40 39 33
 2 -42 3 42 33 30
 9 -15 5 51 50 40 37 36
 10 -99 2 37 32
 4 -99 6 51 50 46 43 39 37
 1 -64 6 51 50 46 45 43 37
 2 -30 4 51 45 41 39
 6 -31 4 51 50 45 37
 9 -82 4 50 45 43 37
 4 -70 4 46 45 43 39
 3 -83 3 46 43 39
 7 -48 3 49 48 44
 6 -52 3 50 45 43
 9 -80 2 47 44
 7 -43 2 45 43
 2 -55 2 46 43
 7 -70 2 47 45
 4 -96 1 52
 7 -37 1 52
 4 -69 1 52
 9 -84 1 52
 9 -89 1 52
 8 -26 1 52
 2 -9 1 52
 6 -54 1 52
 4 -92 1 52
 0 14570 0
