52
 0 -83 9 2 3 4 5 6 8 10 11 12
 4 -46 7 27 24 21 19 17 15 9
 8 -68 3 27 18 7
 5 -73 7 27 21 19 18 15 14 13
 1 -35 2 18 7
 10 -17 8 27 24 22 21 20 19 18 14
 10 -89 5 21 19 16 15 14
 9 -47 5 22 21 20 18 14
 2 -62 4 22 20 18 14
 9 -57 4 26 25 24 15
 9 -31 6 27 26 25 24 22 20
 7 -100 7 51 33 28 25 24 22 21
 8 -80 6 31 26 25 24 23 20
 4 -52 10 51 37 33 32 31 30 28 26 25 23
 9 -28 5 36 31 23 22 20
 6 -65 7 51 32 31 26 25 24 22
 7 -86 2 26 18
 7 -87 9 51 36 33 32 31 30 29 28 25
 3 -10 8 44 37 36 32 31 30 29 28
 2 -7 8 51 44 41 33 32 30 29 28
 4 -94 8 50 41 40 38 37 32 29 26
 10 -42 6 49 48 43 38 37 30
 8 -65 4 41 38 35 29
 10 -71 4 44 41 38 29
 3 -23 6 49 44 43 38 35 34
 1 -81 5 44 39 36 35 34
 3 -94 5 50 49 42 40 39
 3 -60 5 49 48 47 42 38
 4 -89 4 49 48 43 34
 6 -92 4 50 39 35 34
 7 -22 3 42 41 40
 3 -92 3 49 39 35
 7 -70 3 45 42 40
 1 -23 3 47 45 42
 5 -86 3 47 45 42
 10 -74 3 49 47 45
 2 -81 2 47 42
 5 -58 1 39
 2 -91 2 46 45
 8 -38 2 48 47
 8 -13 1 43
 6 -39 1 46
 5 -22 1 45
 6 -67 1 48
 6 -43 1 52
 3 -81 1 52
 4 -52 1 52
 10 -44 1 52
 10 -82 1 52
 4 -14 1 52
 1 -65 1 52
 0 14955 0
