62
 0 -46 4 2 3 4 10
 5 -18 3 8 7 6
 5 -71 3 9 8 5
 6 -19 2 9 5
 8 -80 4 16 13 12 11
 9 -1 4 15 13 11 9
 7 -45 4 16 13 12 11
 1 -73 4 16 15 13 11
 9 -12 2 16 14
 6 -50 4 21 18 17 15
 1 -77 3 24 22 14
 2 -13 4 23 21 19 15
 6 -90 5 24 21 20 18 17
 4 -23 4 23 21 18 17
 2 -69 7 35 30 26 25 24 22 20
 10 -95 6 35 30 28 26 24 20
 5 -26 4 32 29 25 19
 5 -46 4 32 29 26 19
 4 -46 7 38 35 33 31 30 28 27
 7 -6 6 38 33 32 31 29 27
 7 -70 4 38 37 30 27
 7 -64 3 38 33 27
 4 -12 5 39 38 36 34 33
 9 -53 3 31 29 27
 9 -18 2 28 27
 3 -97 6 43 41 39 38 37 36
 7 -76 3 39 36 34
 7 -65 4 41 39 37 36
 10 -37 3 42 39 34
 8 -81 2 36 34
 5 -83 4 44 43 41 36
 10 -12 4 44 43 37 36
 5 -66 3 44 43 37
 3 -34 6 48 46 44 43 41 40
 10 -11 4 44 43 42 41
 4 -47 4 46 45 42 40
 2 -12 4 46 45 42 40
 5 -89 3 46 45 42
 1 -98 3 54 46 44
 7 -65 5 54 52 51 50 47
 10 -26 2 52 45
 3 -85 6 61 54 51 50 49 48
 9 -98 4 54 52 51 47
 6 -74 1 45
 4 -64 3 51 50 47
 9 -70 4 61 52 51 49
 7 -24 4 61 59 57 49
 2 -41 4 60 57 55 53
 3 -87 2 60 53
 4 -61 3 59 57 56
 8 -53 2 59 55
 9 -68 2 57 55
 8 -91 2 58 56
 8 -72 2 57 56
 9 -21 1 56
 4 -36 1 62
 1 -35 1 62
 9 -35 1 62
 8 -19 1 62
 1 -93 1 62
 7 -65 1 62
 0 16070 0
