62
 0 -4 7 2 3 4 5 6 8 10
 5 -59 12 30 29 28 27 21 20 18 17 16 15 14 13
 8 -35 8 29 24 22 17 16 12 11 9
 10 -82 8 29 24 23 22 17 16 15 9
 10 -49 4 29 22 20 7
 9 -34 10 30 28 27 25 24 23 21 19 18 17
 8 -82 4 24 19 17 9
 3 -34 7 28 27 23 22 21 19 17
 7 -65 8 36 35 31 28 27 26 25 21
 4 -66 4 32 31 25 19
 7 -6 7 37 36 35 32 27 26 25
 5 -3 6 37 32 31 27 26 23
 7 -75 4 37 34 23 22
 2 -20 2 25 19
 7 -38 6 41 38 37 36 32 26
 5 -79 1 19
 3 -10 9 53 44 39 38 37 36 35 34 33
 10 -4 6 53 44 37 36 33 31
 1 -24 4 37 36 35 26
 4 -64 4 44 40 37 25
 6 -66 8 53 44 41 40 39 38 37 33
 4 -85 4 43 41 38 26
 5 -84 7 53 44 42 39 38 36 35
 1 -64 5 38 37 34 33 32
 8 -61 6 53 46 39 38 34 33
 8 -17 6 53 46 44 40 39 33
 5 -85 8 61 47 46 44 41 40 39 38
 7 -96 8 61 53 52 51 47 44 39 37
 9 -57 6 52 45 44 42 41 37
 5 -45 6 61 47 45 44 38 37
 4 -52 6 46 43 41 40 39 38
 4 -39 13 61 60 59 58 56 53 52 51 50 49 46 45 43
 2 -45 9 60 59 57 52 49 48 47 45 42
 1 -84 8 61 60 59 52 51 49 45 41
 4 -45 7 59 51 49 47 46 43 41
 6 -45 9 61 59 57 52 51 50 49 48 45
 4 -75 7 60 59 56 50 49 46 43
 10 -64 8 60 58 56 52 51 50 49 48
 3 -88 7 59 57 56 50 49 48 45
 6 -75 7 60 58 56 52 49 48 45
 8 -27 5 58 57 56 50 48
 7 -20 5 61 58 56 55 51
 7 -56 3 57 54 48
 6 -84 3 57 55 54
 4 -64 2 55 54
 5 -1 2 55 54
 3 -6 2 58 54
 6 -71 1 55
 6 -42 1 54
 1 -33 1 54
 3 -59 1 54
 5 -33 1 55
 5 -3 1 54
 8 -34 1 62
 2 -77 1 62
 4 -57 1 62
 3 -51 1 62
 9 -61 1 62
 9 -9 1 62
 7 -36 1 62
 4 0 1 62
 0 14645 0
