62
 0 -50 5 2 3 4 5 8
 6 -49 4 15 11 7 6
 5 -58 5 15 13 12 9 7
 6 -27 3 13 10 7
 1 -2 2 14 6
 5 -50 3 16 13 10
 2 -36 4 21 18 16 14
 3 -58 4 18 16 15 14
 4 -80 5 26 23 21 20 19
 7 -9 4 23 20 18 17
 9 -12 4 23 20 19 18
 3 -63 4 26 21 20 18
 2 -26 3 26 21 19
 9 -10 2 23 17
 2 -12 4 28 26 24 22
 6 -66 3 26 24 20
 6 -36 2 22 19
 3 -12 3 28 24 22
 5 -93 4 33 28 25 24
 6 -76 5 33 30 28 27 25
 10 -59 2 27 22
 6 -5 3 33 30 25
 8 -89 3 33 27 25
 7 -52 4 38 35 30 27
 1 -92 5 38 37 32 31 29
 7 -9 5 38 37 33 31 29
 6 -14 3 36 32 31
 6 -77 4 43 38 36 34
 10 -29 3 36 35 34
 4 -32 4 43 41 40 37
 2 -69 2 43 34
 5 -81 4 46 43 42 40
 3 -67 4 46 42 41 40
 7 -65 3 42 41 39
 9 -15 3 42 40 39
 8 -4 3 46 42 41
 2 -31 3 44 42 39
 6 -98 3 48 46 42
 7 -70 7 61 52 51 48 47 46 45
 8 -61 6 61 53 52 51 50 44
 8 -34 4 61 52 45 44
 2 -97 5 61 52 51 47 45
 5 -75 7 59 58 54 53 51 50 49
 5 -22 4 59 49 48 47
 1 -5 5 59 58 53 50 49
 2 -10 5 59 58 54 53 49
 8 -58 5 60 58 57 56 55
 8 -22 4 58 56 55 54
 9 -82 3 57 56 55
 1 -65 3 57 56 55
 3 -47 3 60 57 55
 7 -79 3 58 56 55
 10 -82 2 56 55
 4 -37 1 57
 8 -22 1 62
 6 -81 1 62
 6 -60 1 62
 6 -22 1 62
 7 -40 1 62
 7 -11 1 62
 3 -20 1 62
 0 14075 0
