62
 0 -17 4 2 3 4 6
 9 -1 4 10 8 7 5
 9 -58 2 10 5
 10 -71 3 13 12 8
 4 -31 4 17 13 12 9
 5 -59 3 15 11 10
 4 -15 4 17 14 13 11
 7 -71 2 17 9
 10 -19 3 15 14 11
 5 -86 3 17 16 12
 3 -40 3 19 18 16
 6 -63 2 18 14
 2 -19 2 18 15
 6 -24 6 31 30 27 23 22 20
 5 -28 6 31 30 25 23 22 20
 10 0 5 31 27 25 22 20
 5 -33 8 31 30 29 27 25 24 23 22
 4 -31 7 30 29 28 27 25 24 22
 4 -35 7 34 32 30 29 26 25 23
 3 -28 4 29 28 24 21
 3 -24 5 35 34 33 32 26
 1 -78 4 35 33 32 26
 8 -35 4 42 35 33 28
 5 -18 3 42 35 26
 9 -18 8 47 44 42 40 39 38 37 36
 5 -66 7 47 44 40 39 38 37 36
 3 -66 3 44 39 32
 3 -10 6 47 44 40 38 37 36
 1 -97 5 47 44 39 38 36
 1 -1 5 47 44 39 38 36
 1 -19 5 47 45 42 38 37
 7 -78 4 47 42 40 36
 4 -20 4 40 39 37 36
 3 -18 4 47 45 38 37
 4 -51 6 51 48 47 46 44 41
 9 -5 4 48 45 43 41
 6 -62 3 48 43 41
 7 -85 6 53 52 51 49 48 46
 3 -34 6 53 52 51 50 49 48
 8 -98 6 53 52 51 50 48 46
 1 -78 4 53 52 50 49
 3 -20 4 53 50 49 48
 6 -22 3 52 49 46
 9 -35 3 55 52 50
 2 -95 1 46
 9 -74 4 61 56 55 54
 4 -83 3 61 55 52
 1 -38 5 61 60 57 56 54
 6 -29 3 61 55 54
 1 -87 4 60 57 56 54
 7 -61 4 60 57 56 54
 3 -4 2 57 54
 7 -12 2 61 55
 3 -97 2 59 58
 4 -52 2 60 57
 10 -55 2 59 58
 7 -3 1 62
 2 -89 1 62
 10 -87 1 62
 1 -83 1 62
 8 -59 1 62
 0 13875 0
