52
 0 -54 7 2 3 5 6 7 10 11
 10 -4 5 18 17 16 9 8
 6 -45 3 18 17 4
 7 -13 5 31 21 19 15 12
 8 -34 5 27 24 22 18 13
 8 -14 3 17 14 12
 3 -35 8 31 28 27 24 23 22 21 15
 9 -100 4 31 29 21 12
 6 -46 7 31 28 27 24 22 21 15
 1 -62 8 31 29 27 25 22 20 19 18
 8 -77 6 32 28 27 23 17 15
 6 -12 8 32 28 27 25 24 23 22 20
 9 -74 4 31 23 21 15
 10 -33 9 35 32 31 30 28 26 25 24 23
 7 -83 4 30 29 25 20
 5 -57 7 35 34 33 31 30 28 25
 10 -24 7 43 41 35 33 30 29 26
 6 -88 7 43 42 35 33 32 28 26
 5 -32 6 43 42 41 33 32 26
 6 -85 5 43 42 35 33 26
 1 -91 8 51 43 41 36 35 34 33 32
 7 -86 7 51 43 41 39 37 35 30
 7 -92 8 51 50 48 42 41 39 36 34
 7 -86 7 50 48 42 41 37 36 34
 5 0 8 51 48 47 43 42 41 39 36
 6 -69 7 51 50 49 48 39 36 34
 4 -73 6 51 48 47 42 41 36
 5 -96 7 51 50 49 48 47 41 38
 8 -54 6 50 49 48 46 39 37
 8 -46 5 48 47 42 38 36
 4 -45 4 48 47 39 36
 4 -11 4 49 48 45 38
 4 -63 2 38 37
 6 -58 3 47 45 38
 5 -39 4 50 46 45 44
 7 -67 3 46 45 40
 3 -60 3 47 45 40
 2 -80 2 46 40
 7 -65 1 40
 8 -73 1 44
 2 -50 1 44
 10 -3 1 49
 5 -90 1 45
 10 -19 1 52
 1 -93 1 52
 1 -10 1 52
 10 -29 1 52
 1 -66 1 52
 1 -72 1 52
 10 -87 1 52
 4 -72 1 52
 0 14085 0
