52
 0 -33 11 2 3 4 5 6 7 11 12 13 14 21
 6 -17 10 31 23 22 19 17 16 15 10 9 8
 6 -25 12 51 40 33 32 31 30 29 27 24 23 19 18
 9 -91 9 30 29 27 24 23 22 20 18 16
 4 -41 3 37 23 8
 9 -25 7 40 33 30 28 27 22 18
 1 -35 9 51 50 40 37 32 30 27 24 19
 6 -83 9 50 39 36 35 33 29 27 25 20
 9 -40 9 51 40 39 38 32 30 27 26 24
 2 -84 9 51 50 49 39 37 36 35 27 25
 1 -25 8 48 40 39 37 33 30 27 22
 4 -28 8 51 50 49 33 30 29 28 27
 10 -63 6 51 50 37 36 35 19
 4 -65 6 51 50 37 35 25 19
 6 -73 6 50 39 38 30 28 27
 9 -43 11 51 50 48 46 44 42 40 38 36 35 34
 2 -39 6 51 49 45 32 30 28
 6 -89 8 50 48 47 42 39 37 36 34
 4 -40 7 49 47 46 45 39 38 28
 2 -11 8 49 48 46 44 42 40 38 34
 6 -45 8 51 50 47 46 44 42 36 34
 3 -56 7 51 49 45 44 42 35 34
 5 -93 7 49 48 46 45 44 42 34
 1 -37 3 46 45 28
 10 -33 3 46 38 28
 4 -63 7 50 49 47 45 43 42 41
 7 -47 6 47 46 45 44 42 41
 3 -16 4 48 44 42 34
 5 -84 4 46 43 42 38
 8 -52 3 46 42 35
 5 0 4 47 44 42 41
 2 -82 2 44 34
 4 -7 3 45 43 41
 3 -59 2 43 41
 8 -30 2 47 41
 8 -60 2 45 41
 5 -10 1 38
 6 -58 1 41
 1 -93 1 44
 6 -42 1 45
 4 -71 1 52
 8 -62 1 52
 1 -77 1 52
 1 -58 1 52
 9 -36 1 52
 3 -47 1 52
 9 -41 1 52
 5 -40 1 52
 7 -81 1 52
 6 -56 1 52
 7 -92 1 52
 0 12890 0
