62
 0 -64 9 2 3 6 7 8 10 11 12 13
 7 -47 4 23 14 5 4
 6 -97 5 25 23 18 15 9
 8 -78 4 26 16 15 9
 4 -76 4 25 21 18 9
 8 -3 3 23 18 9
 7 -35 8 32 26 24 23 21 20 18 16
 5 -85 7 30 29 23 21 20 18 17
 8 -39 5 29 24 20 19 17
 1 -55 6 29 24 22 20 19 18
 4 -88 8 44 32 29 25 24 22 21 20
 2 -59 4 29 27 20 15
 1 -45 9 44 35 32 31 30 28 27 23 21
 6 -36 6 33 32 31 28 25 24
 2 -52 8 61 44 37 34 33 32 28 24
 5 -41 6 44 37 33 31 30 25
 8 -24 5 39 36 32 27 22
 7 -47 6 44 39 37 35 28 27
 3 -12 10 61 46 44 42 38 37 35 34 33 30
 6 -41 9 61 46 43 40 39 36 35 34 31
 10 -76 9 61 46 41 40 39 38 37 36 34
 6 -34 5 61 42 35 34 28
 9 -65 9 46 43 42 41 40 39 38 34 33
 4 -44 6 46 43 42 38 35 30
 2 -86 8 61 60 46 43 40 38 36 34
 4 -5 8 61 46 43 42 41 39 38 34
 6 -85 9 61 52 45 43 42 41 40 34 33
 5 -90 6 60 46 43 41 40 38
 6 -17 7 60 59 52 45 42 40 34
 10 -62 5 58 52 41 40 39
 3 -6 5 60 58 56 41 38
 3 -85 6 60 59 58 45 42 40
 6 -94 8 58 57 55 54 51 50 49 48
 7 -95 7 58 57 55 54 51 49 47
 2 -59 7 60 56 55 54 50 49 47
 6 -74 5 57 56 49 48 42
 2 -32 6 59 58 56 51 50 47
 1 -29 4 55 54 52 45
 9 -57 5 60 59 56 55 47
 9 -88 5 57 56 55 54 48
 10 -68 5 57 51 50 49 48
 7 -51 3 55 54 50
 1 -32 3 59 58 50
 4 -77 3 57 56 49
 9 -32 2 49 47
 10 -38 2 54 48
 6 -88 1 48
 2 -2 1 53
 6 -100 1 53
 7 -73 1 53
 1 -76 1 53
 1 -53 1 53
 10 -57 1 62
 5 -31 1 62
 1 -35 1 62
 7 -93 1 62
 1 -95 1 62
 6 -44 1 62
 1 -87 1 62
 1 -79 1 62
 3 -3 1 62
 0 17105 0
