62
 0 -88 4 2 3 4 9
 1 -39 2 6 5
 8 -30 3 14 8 7
 2 -37 3 14 8 7
 6 -9 3 14 11 8
 2 -9 2 11 10
 10 -78 2 15 11
 4 -95 1 10
 4 -1 1 10
 5 -20 2 15 12
 9 -46 1 12
 2 -53 2 32 13
 3 -84 7 27 23 22 20 19 17 16
 6 -23 3 27 24 17
 8 -44 6 27 26 25 24 21 18
 3 -13 5 26 25 24 21 18
 4 -54 4 26 25 21 18
 7 -17 5 37 31 30 29 28
 10 -72 3 29 28 21
 9 -56 4 37 29 28 26
 9 -55 4 37 36 33 31
 2 -89 2 26 24
 10 -65 3 36 33 31
 1 -72 5 45 41 36 35 33
 3 -55 3 43 41 28
 2 -56 4 45 36 35 33
 6 -34 5 45 40 37 36 34
 2 -49 3 45 35 33
 7 -29 6 47 45 41 40 38 36
 2 -80 4 45 43 38 35
 9 -20 4 45 41 39 35
 6 -91 3 45 36 35
 6 -66 1 34
 5 -72 5 53 47 44 42 38
 1 -50 3 44 42 40
 4 -22 3 53 43 42
 10 -11 4 52 50 49 44
 9 -5 1 39
 3 -8 4 52 50 49 46
 2 -65 4 53 52 50 46
 8 -52 5 61 52 50 49 48
 3 -75 3 52 49 46
 3 -62 2 49 46
 4 -66 1 46
 6 -21 1 46
 1 -3 4 61 59 51 48
 1 -6 3 54 52 49
 4 -72 3 60 55 54
 9 -89 2 59 51
 4 -4 2 59 51
 4 -55 3 58 57 55
 2 -39 3 60 57 56
 5 -59 3 60 59 56
 7 -88 2 58 57
 5 -20 1 56
 7 -29 1 62
 1 -79 1 62
 10 -1 1 62
 2 -34 1 62
 3 -97 1 62
 8 -91 1 62
 0 14520 0
