62
 0 -4 9 2 3 4 5 6 7 8 10 11
 2 -78 9 32 23 21 20 18 16 15 14 12
 3 -92 7 34 32 19 17 15 13 9
 3 -77 7 32 23 21 20 19 18 14
 7 -50 7 34 23 21 20 18 15 13
 4 -56 6 25 21 19 18 15 14
 10 -63 6 34 23 22 20 19 15
 2 -76 6 32 25 24 21 19 14
 1 -59 5 23 22 21 20 18
 9 -62 6 34 27 24 23 22 20
 7 -80 5 34 32 24 23 20
 2 -18 4 34 28 24 17
 8 -52 6 29 28 27 25 24 22
 8 -59 8 47 38 34 30 29 28 27 22
 6 -46 7 45 41 35 33 27 26 24
 2 -82 6 33 29 27 26 25 24
 4 -18 5 38 37 29 25 22
 10 -36 9 52 45 42 41 33 31 30 29 24
 1 -39 9 47 45 41 38 37 35 33 29 26
 8 -51 7 41 38 36 35 29 28 25
 1 -83 6 47 39 31 29 28 27
 8 -44 4 45 41 35 26
 5 -58 9 52 47 46 45 41 40 39 36 33
 6 -71 8 61 47 46 43 39 38 37 36
 2 -2 8 60 52 51 50 47 42 31 30
 2 -70 6 52 51 42 39 36 31
 10 -15 9 61 60 59 52 51 49 43 40 36
 1 -77 6 60 58 52 42 37 33
 2 -79 7 61 60 59 58 57 49 44
 4 -94 5 61 59 58 49 40
 4 -57 4 61 49 46 40
 5 -33 4 57 44 39 38
 2 -10 4 61 57 49 43
 7 -65 7 59 58 57 56 55 51 48
 6 -73 4 61 60 49 44
 6 -35 3 57 50 44
 8 -63 3 59 51 44
 10 -100 5 60 58 56 55 48
 6 -70 4 60 55 49 48
 8 -8 2 57 44
 10 -83 4 57 55 51 48
 3 -19 1 44
 1 0 1 44
 6 -10 3 56 55 48
 7 -35 2 55 48
 6 -57 3 59 57 55
 4 -66 3 56 54 53
 3 -25 2 54 53
 4 -24 2 56 53
 8 0 2 58 53
 5 -19 1 53
 8 -35 1 53
 1 -46 1 62
 8 -65 1 62
 4 -95 1 62
 3 -57 1 62
 5 -90 1 62
 4 -24 1 62
 1 -9 1 62
 4 -28 1 62
 7 -11 1 62
 0 15015 0
