52
 0 -1 8 2 3 4 5 6 7 8 10
 7 -97 10 28 20 17 16 15 14 13 12 11 9
 4 0 7 27 23 21 20 15 13 12
 4 -26 5 28 23 20 15 12
 1 -81 5 29 27 18 13 12
 6 -42 6 40 29 27 20 19 17
 6 -84 4 22 19 16 15
 9 -12 6 40 34 29 28 26 20
 8 -35 4 29 26 19 18
 1 -68 7 40 34 28 25 24 23 22
 5 -1 5 40 24 23 22 21
 4 -10 6 40 34 30 26 25 24
 3 -71 6 34 30 26 25 24 22
 2 -87 6 30 29 27 26 25 24
 2 -1 6 34 32 30 29 26 25
 2 -48 5 40 35 30 25 24
 1 -92 3 34 24 23
 2 -2 4 46 44 34 23
 1 -36 3 30 25 24
 3 -57 3 30 25 22
 3 -80 3 38 33 25
 10 -1 8 46 44 43 41 38 36 32 31
 8 -12 5 37 35 33 31 30
 9 -44 6 46 44 43 33 32 31
 9 -100 7 46 44 43 41 37 36 31
 9 -7 5 46 37 35 33 31
 1 -47 6 46 44 43 42 38 33
 10 -22 6 46 43 38 37 36 31
 10 -64 8 51 50 46 45 44 43 41 39
 2 -74 5 43 41 39 38 36
 1 -73 5 51 50 45 42 39
 9 -81 4 51 50 42 37
 9 -15 3 45 39 36
 1 -30 3 50 39 38
 7 -72 4 51 50 43 42
 4 -98 4 51 50 48 47
 6 -77 3 49 48 45
 1 -40 3 51 49 45
 2 -78 3 49 48 47
 1 -7 3 50 49 47
 5 -74 1 42
 8 -65 2 49 47
 5 -69 2 48 47
 1 -51 2 48 47
 2 -10 1 47
 9 -29 1 48
 5 -16 1 52
 2 -28 1 52
 7 -82 1 52
 5 -58 1 52
 3 -61 1 52
 0 12080 0
