52
 0 -50 16 2 3 4 5 6 7 9 10 11 12 13 14 15 18 26 31
 9 -12 8 35 25 24 23 22 20 16 8
 10 -93 12 45 38 35 34 33 29 28 25 23 22 21 20
 2 -66 9 45 38 34 30 29 28 25 21 19
 6 -40 8 38 35 34 30 28 25 20 16
 7 -12 10 45 35 34 33 32 30 28 27 23 20
 7 -93 7 34 30 29 28 25 19 16
 5 -69 9 45 39 38 37 36 34 29 28 19
 8 -63 8 39 37 35 33 32 29 28 20
 4 -34 7 45 44 34 30 29 28 17
 6 -35 6 44 43 34 30 28 16
 9 -94 7 51 42 37 32 30 24 20
 5 -67 7 44 43 36 35 30 28 25
 4 -94 4 51 44 34 16
 2 -81 7 50 45 43 37 34 33 30
 4 -39 7 50 45 42 37 36 33 32
 5 -95 7 51 50 43 42 36 35 33
 2 -63 4 43 37 36 28
 5 -78 6 51 44 43 42 33 32
 2 -1 5 50 44 43 41 36
 8 -68 5 51 50 43 42 36
 8 -23 4 51 50 37 30
 3 -32 6 51 50 48 44 42 37
 1 -80 5 50 45 44 41 36
 6 -25 3 51 37 32
 7 -96 3 51 35 32
 9 -88 3 50 37 36
 5 -55 6 51 50 49 48 47 42
 8 -66 5 51 50 48 43 42
 3 -88 4 49 48 41 40
 2 -50 3 50 48 37
 4 -10 3 49 48 40
 2 -35 3 48 41 40
 1 -92 3 47 42 41
 7 -69 3 48 47 41
 3 -34 2 48 40
 7 -61 2 47 41
 7 -16 2 48 41
 1 -99 2 47 44
 1 -20 2 47 46
 7 -76 1 46
 4 -97 1 46
 9 -86 1 49
 7 -1 1 46
 8 -100 1 46
 2 -59 1 52
 4 -46 1 52
 1 -85 1 52
 2 -52 1 52
 4 -45 1 52
 7 -53 1 52
 0 14930 0
