52
 0 -22 6 2 3 4 5 6 8
 6 -70 5 21 20 19 9 7
 2 -22 4 15 13 11 7
 3 -29 4 21 18 14 10
 8 -8 9 28 27 24 22 21 19 18 17 16
 7 -37 6 25 24 18 17 16 12
 5 -4 5 27 18 17 16 14
 9 -39 8 29 28 27 25 24 20 16 15
 4 -51 6 32 27 24 18 16 14
 8 -71 9 41 28 27 26 25 24 22 19 17
 7 -90 7 29 25 24 22 19 18 17
 5 -95 8 41 32 29 28 27 26 22 20
 3 -48 5 27 24 22 19 17
 7 -8 4 29 28 25 22
 6 -32 5 41 37 34 26 23
 10 -87 8 41 38 37 35 34 33 31 26
 2 -100 4 42 40 37 23
 8 -26 8 47 42 41 40 35 33 31 30
 4 -74 8 40 39 38 37 35 33 32 31
 7 -30 8 47 46 40 38 37 34 31 30
 7 -21 4 41 39 29 25
 4 -8 6 47 38 37 34 33 30
 10 -82 6 46 39 38 33 32 31
 2 -16 5 47 39 38 35 31
 3 -92 7 47 46 43 42 40 38 36
 8 0 6 47 46 43 40 39 36
 2 -89 6 46 43 42 39 38 37
 9 0 4 39 38 37 35
 3 -75 4 46 43 38 36
 2 -20 4 51 44 43 39
 2 -50 2 43 36
 1 -71 5 51 50 47 45 44
 3 -79 2 49 36
 7 -32 2 42 39
 7 -42 4 51 50 46 43
 9 -45 4 51 50 45 44
 10 -34 4 50 49 45 44
 8 -72 4 51 50 49 48
 6 -72 3 50 49 45
 10 0 3 50 49 44
 5 -73 2 44 43
 2 -31 2 50 44
 10 -19 2 49 48
 10 -78 1 48
 8 -78 1 48
 5 -91 1 48
 8 -45 1 49
 10 -87 1 52
 5 -69 1 52
 1 -77 1 52
 9 -39 1 52
 0 12650 0
