62
 0 -26 5 2 3 4 5 8
 10 -4 6 16 15 12 11 10 9
 6 -11 4 16 15 7 6
 4 -55 4 16 11 7 6
 2 -46 3 16 14 9
 4 -79 2 12 9
 3 -52 2 14 9
 4 -72 2 14 9
 1 -99 3 21 18 13
 2 -80 3 18 14 13
 6 -82 5 28 23 21 20 17
 5 -71 3 23 21 14
 10 -70 4 28 23 20 17
 2 -82 3 28 24 17
 2 -58 3 23 20 18
 3 -66 2 24 17
 2 -98 4 30 25 22 19
 4 -86 5 28 27 26 25 24
 6 -81 5 35 31 29 27 26
 4 -18 5 33 30 27 26 24
 8 -90 4 31 26 25 24
 8 -14 4 35 33 29 27
 2 -77 3 32 31 29
 5 -29 4 39 37 35 32
 3 -49 4 39 37 33 32
 4 -43 3 43 39 32
 9 -86 3 43 39 32
 4 -88 3 43 39 32
 3 -71 3 39 37 34
 4 -8 4 46 43 39 34
 6 -76 3 39 38 33
 10 -12 3 46 36 34
 10 -91 7 46 45 44 43 42 41 40
 9 -8 4 42 41 40 38
 8 -54 5 49 46 45 42 41
 8 -39 4 49 45 44 42
 1 -81 5 53 51 47 46 43
 5 -24 3 48 45 44
 10 -85 4 53 51 48 47
 1 -32 5 61 53 51 49 48
 10 -7 5 61 53 52 51 50
 5 -73 2 48 47
 2 -48 4 61 54 50 48
 4 -38 2 53 47
 3 -98 3 53 51 50
 8 -44 3 54 50 48
 4 -56 5 61 59 56 54 50
 7 -40 4 60 59 57 52
 2 -49 4 59 57 56 54
 1 -12 4 60 58 57 55
 9 -69 3 57 56 54
 2 -45 3 58 56 55
 2 -74 3 59 58 55
 10 -48 1 55
 1 -28 1 62
 2 -8 1 62
 2 -25 1 62
 6 -25 1 62
 4 -87 1 62
 5 -49 1 62
 4 -11 1 62
 0 16135 0
