62
 0 -56 11 2 3 4 5 6 7 8 9 10 17 26
 6 -75 8 36 34 25 20 19 16 14 12
 1 -61 7 40 36 34 27 20 19 12
 2 -90 7 34 29 27 25 22 19 14
 10 -54 7 40 36 21 20 19 18 14
 1 -62 6 36 34 25 22 18 11
 4 -94 6 33 29 25 19 15 13
 1 -21 6 36 34 29 25 18 16
 10 -38 4 34 29 16 12
 7 -67 7 40 36 33 30 29 27 24
 4 -31 5 40 35 31 28 20
 8 -28 4 42 35 28 18
 4 -41 6 40 37 36 34 30 24
 3 -64 5 37 35 32 30 24
 5 -100 5 37 32 30 28 24
 8 -6 6 40 38 37 32 31 30
 10 -99 6 38 35 33 32 31 30
 4 -39 4 37 33 30 24
 4 -94 4 42 30 28 23
 4 -21 4 39 38 32 29
 8 -19 7 49 43 42 39 38 37 35
 6 -45 5 42 40 39 33 28
 9 -5 6 49 45 43 39 38 35
 6 -14 4 46 41 38 31
 9 -22 3 39 35 28
 9 -43 3 41 39 33
 9 -57 1 28
 3 -61 6 53 47 46 45 43 41
 8 -60 4 53 47 43 37
 10 -69 3 45 41 39
 6 -72 7 53 52 51 49 47 45 43
 7 -67 6 53 49 48 46 42 41
 10 -85 5 53 52 51 45 43
 6 -92 4 58 47 45 41
 2 -25 7 59 53 52 51 47 46 44
 6 -26 4 53 52 48 42
 9 -50 3 58 45 41
 2 -15 5 58 52 51 48 44
 10 -42 7 61 59 53 51 50 47 46
 6 -95 5 59 58 52 51 44
 8 -29 4 59 52 51 44
 5 -18 4 59 58 51 44
 2 -39 2 58 44
 8 -100 6 61 60 57 56 54 50
 9 -89 4 60 55 54 48
 2 -97 5 58 57 56 55 54
 3 -17 4 57 56 55 54
 8 -32 2 59 56
 4 0 2 57 55
 7 -12 1 55
 5 -97 1 54
 6 -28 1 54
 1 -86 1 58
 4 -9 1 62
 1 -37 1 62
 5 -8 1 62
 4 -92 1 62
 8 -67 1 62
 3 -59 1 62
 10 -15 1 62
 10 -20 1 62
 0 15280 0
