62
 0 -64 9 2 3 4 5 6 7 9 15 26
 8 -18 10 28 22 18 16 14 13 12 11 10 8
 7 -23 5 28 24 17 12 11
 7 -9 8 31 28 24 23 22 21 18 16
 1 -31 6 31 25 24 18 16 13
 8 -16 6 28 24 21 18 16 14
 2 -29 8 33 29 24 23 21 20 19 18
 4 -66 8 37 35 27 25 24 23 21 19
 6 -52 4 31 24 21 16
 6 -40 7 47 33 29 27 23 21 20
 10 -74 5 33 25 23 20 19
 10 -26 8 47 37 35 31 29 27 23 21
 8 -100 6 47 35 33 29 23 21
 3 -24 6 47 35 33 32 31 23
 6 -26 4 29 25 24 21
 10 -73 5 47 38 33 27 20
 7 -39 5 47 37 32 31 23
 1 -19 8 43 42 41 38 36 35 30 27
 9 -40 7 47 43 41 38 36 32 31
 3 -70 8 43 42 41 40 37 36 35 34
 6 -11 6 43 42 41 38 32 30
 8 -25 6 42 41 37 36 35 29
 6 -48 6 43 42 41 38 36 30
 2 -18 6 48 47 43 36 34 32
 8 -81 7 61 53 45 43 41 40 39
 2 -34 5 54 43 38 35 34
 2 -37 4 48 45 40 34
 3 -64 3 43 36 32
 9 -86 8 61 58 53 50 46 45 43 40
 5 -41 2 44 34
 6 0 2 54 34
 2 -79 6 61 58 53 50 46 40
 1 -49 5 60 53 50 43 41
 3 -76 4 61 59 53 39
 7 -53 4 61 59 53 39
 8 -6 7 61 59 58 53 50 46 44
 2 -73 6 59 54 53 48 45 44
 7 -72 6 60 58 57 50 46 45
 5 -89 6 60 58 57 50 49 46
 1 -88 6 60 59 57 56 54 49
 7 -89 3 54 49 48
 9 -68 3 56 53 49
 7 -83 3 59 56 49
 1 -26 3 57 52 49
 10 -58 2 56 49
 7 -95 2 56 51
 10 -44 2 52 51
 6 -24 2 58 55
 8 -49 1 51
 5 -12 1 52
 6 -39 1 55
 1 -37 1 55
 10 -43 1 57
 8 -45 1 55
 8 -34 1 62
 5 -98 1 62
 7 -35 1 62
 5 -21 1 62
 7 -65 1 62
 8 -41 1 62
 4 -44 1 62
 0 14595 0
