52
 0 -64 10 2 3 4 5 6 8 9 11 13 15
 5 -96 7 30 26 18 17 16 10 7
 5 -58 9 41 26 25 20 18 17 16 14 10
 6 -33 6 30 28 26 23 19 7
 10 -36 11 51 41 32 30 27 26 24 22 21 20 19
 7 -53 9 51 42 40 29 26 23 22 19 12
 6 -65 8 42 41 36 29 25 24 22 14
 2 -61 5 41 35 26 18 10
 4 -36 8 42 36 35 34 32 25 22 19
 8 -71 6 37 36 32 31 23 22
 9 -46 6 33 32 31 26 23 21
 4 -69 9 47 41 37 36 35 34 33 31 30
 6 -91 7 51 41 39 36 35 23 22
 3 -1 9 51 50 47 46 37 35 34 32 31
 7 -60 7 50 49 41 38 36 32 25
 10 -12 4 50 40 34 19
 7 -12 6 48 47 40 37 33 27
 8 -34 3 51 40 22
 10 -41 7 48 47 46 45 38 37 31
 10 -96 4 50 35 34 29
 5 -13 6 49 48 47 46 38 37
 10 -90 5 49 48 47 38 33
 9 -100 5 50 48 47 46 34
 10 -12 4 49 48 38 33
 3 -4 5 47 46 45 43 37
 4 -41 4 48 47 38 37
 5 -79 6 50 49 46 45 44 43
 2 -43 4 46 44 38 35
 1 -43 4 47 46 43 39
 8 -94 4 50 46 45 43
 6 -8 3 49 43 39
 8 -19 2 40 39
 7 -91 3 46 45 44
 5 -3 2 45 38
 4 -40 2 45 43
 4 -19 2 48 44
 8 -71 1 39
 10 -88 1 43
 3 -54 1 44
 5 -69 1 45
 9 -67 1 48
 3 -37 1 43
 3 -69 1 52
 7 -21 1 52
 8 -28 1 52
 9 -76 1 52
 6 -81 1 52
 2 -70 1 52
 6 -57 1 52
 2 -24 1 52
 5 -13 1 52
 0 12795 0
