62
 0 -6 7 2 3 4 5 6 7 9
 2 -61 6 20 19 14 12 11 10
 2 -30 5 16 15 14 12 10
 4 -80 4 15 13 11 8
 1 -72 3 12 11 8
 5 -25 5 20 19 17 14 13
 4 -7 4 20 19 13 11
 4 -57 4 23 20 17 16
 8 -61 3 20 19 13
 4 -14 2 17 13
 5 -20 4 23 22 18 17
 1 -16 4 24 22 21 17
 6 -41 3 23 22 18
 9 -24 3 23 22 18
 7 -58 3 26 24 19
 4 -2 2 22 18
 5 -26 4 32 31 26 25
 10 -65 2 24 21
 9 -93 4 32 31 29 25
 10 -78 2 32 21
 2 -46 3 31 28 26
 4 -47 3 31 28 26
 2 -47 3 32 29 27
 3 -89 4 32 31 30 29
 2 -57 1 27
 4 -21 4 42 33 30 29
 4 -73 2 33 28
 8 -3 3 42 38 30
 2 -67 3 38 37 34
 8 0 2 36 34
 8 -68 5 45 42 41 40 39
 7 -5 4 41 39 38 37
 8 -29 2 45 35
 3 -30 1 35
 3 -95 4 47 41 40 39
 5 -14 3 48 39 37
 8 -17 5 50 47 45 44 43
 1 -93 6 52 51 50 48 47 46
 5 -8 4 61 52 50 44
 3 -80 4 52 51 48 43
 4 -16 3 52 51 43
 7 -19 4 61 51 47 46
 4 -31 3 61 60 46
 5 -76 3 60 51 46
 9 -40 5 58 57 53 52 51
 4 -79 3 59 58 49
 8 -19 2 60 49
 2 -39 6 61 59 58 57 56 54
 9 -27 4 57 56 55 53
 7 -25 4 57 56 55 53
 7 -29 3 56 55 54
 6 -4 2 55 54
 3 -47 1 54
 8 -23 1 62
 5 -44 1 62
 5 -93 1 62
 9 -76 1 62
 7 -89 1 62
 1 -76 1 62
 3 -28 1 62
 9 -79 1 62
 0 13420 0
