62
 0 -5 5 2 3 7 8 9
 6 -98 5 15 11 6 5 4
 7 -26 2 11 4
 3 -68 3 13 12 10
 4 -1 3 17 13 10
 4 -21 3 17 13 10
 2 -8 3 17 13 10
 7 -95 3 17 13 10
 2 -85 5 23 18 16 14 13
 10 -10 5 23 19 18 16 14
 4 -72 6 23 21 20 19 18 16
 8 -4 5 23 22 20 19 18
 6 -15 3 22 20 19
 8 -62 3 22 21 20
 4 -54 2 28 18
 9 -3 3 27 24 22
 6 -88 1 18
 7 -15 3 27 25 24
 6 -94 3 28 25 24
 6 -60 2 27 24
 3 -23 2 27 24
 1 -96 4 35 31 30 25
 1 -79 4 42 33 29 26
 6 -76 4 42 33 32 26
 6 -57 4 42 34 33 29
 1 -17 4 35 34 31 30
 7 -55 3 43 32 30
 2 -14 4 41 40 37 34
 9 -99 3 43 39 32
 3 -13 4 40 39 38 36
 6 -10 4 41 40 38 36
 10 -96 4 41 40 38 37
 5 -18 4 43 41 38 36
 2 -94 4 46 43 39 38
 6 -32 3 46 43 36
 2 -22 1 37
 7 -13 5 53 50 47 45 44
 6 -30 5 51 50 49 47 45
 8 -35 4 53 50 47 44
 10 -28 6 52 50 49 48 47 46
 2 -38 3 53 50 44
 2 -30 1 43
 9 -91 5 55 53 49 48 47
 3 -71 4 61 51 49 48
 3 -7 3 60 52 48
 3 -71 5 60 58 56 55 54
 5 -23 5 61 60 59 58 57
 4 -20 3 58 56 54
 8 -22 3 58 57 54
 7 -8 3 61 58 54
 3 -92 3 60 58 55
 7 -4 2 59 55
 3 -87 2 60 58
 5 -53 1 59
 1 -43 1 57
 8 -67 1 57
 4 -12 1 62
 2 -29 1 62
 7 -40 1 62
 4 -39 1 62
 7 -35 1 62
 0 13365 0
