52
 0 -81 10 2 3 4 5 7 11 12 13 21 24
 8 -25 6 23 19 16 15 8 6
 9 -16 7 38 34 31 23 20 19 6
 6 -26 9 38 37 34 32 31 25 23 20 10
 4 -43 8 51 43 34 32 25 22 20 14
 2 -65 5 37 32 29 28 9
 9 -33 10 43 42 37 36 34 33 31 23 22 20
 6 -22 5 33 22 20 18 17
 6 -69 8 51 43 42 36 33 30 25 22
 7 -79 7 51 42 33 30 28 26 22
 5 -3 8 43 39 38 33 31 30 29 23
 10 -93 4 43 35 34 20
 7 -94 9 51 50 42 41 40 36 34 33 28
 2 -12 8 42 39 37 36 33 31 30 27
 10 -92 8 51 50 41 40 36 34 33 28
 1 -56 7 42 41 39 37 35 31 27
 10 -77 7 42 41 39 37 35 34 31
 4 -58 7 50 43 42 39 35 34 27
 7 -65 6 47 40 39 36 30 29
 8 -13 5 50 41 30 28 27
 5 -65 6 41 40 39 36 35 33
 2 -42 5 50 48 41 35 27
 6 -58 4 48 41 35 27
 1 -57 7 50 48 47 45 43 40 39
 9 -72 5 49 48 47 40 39
 10 -66 5 49 47 45 39 36
 9 -10 4 47 45 44 40
 9 -68 4 48 47 45 39
 1 -100 3 50 44 35
 4 -79 4 49 48 46 45
 6 -33 4 50 46 45 44
 8 -16 3 48 45 41
 8 -30 3 49 48 45
 9 -66 3 47 45 44
 6 -24 2 49 45
 10 -4 2 46 44
 6 -7 2 48 46
 5 -94 2 48 44
 7 -57 1 44
 4 -19 1 46
 9 -1 1 47
 6 -64 1 49
 6 -26 1 44
 2 -70 1 52
 7 -81 1 52
 10 -54 1 52
 7 -18 1 52
 9 -78 1 52
 8 -9 1 52
 3 -76 1 52
 7 -34 1 52
 0 12500 0
