62
 0 -90 4 2 4 6 11
 1 -7 1 3
 2 -21 3 9 7 5
 2 -13 2 7 5
 8 -40 4 21 16 10 8
 7 -27 5 16 15 14 13 12
 3 -83 5 21 20 16 15 14
 6 -92 4 15 14 13 12
 4 -26 5 27 23 17 15 13
 4 -2 2 14 13
 1 -33 5 27 23 22 19 15
 2 -10 5 27 23 20 18 17
 1 -68 4 22 20 19 18
 4 -87 4 27 24 23 17
 5 -50 4 29 28 25 18
 3 -76 3 24 22 19
 3 -4 5 32 31 29 28 25
 2 -32 2 26 24
 4 -13 4 37 35 26 25
 7 -26 4 35 32 28 25
 8 -32 4 32 31 28 25
 6 -39 4 32 31 30 29
 2 -52 3 37 29 25
 4 -40 5 35 34 33 32 31
 9 -91 5 38 36 34 33 30
 8 -79 4 34 33 32 30
 1 -78 3 34 32 31
 8 -64 5 42 38 37 34 33
 4 -29 4 42 36 35 33
 10 -85 6 46 45 43 42 40 39
 9 -1 5 46 43 41 38 37
 5 -62 3 42 41 36
 10 -39 5 47 46 45 43 39
 3 -33 5 49 46 45 43 40
 7 -46 4 46 45 41 40
 9 -40 3 46 45 40
 1 -8 8 56 55 50 49 48 47 45 44
 10 -57 2 49 40
 6 -39 3 50 48 41
 1 -36 6 56 55 50 48 47 44
 4 -51 5 56 55 52 49 44
 7 -18 4 56 55 47 44
 4 -42 3 55 54 53
 1 -98 2 53 51
 3 -79 2 53 51
 1 -52 2 53 51
 5 -25 2 61 52
 4 -22 2 54 53
 1 -4 2 54 53
 1 -95 1 51
 5 -2 3 61 59 54
 9 -64 2 59 54
 6 -46 4 61 59 58 57
 5 -14 3 60 58 57
 6 -78 3 61 59 58
 5 -38 2 60 57
 3 -67 1 62
 9 -17 1 62
 3 -66 1 62
 7 -57 1 62
 9 -53 1 62
 0 13690 0
