62
 0 -46 11 2 3 5 6 7 8 10 11 13 16 19
 3 0 3 25 15 4
 2 -51 3 21 12 9
 2 -21 5 24 23 22 21 14
 2 -40 4 24 20 17 15
 4 -73 7 34 28 27 24 23 22 21
 1 -51 5 29 27 25 21 18
 4 -67 5 28 25 23 22 21
 6 -87 4 30 26 24 15
 1 -68 3 30 24 14
 3 -88 6 38 34 29 27 24 21
 8 -65 4 30 29 24 17
 5 -74 5 33 27 24 23 20
 7 -88 3 29 28 17
 1 -75 5 33 28 27 23 22
 6 0 7 45 40 38 34 29 27 26
 5 -71 7 45 44 40 38 34 27 26
 8 -49 6 45 42 38 28 26 24
 10 -32 6 45 38 33 32 27 24
 8 -100 8 45 42 40 38 36 34 31 29
 3 -97 5 46 45 40 30 26
 7 -23 8 52 45 42 38 36 35 31 29
 6 -97 7 44 40 38 37 35 32 31
 6 -83 7 51 46 44 37 36 35 31
 8 -81 5 61 45 38 34 32
 8 -81 4 36 33 32 31
 7 -27 7 52 51 46 42 41 36 35
 3 -3 8 61 59 52 51 48 46 40 39
 9 -39 6 59 49 48 44 43 39
 8 -27 6 59 49 48 44 43 39
 10 -79 5 60 59 43 41 39
 2 -79 7 60 59 50 49 48 43 39
 2 -79 5 61 51 48 43 37
 2 -35 3 51 39 37
 5 -93 8 60 59 56 54 50 49 48 47
 9 -31 3 60 48 39
 4 -82 6 57 56 55 52 50 49
 3 -98 4 59 58 51 46
 3 -2 5 58 57 56 54 47
 8 -94 5 57 56 55 54 47
 2 -21 4 61 54 49 48
 3 -100 4 56 54 48 47
 5 -50 4 57 56 54 53
 1 -97 3 60 55 50
 5 -41 3 57 49 47
 7 -31 2 55 53
 2 -10 1 53
 4 -97 1 55
 3 -85 1 53
 3 -80 1 53
 9 -53 1 54
 8 -15 1 54
 9 -10 1 62
 1 -69 1 62
 3 -59 1 62
 1 -51 1 62
 4 -76 1 62
 7 -4 1 62
 4 -68 1 62
 9 -15 1 62
 8 -69 1 62
 0 17385 0
