62
 0 -24 4 2 4 7 10
 1 -74 2 8 3
 1 -99 4 16 13 11 5
 6 -35 3 16 12 6
 4 -12 2 18 9
 5 -10 5 19 18 15 14 13
 5 -82 5 19 16 15 14 13
 8 -12 4 18 15 14 13
 6 -12 2 19 12
 1 0 2 14 11
 3 -39 5 28 21 18 17 15
 9 -85 3 21 15 14
 3 -61 6 28 24 22 21 20 17
 1 -69 3 28 22 17
 7 -76 3 24 22 20
 8 -19 3 26 25 20
 3 -32 5 32 27 26 25 23
 4 -47 4 32 26 24 23
 2 -99 5 31 30 27 26 24
 10 -27 4 34 32 27 23
 8 -69 6 35 34 31 30 27 26
 10 -3 7 40 38 35 33 32 30 29
 8 -26 6 41 38 35 33 31 30
 2 -50 5 40 35 34 33 29
 1 -15 5 40 38 34 33 29
 3 -32 5 41 40 39 38 33
 2 -65 4 41 40 33 29
 5 -52 3 39 35 33
 9 -13 4 51 39 37 36
 3 -63 4 51 42 39 37
 3 -51 4 51 43 40 36
 6 -42 4 42 41 39 37
 2 -5 3 51 37 36
 10 -19 5 51 46 43 42 41
 7 -41 6 51 49 47 46 45 44
 7 -3 4 47 46 44 42
 9 -40 5 49 47 46 45 44
 5 -39 3 51 43 42
 5 -97 3 50 49 43
 1 -9 2 47 42
 9 0 3 50 49 45
 2 -4 2 49 45
 5 -32 2 48 47
 10 -32 3 57 53 50
 7 -48 3 53 52 48
 3 -82 2 52 48
 5 -6 4 56 55 53 52
 5 -9 5 61 60 57 56 54
 9 -34 5 60 57 56 55 54
 4 -8 4 56 55 54 52
 9 -66 4 61 57 56 53
 2 -41 3 61 59 58
 7 -85 3 60 59 58
 5 -86 2 59 58
 6 -68 2 59 58
 4 -87 1 59
 2 -4 1 58
 10 -44 1 62
 9 -68 1 62
 9 -65 1 62
 9 -48 1 62
 0 12825 0
