62
 0 -4 5 2 3 5 7 10
 10 -69 2 14 4
 9 -42 5 14 12 11 8 6
 2 -12 4 12 9 8 6
 10 -44 4 12 11 8 6
 2 -88 6 25 19 18 16 15 13
 1 -12 4 18 17 16 12
 6 -74 4 25 18 16 13
 7 -60 4 25 18 15 13
 8 -39 4 20 17 16 14
 3 -56 5 25 20 19 17 15
 2 -70 4 25 20 19 15
 3 -9 5 24 23 21 20 17
 5 -20 5 28 25 24 21 18
 10 -72 5 28 26 24 23 21
 2 -27 5 31 28 27 24 23
 2 -7 4 31 30 29 22
 1 -80 3 27 26 23
 8 -58 3 31 30 22
 6 -99 8 43 39 36 34 33 31 30 29
 3 -90 5 39 36 34 31 27
 9 -18 3 36 27 26
 6 -16 6 39 36 34 33 30 29
 9 -38 6 43 39 36 34 30 29
 2 -75 9 43 40 39 38 36 35 34 33 32
 6 -17 6 43 40 39 35 34 32
 7 -25 6 45 43 38 37 35 33
 2 -60 4 43 40 35 32
 2 -46 6 51 42 40 38 37 35
 7 -35 2 35 32
 8 -76 2 40 32
 9 -52 6 51 45 44 42 41 37
 6 -93 5 53 51 44 42 41
 7 -88 4 53 51 44 42
 6 -89 3 47 44 41
 7 -23 3 51 47 41
 5 -28 3 49 47 46
 9 -21 2 46 41
 1 -6 3 53 51 48
 9 -90 1 41
 6 -64 2 49 48
 10 -22 2 49 48
 3 -10 2 53 48
 6 -24 1 46
 6 -43 1 46
 9 -47 1 48
 6 -22 4 55 54 53 52
 3 -26 2 54 50
 4 -78 2 54 50
 1 -57 3 57 55 52
 1 -15 3 57 55 54
 1 -20 3 61 60 56
 9 -72 3 61 57 56
 7 -33 2 60 56
 2 -41 3 61 60 59
 6 -36 1 58
 7 -83 1 58
 8 -50 1 59
 10 -71 1 62
 10 -12 1 62
 10 -33 1 62
 0 13935 0
