62
 0 -25 6 2 3 4 5 6 8
 1 -93 5 15 13 11 10 9
 9 -68 6 25 16 15 13 12 10
 7 -72 6 27 23 18 14 13 7
 7 -57 6 33 25 23 19 13 10
 4 -71 7 33 27 25 21 20 18 13
 5 -97 7 26 25 24 21 20 17 15
 5 -61 6 33 27 25 20 14 13
 2 -20 7 35 33 27 24 21 20 18
 2 -23 5 27 24 20 17 14
 10 -9 9 35 34 31 28 27 25 24 23 17
 7 -51 7 35 32 31 30 29 24 21
 1 -5 6 35 34 31 28 24 17
 1 -75 8 45 39 36 35 34 29 28 26
 3 -43 6 43 39 35 33 28 22
 1 -23 4 31 29 24 23
 7 -96 8 45 44 43 39 37 36 32 30
 10 -60 6 61 45 38 32 29 26
 7 -76 3 28 27 26
 2 -40 8 61 43 39 38 37 36 34 32
 2 -16 6 47 43 39 37 34 28
 10 -23 8 61 60 45 44 38 37 36 32
 8 -67 4 44 39 32 30
 10 -26 9 61 50 47 45 43 42 41 39 37
 5 -100 6 61 60 46 44 43 29
 9 -26 5 47 43 41 37 31
 8 -77 6 61 58 56 39 38 37
 4 -40 6 61 60 58 42 41 38
 8 -85 6 59 50 47 42 41 40
 8 -26 5 61 60 57 47 38
 1 -77 7 60 57 56 50 46 44 40
 9 -9 6 50 48 47 46 42 41
 9 -50 6 60 57 56 49 46 38
 6 -78 8 60 57 56 55 50 48 46 44
 8 -63 8 61 59 56 54 50 49 46 40
 4 -66 4 59 47 42 40
 4 -95 7 59 57 55 54 49 48 46
 6 -38 4 59 54 50 40
 9 -30 3 60 54 40
 5 -95 4 55 53 51 48
 2 -42 4 55 53 52 49
 1 -21 4 57 56 54 51
 1 -17 4 55 54 52 51
 5 -66 3 58 54 49
 8 -59 3 56 53 51
 5 -5 2 53 52
 8 -78 2 58 56
 8 -52 1 52
 8 -7 1 51
 5 -77 1 51
 7 -88 1 62
 10 -10 1 62
 10 -41 1 62
 9 -90 1 62
 3 -73 1 62
 5 -72 1 62
 2 -79 1 62
 1 -99 1 62
 10 -68 1 62
 5 -2 1 62
 8 -35 1 62
 0 16165 0
