62
 0 -4 5 2 3 4 6 9
 2 -29 3 18 11 5
 2 -48 5 18 17 15 14 10
 7 -95 3 17 10 7
 1 -83 4 17 15 14 10
 8 -14 2 18 8
 1 -89 4 18 16 14 13
 3 -64 3 16 14 12
 1 -52 3 18 16 12
 7 -77 2 16 12
 3 -75 2 16 13
 4 -34 1 13
 4 -22 4 27 23 20 19
 5 -81 5 27 25 22 21 20
 4 -32 5 25 23 22 21 20
 4 -11 4 27 25 24 20
 2 -16 3 25 21 20
 1 -77 6 32 29 26 25 24 22
 2 -90 3 25 22 21
 9 -30 7 35 33 32 30 29 28 26
 3 -56 4 35 33 32 24
 10 -75 4 35 34 33 28
 1 -47 3 34 30 28
 5 -98 3 36 34 28
 10 -73 3 35 34 30
 7 -69 3 36 34 31
 4 -39 2 36 28
 2 -43 2 39 31
 4 -54 6 48 42 40 39 38 37
 1 -77 5 42 39 38 37 36
 10 -14 6 48 44 42 40 38 37
 6 -50 5 43 42 40 39 36
 10 -24 3 42 37 36
 6 -18 4 43 41 40 39
 3 -98 4 48 42 41 39
 10 -4 5 48 47 45 44 41
 8 -83 3 47 45 41
 3 -98 3 53 46 43
 1 -2 3 55 45 44
 9 -82 5 56 55 52 47 45
 2 -36 5 56 55 53 52 46
 1 -27 4 55 52 46 45
 1 -96 4 56 55 47 45
 9 -35 4 56 52 51 46
 3 -3 4 61 51 50 49
 4 -17 3 61 50 49
 4 -76 3 61 50 49
 6 -63 5 61 60 59 58 54
 5 -100 3 59 58 57
 1 -75 2 60 54
 3 -2 2 60 58
 7 -64 2 59 57
 2 -82 2 58 57
 4 -16 1 57
 10 -63 1 61
 10 -47 1 58
 10 -92 1 62
 6 -86 1 62
 2 -8 1 62
 3 -78 1 62
 4 -33 1 62
 0 16130 0
