62
 0 -62 5 2 3 5 6 7
 2 -52 3 10 9 4
 2 -80 1 4
 1 -63 5 15 14 12 11 8
 3 -60 5 15 14 12 11 8
 4 -7 4 15 14 13 11
 4 -12 4 16 15 14 11
 10 -29 4 21 19 17 13
 9 0 4 21 20 19 15
 4 -67 3 19 16 14
 7 -78 6 23 22 21 19 18 17
 6 -12 6 24 23 22 21 20 18
 6 -32 3 23 18 16
 10 -78 4 24 23 18 17
 3 -42 4 23 22 18 17
 7 -21 7 30 28 26 25 24 22 20
 7 -35 5 30 29 28 26 25
 6 -58 5 31 30 29 28 25
 8 -12 2 25 24
 3 -41 4 32 31 29 27
 3 -27 2 27 26
 7 -58 5 37 34 32 31 29
 1 -23 3 29 28 27
 6 -62 2 29 27
 4 -30 5 39 37 35 34 32
 6 -4 3 37 32 31
 9 -20 6 39 38 37 36 35 33
 6 -38 5 39 38 37 36 33
 8 -58 6 45 41 40 39 38 36
 3 -47 5 45 38 37 36 35
 3 -47 4 45 39 38 35
 8 -80 4 45 41 40 36
 2 -35 6 47 46 45 44 43 42
 9 -95 3 46 45 38
 1 -26 4 50 46 43 40
 4 -49 4 47 46 44 43
 10 -27 2 44 40
 9 -79 3 47 44 42
 7 -49 2 44 42
 2 -51 2 47 42
 4 -97 2 50 42
 10 -12 6 57 56 52 51 49 48
 4 -6 6 57 56 52 51 49 48
 9 -75 4 51 50 49 48
 2 -58 4 56 54 52 48
 8 -58 5 61 55 53 52 51
 5 -88 3 56 54 53
 6 -15 3 61 55 53
 7 -58 3 60 55 54
 7 -5 2 57 53
 4 -51 2 58 54
 3 -26 2 59 58
 9 -2 1 60
 2 -35 1 59
 7 -64 1 58
 9 -71 1 58
 8 -42 1 58
 1 -43 1 62
 4 -26 1 62
 3 -40 1 62
 5 0 1 62
 0 13090 0
