52
 0 -75 6 2 4 5 6 8 11
 4 -66 4 16 10 9 3
 2 -92 6 25 20 19 15 14 13
 4 -1 3 14 12 7
 1 -11 6 24 21 20 19 16 13
 8 -42 8 32 29 25 23 19 18 17 16
 10 -24 5 29 25 23 16 13
 2 -85 7 32 29 25 23 19 17 16
 2 -15 3 23 13 12
 3 -98 2 21 13
 7 -48 6 38 32 23 22 21 17
 1 -98 7 38 34 32 31 29 22 17
 6 -52 6 34 32 31 22 18 17
 7 -49 5 29 24 23 22 17
 1 -74 5 31 29 23 22 17
 1 -98 6 38 33 31 27 26 22
 7 -100 5 33 30 28 27 26
 6 -25 5 38 30 28 27 26
 1 -84 5 33 30 28 27 26
 9 -45 5 43 41 32 29 23
 4 -95 7 43 41 39 37 34 31 29
 5 -50 5 41 37 36 30 28
 6 -62 5 40 37 36 34 33
 5 -37 5 43 41 40 35 31
 3 -33 5 51 50 40 39 35
 5 -11 4 43 41 37 35
 2 -50 5 49 43 40 39 36
 5 -78 5 49 48 47 43 39
 6 -73 5 51 50 48 46 35
 1 -33 5 49 47 45 42 40
 9 -69 7 51 50 48 47 46 45 44
 8 -92 4 51 47 46 39
 1 -17 3 48 46 39
 2 -50 2 48 35
 5 -46 4 49 47 45 44
 6 -37 3 47 46 42
 6 -8 3 50 48 44
 9 -48 3 50 47 45
 7 -71 2 45 42
 2 -55 2 48 46
 8 -1 2 51 44
 7 -23 1 44
 1 -83 1 46
 1 -39 1 52
 7 -21 1 52
 6 -59 1 52
 1 -92 1 52
 2 -53 1 52
 5 -74 1 52
 9 -39 1 52
 7 -16 1 52
 0 13485 0
