62
 0 -4 6 2 3 4 5 6 11
 7 -35 5 15 14 9 8 7
 10 -37 4 14 10 8 7
 8 -28 1 7
 3 -62 1 8
 4 -56 4 19 18 15 13
 10 -26 3 20 19 12
 1 -70 3 20 19 12
 9 -68 4 20 19 18 13
 4 -63 4 20 19 18 13
 5 -92 2 19 12
 8 -56 2 18 13
 4 -78 4 25 21 17 16
 3 -16 3 20 19 17
 4 -9 5 26 25 24 21 20
 9 -28 5 29 27 26 24 23
 10 -64 2 29 22
 7 -94 2 27 22
 8 -74 3 26 24 23
 6 -86 5 34 30 29 28 27
 8 -51 3 29 27 23
 2 -4 2 24 23
 8 -23 5 41 34 33 32 30
 8 -25 5 41 35 34 32 28
 2 -7 5 41 34 33 32 28
 1 -7 4 41 32 31 28
 9 -67 5 41 38 37 33 32
 10 -90 5 40 39 38 37 36
 3 -93 6 43 42 40 39 37 35
 6 -39 1 31
 10 -11 4 42 39 38 37
 9 -23 4 44 43 40 36
 1 -68 3 42 40 39
 3 -78 2 44 42
 8 -55 4 52 46 45 44
 4 -93 3 51 46 42
 5 -99 3 52 46 44
 1 -68 2 48 43
 4 -16 4 52 48 47 46
 3 -47 4 51 48 46 45
 8 -68 4 51 48 47 46
 6 -62 4 53 52 47 45
 1 -94 3 51 47 46
 10 -48 5 61 59 53 51 48
 4 -23 5 61 60 58 54 50
 9 -8 4 61 60 53 50
 6 -28 3 61 60 49
 10 -11 1 49
 1 -75 2 58 54
 8 -65 2 56 55
 10 -84 3 60 58 57
 5 -74 3 59 58 57
 6 -47 2 58 57
 2 -11 1 55
 8 -70 1 57
 9 -3 1 59
 2 -64 1 62
 1 -69 1 62
 9 -3 1 62
 5 -99 1 62
 2 -79 1 62
 0 15475 0
