62
 0 -54 12 2 3 4 5 6 7 8 10 13 14 17 23
 10 -19 4 19 16 11 9
 4 -73 4 25 19 15 9
 7 -79 6 26 22 20 19 18 12
 9 -87 4 25 22 19 9
 6 -94 6 29 28 26 24 21 15
 10 -97 7 29 28 24 22 21 20 18
 3 -80 6 29 27 26 25 24 21
 2 -26 3 38 26 12
 7 -59 6 31 29 28 27 24 21
 1 -88 5 35 29 27 21 20
 10 -25 8 33 32 31 30 29 28 27 24
 5 -94 7 38 32 31 29 27 26 24
 7 -25 7 38 32 31 29 27 26 24
 10 -65 4 35 32 22 20
 5 -89 3 31 28 22
 6 -45 5 35 33 30 29 27
 1 -43 8 41 38 37 36 35 33 31 30
 9 -47 6 38 36 35 33 31 27
 4 -14 9 50 41 39 38 37 36 34 33 31
 9 -77 6 39 38 36 33 32 30
 5 -29 5 38 36 33 30 27
 6 -94 5 38 37 35 33 29
 5 -3 9 60 50 44 42 41 39 37 35 34
 1 -87 6 61 45 42 41 31 30
 4 -77 4 44 37 36 30
 5 -38 9 61 60 59 50 44 43 41 37 34
 7 -99 13 60 59 58 57 50 49 48 45 44 42 41 40 39
 2 -99 4 50 39 36 34
 5 -53 5 60 59 55 50 34
 1 -63 12 60 59 58 57 56 55 54 49 48 47 44 43
 9 -94 8 60 59 57 48 46 43 42 41
 10 -33 8 57 55 49 48 45 43 42 40
 8 -11 7 58 57 54 49 48 46 40
 10 -46 9 59 58 56 55 54 52 49 47 43
 8 -89 8 61 60 59 57 54 48 47 43
 2 -75 7 58 57 55 53 52 49 45
 2 -37 6 58 54 49 48 44 43
 2 -20 4 61 55 52 47
 7 -64 4 56 53 52 51
 9 -53 4 55 53 52 51
 2 -11 3 56 53 52
 10 -39 2 53 51
 8 -80 2 52 51
 4 -12 2 54 51
 1 -45 1 47
 3 -96 1 51
 4 -40 1 52
 6 -58 1 51
 2 -52 1 51
 7 -9 1 62
 5 -79 1 62
 3 -52 1 62
 1 -42 1 62
 10 -86 1 62
 5 -79 1 62
 5 -96 1 62
 2 -78 1 62
 4 -43 1 62
 9 -91 1 62
 4 -10 1 62
 0 17710 0
