72
 0 -99 3 2 3 7
 2 -67 5 13 11 8 5 4
 9 -55 6 19 13 12 10 9 8
 5 -49 5 16 15 14 10 6
 1 -33 6 19 16 15 12 10 9
 3 -23 4 24 21 19 12
 6 -64 4 24 21 19 12
 5 -92 5 21 20 18 16 15
 6 -72 5 24 21 20 18 17
 7 -38 6 29 24 23 21 20 17
 3 -79 4 21 20 19 17
 3 -87 3 20 18 17
 3 -87 3 21 18 17
 10 -88 4 26 21 20 19
 5 -9 7 35 30 29 26 25 23 22
 10 -57 6 30 29 26 24 23 22
 1 -83 6 35 30 27 26 25 22
 4 -77 5 35 29 26 25 23
 10 -88 5 35 30 29 25 23
 5 -24 6 41 35 33 32 28 27
 2 -95 5 41 33 32 28 27
 1 -71 6 41 39 34 33 32 28
 1 -68 4 41 33 28 27
 5 -65 4 35 33 28 27
 7 -77 5 41 39 34 32 31
 3 -2 6 42 41 39 38 36 33
 2 -89 7 44 42 40 39 38 37 34
 7 -14 4 42 38 36 31
 6 -61 4 42 41 38 33
 10 -25 5 44 42 38 37 34
 8 -65 5 55 44 43 40 37
 7 -80 3 43 42 38
 4 -35 3 44 43 37
 2 -57 5 55 50 48 46 43
 6 -34 5 55 48 46 45 44
 8 -8 3 55 43 40
 7 -58 7 54 52 50 49 48 47 46
 8 -18 6 55 52 48 47 46 45
 6 -61 8 60 56 53 52 50 49 47 45
 1 -1 7 60 53 52 49 48 47 45
 5 -21 6 60 55 52 49 48 47
 4 -90 7 60 56 54 53 51 50 47
 9 -60 4 52 49 47 45
 4 -19 4 56 52 49 47
 10 -28 3 57 54 51
 2 -53 5 62 60 57 56 53
 9 -71 5 66 62 59 58 57
 7 -19 4 62 59 58 56
 7 -99 2 61 51
 1 -38 5 66 62 61 59 58
 7 -98 4 66 62 59 58
 8 0 5 66 65 64 63 62
 9 -16 4 71 66 63 61
 8 -15 3 63 62 61
 3 -98 3 63 62 61
 3 -69 4 71 68 66 61
 2 -11 3 71 63 61
 8 -5 5 71 69 68 65 64
 2 -70 4 71 67 64 63
 6 -19 3 71 65 63
 7 -79 3 69 65 64
 1 -92 3 71 70 68
 3 -80 2 69 68
 7 -97 1 70
 9 -15 1 67
 5 -48 1 67
 1 -40 1 72
 10 -34 1 72
 1 -44 1 72
 10 -20 1 72
 7 -40 1 72
 0 18715 0
