72
 0 -51 5 2 3 4 5 7
 3 -39 6 20 13 12 11 10 9
 4 -84 5 20 17 13 10 8
 7 -42 5 17 14 13 12 10
 2 -89 2 13 6
 5 -17 3 17 15 8
 6 -40 4 18 17 14 13
 8 -3 4 19 18 16 14
 4 -89 5 25 23 19 16 15
 4 -10 4 23 19 18 15
 10 -67 7 29 25 24 23 22 19 17
 2 -4 6 34 25 23 22 19 16
 2 -56 4 25 23 21 15
 8 -31 7 35 34 32 29 24 23 22
 5 -19 6 35 34 32 29 24 22
 8 -82 4 29 27 24 21
 10 -63 7 39 35 34 33 32 31 28
 10 -82 4 32 28 26 25
 4 -23 1 21
 6 -82 5 37 35 34 30 26
 6 -5 4 35 32 30 26
 2 -62 3 28 27 26
 10 -83 3 39 37 28
 6 -22 4 39 38 36 33
 6 -77 5 39 38 37 36 35
 7 -42 3 39 38 31
 6 -69 3 37 36 31
 6 -58 2 43 30
 1 -18 4 40 39 38 36
 7 -23 3 40 38 36
 2 -36 6 48 46 43 42 41 40
 9 -12 4 48 46 41 37
 10 -38 4 46 43 41 37
 6 -16 2 48 36
 3 -5 6 52 48 47 46 45 42
 10 -98 4 46 45 42 41
 8 -25 3 52 42 40
 4 -43 5 52 49 48 47 45
 4 -24 4 48 47 46 42
 1 -20 3 49 45 44
 9 -89 4 62 54 52 47
 1 -19 5 61 55 54 50 49
 2 -87 5 55 54 52 51 50
 1 -81 1 47
 7 -20 5 61 59 55 54 50
 1 -38 5 62 61 55 54 50
 10 -61 4 61 55 51 50
 7 -43 4 62 61 59 50
 7 -13 4 62 60 59 53
 7 -2 4 64 60 56 53
 9 -35 3 59 58 57
 5 -20 3 64 61 57
 2 -89 2 58 57
 8 -51 3 71 64 58
 3 -42 5 71 70 69 65 64
 6 -60 2 63 58
 2 -55 3 71 70 63
 8 -85 5 70 69 68 66 65
 7 -57 3 69 65 64
 1 -82 4 69 68 66 65
 10 -4 4 69 68 66 65
 6 -94 2 71 64
 3 -21 3 69 68 65
 3 -89 2 68 66
 7 -69 1 67
 8 -46 1 67
 5 -1 1 72
 6 -74 1 72
 2 -13 1 72
 1 0 1 72
 10 -48 1 72
 0 16185 0
