62
 0 -50 17 2 3 4 5 6 7 8 9 10 11 14 15 16 17 24 25 26
 3 -71 6 43 37 29 18 13 12
 7 -98 7 41 40 37 32 23 19 13
 8 -47 10 59 46 45 42 41 40 38 33 27 21
 8 -41 9 61 45 40 39 37 36 29 28 19
 7 -26 7 58 46 45 42 31 23 18
 8 -73 6 39 38 31 28 27 20
 5 -32 7 45 43 41 38 36 28 22
 3 -55 8 61 41 39 38 37 30 28 27
 7 -82 7 57 41 39 38 36 27 20
 6 -89 7 45 39 38 37 29 27 21
 5 -44 9 61 59 42 41 40 39 38 28 27
 8 -96 9 61 59 58 46 45 42 36 33 27
 5 -42 7 61 40 39 38 36 28 27
 2 -29 9 59 57 56 45 41 40 36 34 33
 9 -60 8 61 59 55 45 40 38 36 28
 8 -79 7 61 59 58 45 42 36 27
 1 -49 6 61 59 39 38 36 27
 8 -55 4 59 57 38 27
 9 -80 8 61 60 55 52 45 40 37 35
 7 -79 7 61 58 56 53 36 34 32
 7 -45 4 54 42 35 30
 6 -100 3 39 38 27
 6 -45 7 59 58 55 53 36 35 32
 5 -14 6 56 55 53 40 35 32
 3 -51 7 58 57 56 55 52 37 35
 7 -7 5 60 56 55 53 34
 7 -42 4 56 53 34 32
 8 -8 4 56 55 53 34
 2 -29 10 59 55 53 52 51 50 49 47 44 40
 10 -50 4 54 52 41 35
 10 -47 8 57 54 52 51 50 49 47 44
 2 -25 6 55 54 51 49 44 39
 8 0 3 54 52 35
 5 -36 5 51 50 49 47 44
 6 -98 3 52 50 48
 9 -83 3 59 53 49
 5 -56 2 53 51
 9 -10 2 60 47
 1 -30 2 58 48
 10 -75 2 49 47
 5 -90 2 57 55
 8 -37 2 61 50
 9 -34 1 48
 4 -22 1 53
 7 -23 1 47
 7 -23 1 62
 8 -97 1 62
 6 -48 1 62
 2 -56 1 62
 5 -43 1 62
 10 -50 1 62
 7 -37 1 62
 1 -65 1 62
 8 -48 1 62
 1 -65 1 62
 10 -54 1 62
 10 -43 1 62
 3 -80 1 62
 10 -76 1 62
 10 -71 1 62
 0 15950 0
