72
 0 -88 11 2 3 4 6 7 10 11 13 14 15 18
 3 -63 4 22 12 8 5
 2 -87 4 20 12 9 8
 8 -78 5 27 20 17 16 8
 8 -34 9 33 31 30 28 27 26 25 24 19
 4 -54 10 34 33 32 31 30 29 28 27 26 20
 2 -26 8 34 33 31 28 25 24 21 20
 1 -11 8 43 41 34 33 30 29 28 25
 3 -46 8 43 34 31 30 29 27 26 24
 2 -8 6 33 30 29 28 25 20
 6 -40 6 37 34 31 30 27 17
 2 -14 7 43 41 36 31 30 29 21
 8 -87 7 43 41 35 32 31 27 24
 9 -27 7 43 39 36 32 30 29 23
 9 -15 9 39 37 35 34 33 32 31 29 27
 5 -11 6 50 41 34 32 29 28
 9 -44 7 50 49 45 43 38 29 28
 7 -32 7 41 39 37 36 35 31 29
 6 -19 8 50 49 45 43 39 38 35 29
 10 -38 7 47 45 43 41 38 37 35
 5 -46 5 45 39 37 35 27
 2 -42 5 43 40 37 36 34
 2 -20 5 50 45 35 31 27
 6 -12 6 54 45 40 39 37 36
 5 -23 4 46 40 37 32
 8 -45 8 49 47 45 44 42 41 40 39
 10 -23 7 60 54 49 47 46 40 38
 7 -56 3 39 36 35
 1 -75 5 54 47 46 42 40
 10 -45 4 54 52 49 35
 7 -75 4 49 47 42 40
 5 -69 6 60 56 51 48 47 38
 8 -39 11 61 60 57 56 55 54 53 52 51 48 46
 9 -70 9 61 55 54 53 52 49 48 46 45
 2 -14 5 60 55 53 46 40
 9 -25 8 60 59 56 55 52 48 47 44
 2 -21 5 51 50 49 48 42
 9 -47 7 68 61 59 57 55 52 44
 1 -12 6 68 60 55 53 51 46
 5 -31 7 66 61 59 57 56 51 48
 3 -51 8 70 68 65 60 59 55 53 52
 9 -47 8 70 68 67 65 63 60 55 52
 5 -47 7 70 67 66 64 61 58 54
 1 0 8 71 70 69 66 65 64 63 58
 1 -69 4 67 66 59 51
 6 -86 6 71 70 66 65 59 58
 3 -56 4 69 65 61 53
 3 -20 5 70 68 65 64 58
 9 -97 4 71 67 62 56
 5 -38 3 60 59 56
 3 -36 5 69 65 64 63 62
 1 -54 3 69 64 58
 5 -72 3 67 66 62
 10 -18 3 68 65 63
 10 -51 2 66 62
 10 -64 2 64 63
 3 -73 2 67 62
 8 -92 1 62
 7 -83 1 63
 10 -51 1 62
 5 -25 1 63
 5 -10 1 72
 6 -74 1 72
 7 -99 1 72
 8 -66 1 72
 5 -77 1 72
 6 -43 1 72
 9 -42 1 72
 2 -66 1 72
 6 -46 1 72
 7 -48 1 72
 0 16565 0
