62
 0 -6 7 2 3 5 6 7 9 15
 6 -47 2 8 4
 9 -51 6 28 19 16 12 11 10
 5 -20 4 28 17 14 10
 2 -95 4 19 17 14 10
 2 -91 9 35 32 28 27 25 23 21 18 14
 2 -54 7 35 33 28 27 22 18 13
 10 -96 4 27 19 14 11
 3 -41 4 27 23 18 11
 8 -79 8 35 32 31 27 25 23 21 18
 4 -31 9 40 38 35 32 31 26 25 24 21
 9 -48 2 21 14
 2 -58 6 38 32 31 25 20 19
 2 -45 5 38 30 24 22 20
 9 -48 4 32 31 20 19
 1 -81 7 40 38 37 31 30 26 24
 3 -81 4 40 31 23 21
 5 -39 8 61 47 44 40 38 37 36 26
 5 -84 4 40 30 26 24
 5 -6 7 61 47 44 40 37 36 26
 7 -4 5 47 44 36 33 30
 6 -80 5 60 40 37 31 29
 5 -49 3 61 44 26
 8 -68 10 61 60 59 55 47 46 44 39 36 34
 5 -90 9 61 60 58 47 46 44 41 37 34
 5 -7 3 60 41 29
 4 -89 8 61 60 58 57 55 41 39 34
 2 -80 8 61 60 58 56 43 42 40 37
 8 -25 7 59 58 57 55 46 39 34
 4 -56 9 61 60 58 56 55 52 46 42 41
 6 -35 5 61 59 55 36 34
 1 -54 6 60 55 52 47 42 41
 4 -81 3 60 57 34
 5 -32 5 54 53 52 43 42
 8 -18 4 56 52 45 41
 8 -14 8 58 57 54 52 51 50 49 45
 1 -86 7 57 55 53 52 50 49 45
 5 -46 7 58 56 55 54 53 50 49
 5 -86 6 56 53 52 51 49 45
 7 -15 6 57 54 52 51 50 48
 7 -7 3 59 53 43
 9 -52 3 50 49 45
 1 -37 3 51 49 48
 10 -84 2 56 50
 3 -81 1 48
 8 -13 1 48
 9 -88 1 49
 9 -47 1 62
 4 -84 1 62
 2 -73 1 62
 6 -22 1 62
 3 -30 1 62
 4 -62 1 62
 4 -54 1 62
 10 0 1 62
 4 -66 1 62
 8 -18 1 62
 9 -71 1 62
 9 -13 1 62
 2 -25 1 62
 3 -48 1 62
 0 15455 0
