72
 0 -97 6 2 3 4 5 8 15
 9 -9 5 17 13 11 9 6
 7 -19 5 23 17 13 11 7
 6 -16 4 23 13 11 7
 1 -57 5 23 18 17 11 10
 9 -33 7 25 23 19 18 16 14 12
 3 -90 4 18 16 14 10
 1 -60 3 18 17 10
 8 -58 4 23 19 14 12
 5 -79 3 25 19 12
 5 -65 5 27 25 22 21 20
 6 -2 4 27 22 21 20
 9 -45 4 27 25 21 20
 6 -77 3 22 21 20
 6 -66 2 21 19
 2 -80 5 31 27 26 24 21
 6 -35 2 21 20
 1 -32 5 34 32 30 24 22
 6 -92 2 28 20
 9 -39 4 32 31 26 24
 4 -84 6 41 34 33 32 30 28
 10 -55 3 33 31 28
 7 -29 6 43 41 40 36 32 30
 7 -54 3 38 35 29
 1 -38 3 41 34 28
 4 -87 5 41 38 37 35 34
 9 -62 4 41 36 34 33
 10 -45 5 43 40 38 37 35
 9 -14 4 54 41 40 33
 5 -15 3 38 37 35
 5 -33 5 54 41 39 37 36
 2 -99 5 54 47 44 39 38
 7 -59 5 47 45 43 39 37
 5 -19 5 54 47 43 42 40
 2 -54 5 54 50 47 44 39
 1 -24 5 51 47 46 45 44
 8 -1 4 51 50 48 46
 9 -25 2 48 42
 10 -84 3 53 51 46
 3 -94 3 53 51 46
 9 -50 3 53 51 49
 1 -26 2 49 45
 8 -39 2 50 46
 10 -19 3 59 58 48
 5 -95 3 59 57 50
 10 -100 2 52 49
 6 -48 2 52 49
 3 -50 2 53 52
 2 -29 7 64 62 60 59 58 57 56
 6 -44 2 58 52
 7 -30 2 57 52
 4 -53 3 64 60 55
 5 -15 3 60 57 55
 10 -100 4 64 62 58 56
 7 -27 3 67 62 56
 2 -19 6 71 70 69 68 63 61
 7 -68 6 70 69 68 67 63 61
 5 -81 5 70 69 67 66 63
 6 -58 3 71 68 63
 4 -82 3 67 66 65
 10 -66 2 66 65
 7 -72 2 66 65
 6 -38 1 65
 10 -32 1 65
 3 -71 1 72
 5 -52 1 72
 4 -75 1 72
 8 -28 1 72
 1 -78 1 72
 7 -81 1 72
 1 -72 1 72
 0 18620 0
