72
 0 -9 5 2 3 4 11 12
 5 -81 5 15 10 9 8 7
 4 -43 4 15 9 8 6
 1 -99 2 8 5
 4 0 4 15 14 13 7
 3 -56 2 14 7
 10 -2 7 28 23 22 20 19 18 17
 8 -6 5 28 25 22 16 14
 4 -16 6 28 23 22 20 18 16
 4 -81 6 28 23 22 20 18 17
 6 -66 6 28 23 22 20 18 16
 9 -19 5 23 18 17 16 15
 3 -49 6 28 26 22 20 18 17
 6 -92 3 23 18 17
 1 -83 8 32 29 28 27 26 25 24 21
 7 -48 6 37 32 29 27 26 24
 7 -59 5 37 32 31 27 24
 7 -67 3 29 24 21
 1 -24 3 29 24 21
 2 -50 3 30 29 25
 9 -45 5 41 37 33 31 30
 1 -8 4 41 33 31 30
 6 -7 3 37 32 26
 10 -40 5 42 41 38 35 30
 2 -29 5 41 40 37 33 31
 8 -64 6 41 40 39 36 35 33
 7 -11 4 42 41 35 30
 9 -52 3 41 33 31
 9 -92 3 40 38 31
 10 -55 2 36 34
 8 -48 4 44 42 39 35
 8 -60 2 39 33
 1 -6 4 45 44 42 38
 7 -57 3 45 40 39
 9 -85 4 47 46 45 43
 2 -73 5 50 49 48 46 44
 2 -96 2 52 39
 8 -24 4 52 49 47 43
 7 -1 3 49 47 43
 2 -74 3 52 47 43
 6 -85 3 49 48 44
 5 -50 5 55 54 52 49 47
 9 -99 4 55 51 50 48
 6 -50 4 55 54 52 47
 4 -15 3 51 49 48
 7 -47 5 60 58 57 56 52
 9 -23 3 58 53 51
 8 -12 7 62 61 59 58 57 56 54
 9 -89 4 67 59 57 53
 2 -3 3 59 57 53
 8 -42 5 67 62 59 57 56
 6 -41 5 67 63 62 61 59
 2 -48 4 66 63 62 60
 10 -56 4 70 67 66 60
 5 -62 3 70 63 60
 2 -44 4 71 70 66 64
 1 -38 4 71 70 69 66
 10 -92 4 71 70 68 64
 4 -99 3 70 69 65
 5 -38 2 65 64
 8 -66 2 65 64
 2 -29 2 70 68
 7 -48 2 71 69
 7 -74 1 69
 2 -80 1 68
 9 -100 1 68
 1 -53 1 68
 3 -19 1 72
 9 -23 1 72
 1 -15 1 72
 10 -3 1 72
 0 17100 0
