72
 0 -9 9 2 3 4 5 6 9 14 15 18
 5 -98 4 19 16 12 7
 9 -78 8 30 27 25 24 19 17 13 12
 7 -71 4 26 20 11 7
 2 -72 5 30 24 23 16 8
 7 -65 5 27 26 23 19 10
 8 -8 8 34 31 30 29 27 23 22 17
 5 -4 7 35 31 29 27 26 19 17
 9 -71 7 37 33 32 30 29 26 20
 6 -23 5 33 30 29 21 17
 7 -55 8 45 37 35 33 32 31 30 28
 5 -32 7 45 37 35 33 32 29 26
 10 -97 4 33 29 28 20
 4 -75 6 45 39 37 33 32 26
 4 -98 3 41 33 17
 3 -46 7 45 41 40 37 35 32 28
 8 -24 7 45 43 40 39 37 32 28
 10 -50 7 45 43 41 40 36 35 31
 10 -76 7 50 45 43 41 40 39 28
 2 -46 6 45 43 41 40 35 31
 5 0 6 50 45 41 40 35 28
 7 -82 8 50 47 45 41 40 38 36 35
 1 -46 6 47 41 40 36 33 32
 10 -29 5 50 41 40 35 28
 5 -82 7 50 48 47 45 40 38 35
 10 -48 5 59 43 41 40 28
 8 -3 3 50 40 28
 9 -9 8 51 48 47 46 44 42 38 36
 3 -59 7 51 47 44 42 41 38 36
 7 -77 7 59 52 50 42 41 40 38
 3 -81 10 57 52 51 50 48 47 46 44 42 38
 9 -38 9 59 56 54 52 50 48 46 42 38
 3 -36 7 71 59 58 54 44 43 42
 1 -86 6 58 52 51 46 41 40
 2 -20 6 58 54 52 46 42 39
 9 -24 11 69 68 67 65 58 57 56 55 54 53 52
 4 -65 11 71 70 67 64 57 56 55 53 52 51 49
 7 -88 9 71 70 68 67 63 58 55 53 49
 5 -87 9 71 69 67 65 64 59 56 55 51
 2 -38 4 57 55 54 44
 4 -8 7 69 67 63 57 56 53 48
 4 -96 7 70 68 67 64 55 53 49
 6 -3 5 70 67 57 51 48
 7 -48 9 70 69 68 65 64 63 62 60 56
 1 -10 9 68 67 66 65 64 63 62 61 55
 6 -48 6 71 69 64 63 61 60
 1 -38 6 68 66 63 62 61 60
 7 -19 5 66 65 64 62 60
 5 -42 4 65 62 61 60
 2 -50 4 67 64 63 61
 5 -60 3 66 62 61
 7 -67 3 63 62 60
 7 -86 2 66 60
 4 -18 2 63 60
 5 -20 1 60
 10 -81 1 61
 10 -76 1 60
 8 -81 1 64
 3 -70 1 63
 6 -32 1 72
 6 -91 1 72
 6 -66 1 72
 6 -31 1 72
 7 -55 1 72
 4 -94 1 72
 8 -100 1 72
 4 -28 1 72
 2 -63 1 72
 10 -65 1 72
 1 -26 1 72
 1 -81 1 72
 0 18745 0
