62
 0 -73 11 2 3 4 5 6 7 10 11 12 13 15
 7 -22 4 37 24 17 8
 9 -48 4 18 17 14 9
 7 -80 5 29 24 19 16 14
 2 -13 7 29 27 24 23 20 18 16
 1 -77 5 29 28 24 16 14
 3 -43 6 29 27 22 20 18 16
 2 -83 5 29 25 23 19 14
 4 -17 7 31 29 28 26 24 21 16
 8 -62 6 29 26 24 21 18 17
 3 -93 7 34 31 30 26 23 21 18
 6 -97 5 37 33 25 21 20
 2 -77 9 35 34 33 31 30 29 28 26 21
 4 -65 3 27 21 20
 7 -42 10 40 39 38 35 34 33 32 31 30 28
 5 -53 8 49 48 39 37 34 32 30 25
 8 -34 7 49 48 39 34 32 30 25
 10 -57 8 52 40 39 38 37 35 33 28
 1 -1 7 40 39 38 35 33 31 28
 7 -40 6 38 35 34 31 30 26
 2 -2 9 49 48 47 41 40 39 38 36 32
 8 -29 8 47 43 41 37 36 35 32 31
 1 -97 7 45 41 40 39 36 33 32
 10 -84 6 52 41 38 36 34 33
 7 -79 8 52 46 42 41 40 38 36 35
 1 -58 7 51 49 47 43 42 40 36
 1 -71 7 51 50 48 46 43 42 38
 2 -24 5 48 46 43 41 36
 8 -71 5 52 46 45 42 36
 8 -16 6 52 51 47 45 44 42
 10 -93 7 60 58 50 49 48 45 44
 1 -54 6 59 52 51 50 46 42
 7 -59 5 51 50 49 47 42
 7 -26 5 60 50 47 46 44
 2 -88 6 60 58 57 54 50 45
 10 -6 5 60 59 57 50 44
 10 -54 5 58 56 54 50 42
 4 -97 4 60 58 45 44
 8 -52 3 51 50 43
 2 -59 5 60 59 58 53 44
 8 -26 4 57 56 51 50
 6 -55 5 61 60 57 55 53
 3 -83 5 59 57 56 54 53
 4 -12 4 61 56 55 54
 6 -85 4 59 56 55 53
 3 -98 4 58 55 54 53
 9 -17 4 57 56 55 53
 7 -47 4 59 57 54 53
 1 -5 3 59 57 54
 7 -45 2 55 53
 3 -96 2 58 54
 5 -81 2 57 56
 9 -95 1 62
 10 -44 1 62
 5 -21 1 62
 1 -51 1 62
 3 -9 1 62
 3 -55 1 62
 2 -49 1 62
 10 -32 1 62
 1 -33 1 62
 0 16175 0
