72
 0 -70 11 2 3 4 5 6 7 9 10 12 14 17
 10 -69 9 39 31 30 26 25 24 21 20 11
 10 -44 7 38 25 24 23 18 13 8
 8 -71 9 28 26 25 23 22 21 20 19 16
 8 -93 13 39 38 33 31 29 27 26 25 24 23 22 19 18
 5 -22 11 39 32 31 29 28 27 26 24 21 20 19
 4 -21 10 38 33 31 30 29 28 22 19 18 15
 8 -25 10 33 32 31 29 28 27 26 22 20 19
 2 -21 9 40 39 35 33 32 31 27 24 23
 7 -27 7 38 32 31 29 27 24 19
 6 -7 6 29 28 27 22 19 18
 5 -77 6 34 33 29 27 25 19
 8 -64 9 46 40 39 37 36 35 34 33 31
 4 -29 5 38 34 33 32 27
 3 -20 9 46 45 41 40 39 37 36 35 34
 2 -82 5 40 35 31 29 27
 5 -44 5 46 40 37 33 31
 6 -77 5 42 40 37 34 32
 8 -20 6 56 46 41 40 37 35
 8 -66 6 56 49 42 41 37 35
 6 -59 4 50 44 38 33
 2 -11 6 52 48 46 41 40 36
 1 -34 6 56 49 42 41 37 34
 8 -43 5 43 42 41 37 34
 9 -86 4 57 48 47 32
 4 -68 5 56 55 54 49 35
 2 -24 3 45 37 36
 3 -76 6 51 48 47 44 43 40
 9 -8 5 51 50 48 41 37
 3 -67 5 56 51 50 48 37
 6 -93 8 61 55 54 50 48 47 45 42
 9 -68 7 55 52 50 49 46 45 41
 1 -99 7 56 55 49 48 43 42 41
 10 -23 10 71 61 57 55 54 52 51 50 48 47
 1 -40 6 51 50 48 47 44 43
 4 -19 6 61 56 55 50 47 42
 10 -62 7 70 61 60 55 54 47 44
 5 -92 7 70 69 57 54 51 47 41
 10 -33 4 71 61 47 42
 5 -82 6 69 67 61 55 50 49
 1 -39 6 71 66 64 61 60 53
 4 -75 5 69 60 57 53 51
 4 -69 9 71 70 69 66 65 64 61 59 58
 9 -7 6 69 67 66 59 57 52
 6 -48 5 69 67 59 56 51
 3 -32 6 70 66 65 60 59 54
 3 -79 4 68 66 64 53
 6 -19 7 70 69 67 66 64 63 58
 4 -73 7 68 66 65 64 63 60 58
 2 -71 6 70 66 64 60 59 58
 4 -55 5 66 65 64 63 58
 5 -96 5 68 65 64 63 58
 5 -95 4 67 65 59 58
 8 -84 4 68 67 63 58
 7 -58 3 65 59 58
 4 -69 3 71 64 58
 2 -84 2 65 64
 2 -6 1 62
 7 -52 1 63
 1 -2 1 62
 1 -51 1 68
 3 -18 1 72
 5 -78 1 72
 2 -48 1 72
 1 -6 1 72
 2 -2 1 72
 4 -99 1 72
 3 -88 1 72
 6 -30 1 72
 9 -99 1 72
 2 -4 1 72
 0 18360 0
