72
 0 -1 3 2 3 5
 9 -51 3 13 12 4
 9 -36 6 18 16 12 10 8 7
 6 -99 4 16 14 8 6
 6 -65 4 21 18 10 8
 3 -73 4 18 17 11 9
 5 -13 5 22 21 19 17 15
 5 -36 4 24 22 17 15
 10 -28 3 24 19 15
 8 -89 3 20 19 14
 8 -36 6 31 28 25 23 22 21
 8 -40 5 28 23 22 21 19
 4 -78 5 31 28 23 21 19
 10 -25 5 31 28 25 24 23
 4 -97 4 31 28 25 20
 3 -83 4 31 25 23 21
 2 -52 6 34 31 28 26 25 23
 9 -32 3 25 24 23
 10 -41 4 34 27 26 25
 2 -75 3 34 26 23
 6 -24 3 35 30 24
 4 -50 3 35 27 26
 4 -42 4 42 35 29 27
 4 -10 3 34 32 26
 6 -47 3 35 32 29
 1 -64 4 42 40 37 29
 5 -43 4 37 33 32 30
 6 -82 6 49 43 42 40 37 36
 9 -61 2 38 33
 2 -62 6 49 44 43 41 38 36
 9 -45 6 45 43 42 39 38 37
 4 -71 7 49 45 43 41 40 39 38
 8 -14 5 49 44 43 41 36
 8 -1 5 49 45 44 42 39
 6 -48 3 43 39 37
 7 -19 2 45 39
 6 -90 5 53 47 46 44 41
 10 -68 6 53 52 51 48 47 46
 3 -82 5 53 51 48 47 46
 3 -45 6 57 53 52 51 50 46
 3 -42 6 61 58 55 54 52 48
 6 -21 6 57 55 54 53 52 51
 3 -13 4 61 58 54 52
 8 -25 3 61 60 50
 1 -14 3 58 54 52
 4 -57 4 61 60 59 54
 5 -3 2 61 50
 9 -62 4 60 59 57 56
 6 -69 3 60 58 56
 2 -8 3 62 58 55
 10 -34 4 62 61 60 59
 10 -38 3 71 60 59
 6 -95 3 71 60 59
 6 -78 2 70 56
 9 -40 4 71 70 69 59
 5 -4 6 71 69 67 64 63 62
 6 -88 5 70 69 67 64 63
 2 -89 1 59
 9 -43 3 67 64 63
 3 -74 5 70 69 67 66 65
 6 -31 4 69 67 66 65
 2 -15 3 68 66 65
 4 -21 2 68 66
 4 -26 1 65
 1 -8 1 72
 10 -18 1 72
 2 0 1 72
 4 -49 1 72
 4 -32 1 72
 6 -82 1 72
 6 -63 1 72
 0 16300 0
