72
 0 -76 8 2 3 4 7 8 9 11 14
 4 0 4 22 16 12 5
 9 -9 3 22 6 5
 2 -16 4 22 20 19 10
 7 -95 3 19 13 10
 9 -44 3 19 16 10
 10 -65 3 22 20 10
 7 -30 2 16 10
 9 -8 6 26 23 19 18 17 16
 2 -84 5 26 23 18 17 15
 5 -52 3 25 22 13
 4 -18 4 26 18 17 15
 9 -45 4 26 24 20 18
 6 -31 3 26 24 17
 9 -44 4 31 25 24 21
 3 -90 3 31 24 20
 3 -6 4 31 27 25 21
 9 -32 3 31 27 21
 7 -24 6 36 32 31 30 29 28
 6 -62 1 21
 2 -52 5 36 32 30 29 28
 4 -61 5 36 35 32 31 27
 1 -39 4 36 35 32 27
 5 -94 3 36 32 27
 1 -56 6 42 38 37 36 35 33
 9 -96 6 42 38 36 34 33 32
 9 -46 3 38 33 28
 7 -88 5 45 42 39 37 34
 1 -78 5 45 42 41 37 33
 2 -21 5 42 39 38 37 35
 2 -98 6 51 43 42 41 40 39
 4 -34 4 51 41 39 37
 5 -53 4 51 43 40 39
 1 -28 5 51 48 43 41 40
 3 -98 6 51 49 48 46 45 41
 9 -44 4 48 46 44 41
 9 -10 2 48 40
 9 -24 6 58 51 50 48 47 46
 3 -84 5 50 49 48 47 46
 7 -52 3 47 46 44
 6 -46 5 58 54 53 50 47
 7 -10 3 58 47 46
 8 -39 3 58 52 46
 4 -21 6 60 58 56 54 53 50
 2 -60 6 60 58 56 54 53 52
 7 -9 6 71 60 56 55 54 53
 7 -78 4 71 60 56 52
 2 -19 4 71 60 56 52
 1 -1 4 71 56 54 52
 1 -82 1 52
 5 -75 6 70 69 62 60 59 56
 4 -12 3 61 57 55
 3 -19 5 68 62 61 59 57
 9 -51 4 68 61 59 57
 1 -89 4 69 68 62 59
 1 -67 5 68 65 64 63 61
 3 -50 4 70 69 65 63
 2 -62 2 63 61
 7 -87 2 66 64
 8 -19 2 66 64
 7 -47 2 67 66
 6 -32 1 63
 4 -49 1 66
 8 -48 1 67
 9 -95 1 67
 4 -54 1 72
 9 -8 1 72
 7 -60 1 72
 9 -75 1 72
 10 -9 1 72
 8 -34 1 72
 0 16970 0
