72
 0 -36 9 2 3 4 5 6 8 10 14 15
 3 -37 4 13 11 9 7
 2 -42 7 38 33 26 25 23 19 11
 2 -47 7 38 33 25 23 19 16 12
 6 -38 6 38 33 25 23 16 12
 2 -80 8 38 33 27 26 24 23 17 16
 7 -52 7 27 26 25 23 18 17 16
 9 -65 7 34 33 27 24 22 20 17
 7 -44 7 38 26 25 24 23 21 20
 8 -80 6 38 34 27 24 20 17
 6 -99 3 27 17 16
 5 -54 5 34 27 24 20 17
 1 -42 12 56 43 38 37 35 33 32 30 29 27 26 24
 5 -24 9 39 38 35 32 30 29 26 24 23
 6 -26 8 43 38 35 33 32 30 26 23
 7 -24 6 35 34 29 28 22 20
 9 -49 5 56 37 36 30 21
 3 -59 9 56 50 45 43 38 36 35 32 30
 5 -76 5 50 39 35 32 24
 8 -92 8 56 48 43 42 40 39 37 31
 1 -70 7 50 48 44 39 35 32 29
 1 -45 9 62 61 50 48 45 43 42 37 32
 2 -74 8 56 55 48 46 45 42 36 28
 10 -18 7 55 48 47 45 42 31 28
 6 -93 6 62 56 55 47 35 32
 5 -51 6 71 61 60 48 47 34
 4 -53 7 62 61 55 50 47 46 40
 7 -10 7 71 62 61 59 54 44 40
 5 -51 7 71 61 59 55 54 47 40
 1 -13 9 61 60 59 55 54 51 48 44 41
 1 -13 7 61 60 59 49 46 44 41
 6 -82 4 59 54 46 40
 3 -22 9 71 67 62 61 60 59 51 48 45
 8 -6 7 62 55 51 50 49 42 41
 2 -35 6 71 61 60 54 42 41
 6 -88 11 71 70 69 62 61 60 59 54 53 52 47
 10 -35 10 71 70 69 60 59 55 53 52 51 47
 3 -83 9 71 67 61 59 57 53 52 51 48
 6 -13 7 71 70 67 62 59 58 45
 7 -19 4 60 51 49 41
 1 -86 8 70 67 66 65 58 57 53 52
 4 -44 8 70 68 67 66 59 58 57 52
 9 -49 7 70 68 67 65 58 54 52
 4 -58 7 70 67 66 65 64 58 53
 4 -4 6 69 66 65 57 53 52
 3 -90 5 71 70 68 67 51
 1 -6 4 67 65 64 57
 10 -84 4 70 66 63 58
 2 -29 4 67 66 64 63
 6 -13 3 70 67 59
 2 -20 3 66 64 63
 1 -50 2 64 63
 6 -2 2 68 63
 10 -61 2 66 63
 8 -74 2 64 63
 8 -49 2 68 65
 10 -85 1 63
 9 -11 1 69
 1 -32 1 65
 6 -43 1 63
 1 -42 1 65
 5 -90 1 63
 9 -92 1 72
 9 -4 1 72
 5 -94 1 72
 4 -7 1 72
 4 -49 1 72
 9 -50 1 72
 6 -8 1 72
 4 -25 1 72
 1 -45 1 72
 0 16680 0
