72
 0 -84 7 2 3 4 5 6 7 8
 6 -100 4 14 12 11 10
 6 -22 4 15 14 13 9
 6 -55 4 15 14 13 10
 9 0 3 14 12 9
 2 -47 2 13 9
 3 -53 3 28 14 13
 1 -8 2 13 10
 1 -79 1 10
 6 -35 6 23 22 20 19 18 16
 4 -64 2 17 13
 1 -98 7 28 25 24 22 21 20 18
 7 -72 6 24 23 21 20 19 18
 1 -73 5 26 24 20 19 17
 9 -58 5 24 23 22 20 18
 4 -29 6 29 28 26 25 24 21
 6 -70 5 32 29 27 25 22
 6 -11 6 37 31 30 29 27 26
 3 -8 4 34 29 27 25
 8 -63 6 37 34 31 30 29 27
 6 -98 7 49 45 43 37 34 31 27
 6 -78 6 45 39 37 34 31 30
 5 -68 4 45 34 30 27
 4 -84 5 45 36 33 32 30
 1 -76 3 37 31 30
 7 -88 6 45 44 43 39 38 34
 7 -97 5 46 39 36 35 33
 6 -69 6 49 46 45 38 36 35
 4 -56 5 46 45 44 43 35
 1 -26 4 49 46 43 35
 4 -73 4 46 44 38 36
 8 -3 5 49 46 44 42 38
 8 -15 4 44 41 40 38
 6 -50 3 46 41 36
 7 -57 2 41 40
 4 -73 2 42 40
 6 -98 3 48 46 42
 9 -78 3 50 48 47
 5 -70 2 50 42
 4 -75 3 54 50 48
 5 -82 1 42
 1 -96 3 52 51 47
 5 -70 3 52 51 47
 10 -74 2 52 47
 3 -8 2 51 47
 10 -53 7 65 59 57 56 54 53 52
 7 -97 8 65 59 58 57 56 55 54 53
 7 -47 4 65 56 52 51
 2 -91 5 65 57 56 54 52
 10 -46 5 59 57 56 55 53
 4 -45 4 60 59 58 53
 9 -27 3 63 58 55
 8 -59 5 71 70 64 62 61
 7 -24 4 70 64 62 60
 1 -65 3 70 62 61
 7 -6 3 63 62 61
 9 -17 3 71 69 60
 3 -87 4 70 69 66 64
 8 -11 2 63 61
 3 -64 1 61
 6 -38 3 68 67 66
 5 -36 3 69 68 66
 10 -63 3 69 67 66
 1 -85 2 68 67
 9 -42 2 70 69
 2 -8 1 72
 3 -94 1 72
 9 -10 1 72
 3 -25 1 72
 5 -19 1 72
 7 -40 1 72
 0 19450 0
