72
 0 -36 16 2 3 4 5 6 7 8 9 10 11 12 13 14 15 18 19
 1 -38 9 35 32 27 25 24 23 22 21 17
 5 -66 10 35 32 31 30 27 26 25 23 22 21
 5 -37 6 35 31 27 25 21 17
 8 -63 8 41 34 32 31 29 28 24 21
 6 -99 7 41 35 34 27 26 23 20
 5 -30 6 35 34 32 24 22 21
 10 -59 6 34 31 28 24 21 16
 2 -94 5 34 27 24 20 16
 4 -90 6 35 31 27 25 24 21
 8 -27 5 34 28 24 21 16
 10 -18 7 35 34 32 30 29 28 26
 1 -59 5 41 39 32 30 25
 2 -65 4 41 32 29 24
 2 -19 8 50 39 38 37 36 34 30 28
 3 -88 7 50 39 37 35 33 30 26
 4 -82 6 39 37 34 30 28 26
 6 -97 3 32 29 24
 7 -51 1 20
 3 -54 2 30 21
 9 -27 8 51 50 47 39 38 37 36 33
 4 -30 6 45 42 41 39 37 28
 5 -74 8 52 51 50 42 39 37 36 33
 6 -91 4 39 37 33 30
 10 -50 5 45 42 37 34 33
 1 -10 6 51 49 47 40 38 36
 1 -26 9 54 53 52 51 45 44 42 39 37
 3 -67 5 52 51 47 46 33
 9 -23 8 59 54 52 50 44 43 40 39
 8 -88 7 52 51 47 44 43 42 40
 6 -73 8 65 59 47 46 45 44 43 40
 3 -43 4 52 50 43 36
 10 -36 6 65 59 54 44 43 40
 6 -32 11 71 70 69 66 59 56 54 52 48 47 46
 5 -44 6 58 53 52 51 49 42
 6 -5 11 70 69 68 65 59 56 55 54 48 46 45
 7 -22 10 70 69 68 66 65 59 56 55 48 46
 3 -2 3 58 52 42
 6 -8 10 71 70 69 68 67 66 58 56 55 48
 7 -31 9 71 70 69 67 58 56 55 53 48
 5 -96 9 71 67 66 65 59 58 57 55 49
 6 -89 8 70 69 68 67 59 56 55 48
 1 -94 6 71 70 69 58 55 49
 2 -28 6 70 69 60 58 57 49
 10 -19 8 71 67 66 64 63 62 61 60
 9 -76 5 67 63 60 58 57
 4 -93 5 68 64 62 61 55
 10 -28 5 64 63 61 60 57
 7 -80 5 68 64 62 61 56
 10 -9 4 69 62 61 55
 4 -44 5 67 65 62 61 60
 3 0 3 67 65 60
 10 -37 3 66 63 62
 6 -5 3 67 61 60
 7 -75 2 63 60
 6 -1 1 63
 7 -83 1 62
 7 -17 1 61
 1 -35 1 60
 2 -33 1 72
 2 -43 1 72
 5 -6 1 72
 9 -50 1 72
 5 -39 1 72
 3 -49 1 72
 10 -5 1 72
 2 -81 1 72
 6 -4 1 72
 2 -74 1 72
 4 -20 1 72
 6 -47 1 72
 0 16570 0
