72
 0 -28 11 2 3 4 5 6 7 8 10 11 13 14
 6 -74 5 24 22 20 17 12
 5 -56 5 24 20 17 15 9
 6 -49 5 24 22 17 16 12
 10 -36 6 24 22 20 18 17 16
 1 -70 5 24 22 21 20 12
 6 -13 4 24 20 16 9
 5 -59 6 32 26 24 23 21 19
 3 -75 5 26 23 22 19 18
 4 -62 4 26 23 20 17
 9 -95 4 26 23 19 17
 2 -69 2 18 15
 7 -98 5 32 26 23 20 19
 1 -20 5 32 26 25 24 20
 2 -10 4 32 26 23 19
 9 -65 4 32 26 23 19
 2 -98 3 32 25 21
 5 -79 4 32 29 27 25
 7 -16 3 35 27 25
 5 -71 6 36 34 33 31 29 28
 5 -29 4 36 29 28 27
 10 -54 6 36 34 33 32 31 30
 8 -9 4 36 34 29 28
 8 -91 3 33 28 27
 10 -25 4 36 34 33 28
 10 -1 2 36 27
 10 -72 3 34 31 30
 6 -45 3 39 38 30
 1 -66 3 46 38 35
 1 -87 5 46 43 42 40 37
 2 -48 5 46 42 41 40 39
 5 -10 5 46 42 41 40 38
 6 -55 4 42 39 38 37
 10 -57 3 42 41 38
 9 -86 3 43 42 37
 1 -9 7 53 51 50 49 46 45 44
 9 -91 4 51 49 45 41
 1 -93 4 50 45 44 43
 2 -2 3 45 44 43
 4 -58 5 59 52 51 49 45
 4 -25 4 50 48 47 44
 7 -99 4 53 49 47 44
 5 -26 4 54 51 48 47
 5 -13 5 59 56 55 54 52
 6 -99 1 47
 4 -31 4 63 58 56 54
 9 -46 3 63 56 55
 4 0 3 62 59 52
 4 -85 3 58 56 54
 1 -74 3 63 62 54
 1 -28 4 66 63 62 57
 1 -2 3 66 63 57
 7 -16 5 66 65 62 61 60
 4 -28 2 66 57
 7 -45 2 58 57
 5 -7 5 71 66 65 64 62
 4 -78 3 65 61 60
 8 -36 3 69 65 61
 5 -39 4 71 70 67 63
 8 -39 4 70 69 68 67
 9 -92 3 71 67 64
 4 -21 3 69 68 67
 3 -53 2 69 68
 5 -18 1 70
 1 -39 1 68
 9 -88 1 67
 9 -83 1 72
 10 -74 1 72
 4 -43 1 72
 7 -38 1 72
 10 -5 1 72
 0 17505 0
