72
 0 -86 12 2 3 4 6 7 8 9 10 12 13 19 23
 7 -49 6 34 22 18 16 15 5
 9 -15 9 33 29 27 21 20 18 16 15 11
 4 -38 6 33 28 27 18 15 11
 6 -19 8 33 32 31 28 27 26 21 14
 5 -49 6 31 27 25 24 21 17
 1 -76 7 33 32 31 28 27 25 22
 1 -9 5 35 32 25 21 18
 9 -61 6 42 35 32 30 28 22
 10 -38 4 42 37 33 15
 2 -2 8 48 42 40 39 35 32 31 22
 4 -83 6 39 35 33 31 25 21
 3 -97 6 48 41 40 39 32 21
 5 -65 4 42 38 30 25
 4 -93 3 31 30 25
 6 -83 10 54 53 48 45 42 40 39 38 36 35
 10 -97 5 42 39 36 32 28
 2 -8 8 53 48 45 42 40 39 36 31
 7 -97 5 47 42 38 37 25
 1 -96 12 56 54 53 51 48 45 42 41 40 39 38 37
 7 -87 9 54 53 47 46 45 42 38 37 36
 2 -36 9 54 53 47 46 45 41 38 37 36
 10 -55 5 54 45 41 39 33
 10 -10 5 45 41 40 38 33
 4 -47 6 54 53 45 41 40 36
 3 -88 6 54 53 48 40 38 36
 3 -12 8 56 54 51 46 45 43 42 39
 2 -30 8 56 54 52 51 49 48 43 40
 9 -26 8 53 51 50 48 47 46 45 41
 3 -52 7 56 54 52 48 45 44 39
 6 -82 6 56 54 49 47 44 38
 1 -19 5 56 53 45 44 38
 4 -13 4 55 53 46 36
 3 -65 6 56 54 51 49 48 38
 10 -16 6 56 49 47 46 43 41
 3 -44 5 56 52 49 44 43
 5 -45 4 61 55 52 43
 5 -95 3 61 52 43
 7 -39 5 70 62 60 58 47
 5 -59 3 59 55 46
 2 0 8 71 70 65 62 61 57 55 52
 2 -36 7 71 70 62 59 58 57 52
 5 -80 6 71 66 62 60 57 50
 2 -37 6 71 61 60 58 57 51
 8 -41 5 62 60 57 55 49
 4 -53 8 70 66 65 62 61 60 58 57
 2 -48 6 71 67 65 61 57 55
 5 -94 6 70 68 67 65 57 55
 10 -48 7 70 69 68 67 66 64 59
 1 -80 3 70 59 58
 7 -96 6 70 69 68 66 65 64
 1 -42 4 67 66 63 60
 3 -18 4 66 65 63 61
 1 -61 3 71 67 57
 1 -66 4 69 66 64 63
 6 -79 3 65 64 63
 9 -83 2 64 63
 5 -21 2 67 64
 4 -56 2 65 63
 4 -40 1 69
 8 -97 1 68
 3 -42 1 68
 1 -69 1 72
 9 -39 1 72
 1 -27 1 72
 7 -49 1 72
 5 -2 1 72
 7 -67 1 72
 4 -28 1 72
 5 -62 1 72
 9 -6 1 72
 0 18240 0
