72
 0 -52 3 2 4 12
 6 -19 4 10 6 5 3
 9 -2 5 22 20 11 8 7
 1 -53 5 17 15 13 11 9
 2 -47 5 27 26 20 17 11
 3 0 5 27 26 21 15 11
 3 -84 3 18 17 9
 6 -3 5 27 21 19 15 14
 3 -97 3 19 16 14
 7 -82 3 20 19 16
 4 0 4 24 19 18 14
 1 -43 4 26 24 19 18
 6 -62 5 32 31 26 25 21
 3 -18 5 32 31 29 25 23
 1 -79 4 32 29 25 24
 5 -18 3 32 26 21
 9 -13 3 29 24 21
 8 -46 4 32 31 25 23
 6 -32 4 34 32 31 23
 10 -31 4 33 32 29 24
 9 -23 2 34 23
 8 -78 5 35 34 33 31 30
 5 -9 4 35 33 30 28
 7 0 4 35 34 31 28
 4 -59 4 37 34 33 30
 10 -96 2 29 28
 4 -44 1 28
 4 -93 4 39 38 37 36
 6 -25 2 37 34
 2 -74 4 46 39 38 36
 5 -54 4 40 39 37 36
 5 -78 3 46 38 36
 4 -31 7 51 46 44 43 41 40 39
 6 -19 2 38 36
 2 -45 5 51 49 48 46 38
 4 -51 4 51 44 43 41
 8 -97 5 49 48 46 45 42
 4 -36 3 44 42 40
 10 -39 2 45 42
 3 -68 4 63 53 50 45
 6 -85 4 52 49 48 47
 1 -47 5 63 55 53 50 47
 6 -42 3 55 48 47
 7 -10 5 63 59 55 52 50
 7 -19 3 55 52 47
 3 -84 4 59 55 54 52
 8 -24 4 59 57 56 54
 9 -35 3 63 54 53
 8 -51 4 63 60 58 55
 6 -23 2 56 54
 1 -2 1 52
 7 -56 2 58 56
 9 -34 4 65 61 60 58
 7 -94 3 61 60 58
 1 -88 6 71 70 69 65 64 61
 1 -4 4 69 65 61 60
 7 -86 5 71 69 65 64 61
 9 -13 5 70 69 66 64 62
 7 -18 5 71 70 69 67 61
 2 -89 5 71 70 68 67 66
 7 -43 2 68 66
 4 -98 2 68 67
 9 -35 2 69 66
 7 -74 1 67
 6 -95 1 66
 3 -98 1 72
 4 -82 1 72
 5 -1 1 72
 2 -64 1 72
 7 -40 1 72
 4 -73 1 72
 0 17035 0
