62
 0 -69 8 2 3 4 6 7 9 10 12
 8 -96 7 31 26 24 19 17 16 5
 2 -83 7 26 24 19 18 15 14 11
 4 -37 5 22 18 17 11 8
 7 -36 3 15 14 11
 5 -22 4 32 20 17 13
 6 -62 4 22 20 17 13
 9 -92 10 33 32 30 28 27 26 25 24 23 21
 10 -35 8 33 31 28 27 25 24 22 21
 4 -67 4 27 25 23 14
 6 -8 6 33 32 28 27 23 20
 5 -82 9 37 34 33 30 29 28 26 23 22
 3 -70 5 31 28 27 23 21
 9 -63 4 33 30 28 21
 10 -11 5 34 33 28 27 25
 8 -59 8 45 44 38 37 35 34 33 29
 3 -49 5 37 36 33 28 23
 4 -39 4 45 38 33 21
 10 -14 6 45 38 34 33 29 27
 7 -62 3 37 34 25
 9 -10 5 51 44 35 34 29
 10 -3 10 61 51 47 46 45 44 40 39 36 35
 3 -44 9 61 47 45 44 41 40 39 38 35
 10 -87 9 61 51 47 46 45 44 40 39 38
 2 -38 3 51 44 29
 7 -54 9 61 58 51 47 45 43 41 40 39
 10 -16 6 61 43 41 40 39 37
 8 -36 9 61 60 47 46 45 44 42 40 39
 3 -75 6 47 43 42 41 39 36
 2 -23 5 61 44 41 39 38
 5 -97 5 47 44 43 41 38
 7 -74 6 61 48 44 43 40 38
 8 -45 7 61 60 57 52 49 46 42
 3 -73 6 61 58 52 48 43 40
 4 -20 4 55 52 43 42
 7 -69 7 59 58 56 52 50 49 48
 8 -36 4 52 51 49 42
 9 -12 3 60 49 42
 9 -40 4 59 57 56 49
 9 -61 4 57 56 55 50
 3 -96 2 50 46
 5 -16 5 59 58 56 54 53
 6 -46 5 60 57 56 54 53
 10 -30 4 57 55 54 52
 8 -10 3 55 54 52
 1 -73 2 55 48
 1 -75 2 55 48
 8 0 2 54 53
 10 -56 2 55 53
 10 -40 2 54 53
 7 -72 2 55 53
 9 -6 1 53
 3 -37 1 62
 2 -42 1 62
 1 -99 1 62
 6 -96 1 62
 1 -76 1 62
 8 -57 1 62
 6 -2 1 62
 10 -29 1 62
 9 -22 1 62
 0 14745 0
