72
 0 -82 7 2 3 4 5 8 10 13
 4 -39 6 22 21 17 12 9 6
 3 -45 3 21 9 7
 4 -83 3 21 11 7
 1 -87 8 29 23 20 18 17 16 15 12
 2 -29 5 20 18 16 15 14
 1 -88 5 32 20 17 15 14
 1 -71 5 30 20 17 16 15
 9 -68 7 45 33 32 31 23 20 18
 9 -10 6 38 30 29 28 26 16
 1 -87 6 38 31 23 20 19 17
 8 -27 8 42 38 36 32 31 30 25 24
 2 -40 5 45 33 23 20 18
 7 -5 5 38 29 25 24 19
 4 -18 6 42 38 28 26 25 24
 10 -71 8 45 42 37 36 34 32 31 25
 1 -7 5 45 44 42 37 25
 2 -72 5 44 38 36 30 25
 4 -13 8 60 44 42 40 37 36 34 33
 5 -33 2 42 25
 10 -26 11 60 59 53 49 46 44 42 41 40 39 33
 9 -82 9 53 47 45 43 42 39 37 36 35
 2 -71 7 60 44 39 37 36 35 34
 1 -42 6 45 44 37 35 34 33
 6 -30 4 49 43 35 27
 10 -14 7 49 46 44 43 40 39 34
 2 -10 10 71 60 59 56 53 48 46 41 40 39
 1 -39 8 71 60 53 48 47 45 44 35
 7 -57 7 60 56 52 49 44 41 34
 2 -61 9 60 59 57 49 48 46 43 41 40
 4 -30 9 59 57 56 53 50 48 46 41 40
 5 -65 10 71 70 59 57 56 51 50 47 46 44
 5 -54 9 70 69 68 57 52 51 48 47 43
 4 -33 9 71 70 69 68 59 57 53 48 47
 10 -84 8 70 59 58 56 55 52 50 41
 1 -65 7 71 68 58 56 55 48 41
 6 -80 8 71 69 67 56 55 54 49 46
 5 -8 7 71 70 66 64 55 51 48
 5 -82 6 68 67 66 57 52 50
 2 -16 5 70 67 54 51 47
 3 -11 6 69 67 66 64 54 51
 9 -56 5 71 68 56 55 54
 2 -26 7 67 65 64 63 62 58 56
 7 -52 7 69 68 67 64 63 61 55
 8 -74 5 67 66 64 62 54
 10 -98 5 68 66 64 62 58
 9 -52 4 64 63 61 55
 6 -17 3 67 62 54
 8 -68 4 68 66 62 61
 5 -72 2 62 54
 2 -52 3 65 62 61
 3 -36 3 65 64 61
 4 -8 2 62 58
 10 -21 2 63 61
 7 -10 2 65 62
 7 -36 2 66 61
 2 -54 2 64 61
 7 -81 1 61
 10 -27 1 66
 5 -27 1 61
 7 -68 1 72
 4 -58 1 72
 7 0 1 72
 7 -81 1 72
 6 -86 1 72
 2 -96 1 72
 10 -17 1 72
 3 -84 1 72
 2 -33 1 72
 6 -4 1 72
 3 -25 1 72
 0 16770 0
