72
 0 -22 9 2 3 4 6 7 8 10 12 21
 10 -32 6 27 22 20 16 11 5
 8 -84 7 34 31 27 22 14 13 9
 3 -17 7 34 27 22 20 18 14 9
 4 -99 11 40 34 32 31 29 26 25 23 19 17 15
 1 -7 10 40 34 31 30 27 26 23 22 19 15
 1 -32 7 40 28 26 25 22 17 16
 3 -56 9 40 34 30 29 26 25 22 19 15
 4 -95 8 40 32 26 25 23 19 17 15
 9 -39 13 51 43 40 39 34 33 32 30 29 28 26 25 23
 7 -20 8 42 40 31 30 26 25 23 18
 7 -67 7 40 32 30 25 24 22 18
 3 -71 6 42 28 26 25 23 17
 4 -87 5 36 28 24 23 19
 1 -42 10 50 44 43 42 39 37 36 33 28 24
 6 -35 8 55 51 43 39 34 30 29 23
 7 -71 9 51 50 43 39 38 37 33 30 24
 5 -10 10 51 50 44 43 39 37 36 35 33 28
 1 -89 8 45 44 43 42 41 38 37 33
 3 -7 8 51 50 45 44 42 39 38 37
 6 -56 6 55 44 38 36 35 31
 6 -51 9 55 51 50 48 47 46 45 43 42
 9 -97 8 59 50 49 47 46 45 41 38
 1 -21 6 55 49 47 45 41 35
 9 -33 6 49 47 45 41 36 35
 4 -94 5 55 47 38 37 35
 3 -97 4 59 42 41 32
 5 -60 6 59 55 49 47 46 38
 2 -49 5 59 49 47 42 41
 6 0 3 54 44 35
 4 -21 9 62 59 54 52 50 49 48 47 45
 7 -83 9 61 60 58 55 54 52 49 48 46
 8 -76 9 71 61 60 58 55 54 49 48 46
 6 -22 3 59 49 38
 10 -74 8 70 61 60 59 58 52 48 46
 8 -7 8 70 61 60 58 54 52 48 46
 9 -28 6 61 59 52 49 48 46
 6 -2 10 70 62 61 60 58 57 56 54 53 52
 2 -100 7 60 59 56 54 53 52 49
 7 -99 8 71 68 62 61 59 58 56 49
 5 -4 7 70 62 61 60 57 54 48
 10 -95 8 70 69 60 58 57 56 53 52
 3 -30 8 71 68 67 60 59 58 56 49
 3 -66 5 71 69 62 61 47
 3 -72 6 69 67 61 57 56 53
 8 -40 5 69 62 57 56 53
 2 -22 6 70 68 67 60 57 56
 7 -53 3 69 56 53
 3 -29 4 70 69 64 57
 8 -90 4 71 70 69 56
 7 -51 2 56 54
 4 -41 5 71 67 65 64 63
 10 -52 3 68 65 63
 5 -45 3 66 65 64
 10 -19 3 65 64 63
 4 -93 2 64 63
 9 -86 2 66 65
 8 -77 2 65 63
 1 -87 2 64 63
 6 -50 1 64
 10 -39 1 63
 9 -64 1 67
 1 -54 1 72
 4 -80 1 72
 5 -52 1 72
 5 -75 1 72
 1 -57 1 72
 4 -23 1 72
 2 -77 1 72
 7 -100 1 72
 6 -68 1 72
 0 19215 0
