62
 0 -23 11 2 3 4 5 6 7 8 10 13 16 17
 4 -97 13 43 34 30 27 26 24 23 21 20 19 15 12 9
 2 -83 12 47 43 31 29 28 25 24 23 22 21 19 11
 4 -1 9 47 34 28 27 24 22 20 19 9
 10 -19 6 47 34 24 21 14 9
 7 -32 9 47 37 35 34 31 30 21 18 15
 2 -68 8 35 29 27 24 22 21 19 12
 4 -6 11 47 37 35 34 32 31 28 27 24 19 18
 3 -28 9 46 40 38 37 36 35 32 31 18
 1 -25 8 47 43 41 39 33 32 29 20
 9 -93 11 61 57 46 45 40 39 38 37 36 33 32
 6 -90 10 61 60 59 57 56 47 41 37 32 28
 9 -72 9 61 56 46 42 39 38 34 32 29
 10 -62 5 41 38 36 29 22
 2 -28 7 57 45 44 41 40 39 22
 8 -88 7 53 45 40 39 36 33 32
 2 -67 6 41 40 39 38 36 29
 8 -66 10 61 60 59 58 56 54 52 51 41 29
 10 -55 9 59 58 57 55 54 45 42 40 38
 7 -40 9 61 59 56 55 54 46 42 40 38
 10 -85 7 61 58 57 46 38 36 33
 10 -93 7 61 60 59 56 53 42 32
 9 -1 9 58 56 55 54 52 51 49 45 35
 5 -42 8 59 57 56 54 51 45 41 38
 1 -15 6 61 58 56 41 39 38
 3 -88 11 60 59 58 57 56 54 52 51 50 45 44
 6 -57 6 61 57 55 50 40 36
 8 -98 5 58 51 45 40 38
 6 -41 6 57 55 53 50 45 44
 3 -65 6 59 57 52 50 49 41
 7 -90 5 61 56 51 49 39
 5 -64 7 58 55 54 52 50 49 48
 1 -30 6 56 52 51 50 48 44
 7 -69 4 51 50 45 40
 3 -82 5 60 57 53 50 48
 3 -10 4 59 51 49 48
 4 -40 4 58 53 49 48
 5 -21 3 53 50 44
 2 -24 3 60 54 48
 5 -56 2 52 48
 6 -85 2 55 48
 5 -78 2 51 48
 9 -52 2 54 48
 6 -5 1 49
 8 -21 1 48
 3 -67 1 48
 5 -7 1 52
 7 -75 1 62
 8 -66 1 62
 9 -80 1 62
 3 -72 1 62
 1 -69 1 62
 1 -22 1 62
 2 -89 1 62
 1 -9 1 62
 5 -35 1 62
 4 -86 1 62
 8 -54 1 62
 1 -23 1 62
 3 -19 1 62
 2 -100 1 62
 0 16140 0
