62
 0 -81 15 2 3 4 6 8 9 10 11 12 13 14 15 16 21 22
 6 -87 8 42 32 30 28 27 26 20 7
 5 -16 5 43 39 32 30 5
 4 -10 10 43 42 39 38 36 35 30 26 19 17
 10 -85 10 45 41 38 36 35 33 27 26 19 17
 9 -69 12 50 44 43 42 39 38 35 34 31 30 29 27
 6 -41 9 50 45 43 37 35 31 29 23 18
 8 -34 8 50 43 39 38 30 29 28 19
 3 -58 7 43 39 36 30 24 18 17
 2 -50 8 50 45 43 37 32 31 25 18
 1 -79 11 50 45 44 43 42 38 35 33 31 27 26
 5 -93 11 60 50 49 46 44 42 41 38 37 33 31
 8 -15 8 58 50 42 35 33 31 30 27
 7 -34 8 59 50 48 45 42 33 30 27
 9 -53 10 61 56 49 44 41 38 37 34 31 26
 2 -51 8 59 49 48 44 43 37 34 33
 2 -49 10 61 60 58 55 50 47 46 44 37 31
 5 -20 8 61 48 46 44 41 40 38 34
 3 -4 8 61 58 56 49 44 37 34 31
 2 -8 7 60 50 44 43 40 38 33
 10 -92 10 61 60 59 58 50 47 46 44 42 37
 5 -46 10 61 60 59 58 55 48 47 46 41 37
 9 -3 6 60 59 58 41 40 33
 6 -62 10 61 59 58 57 56 55 54 49 48 47
 1 -90 9 61 60 59 58 57 56 55 47 40
 10 -8 6 60 57 55 48 47 40
 10 -59 5 60 57 49 46 40
 2 -74 5 61 59 48 46 40
 3 -76 4 60 59 58 33
 6 -12 5 60 56 55 51 41
 3 -100 3 59 48 40
 8 -97 6 59 58 54 53 52 51
 1 -84 5 61 56 55 52 47
 7 -56 5 60 55 54 53 47
 3 -70 5 60 56 53 52 47
 1 -32 5 59 57 55 53 47
 3 -59 2 57 40
 6 -69 5 59 58 57 55 53
 6 -35 4 58 56 55 47
 5 -64 4 54 53 52 51
 2 -81 4 57 54 53 52
 10 -69 4 55 54 52 51
 1 -99 2 58 46
 8 -18 3 54 53 52
 7 -18 2 58 49
 1 -49 2 56 51
 2 -31 1 51
 5 -49 1 53
 6 -42 1 52
 7 -37 1 51
 6 -78 1 62
 5 -66 1 62
 7 -13 1 62
 1 -90 1 62
 7 -80 1 62
 5 -11 1 62
 10 -74 1 62
 7 -60 1 62
 6 -43 1 62
 5 -50 1 62
 9 -24 1 62
 0 16035 0
