72
 0 -93 7 2 3 5 6 7 9 10
 5 -20 3 13 12 4
 1 -48 5 15 14 12 11 8
 6 -83 4 15 14 11 8
 5 -3 6 20 18 16 15 14 11
 9 -57 5 20 18 15 14 11
 10 -48 4 20 15 14 11
 6 -84 6 27 23 20 18 17 16
 10 -35 5 27 23 20 18 16
 4 -24 5 24 23 19 18 17
 8 -23 6 27 25 24 23 22 19
 8 -61 5 27 24 23 19 18
 2 -3 4 24 19 18 17
 2 -73 5 25 24 23 22 19
 6 -13 3 24 23 17
 7 -45 5 33 31 25 22 19
 6 -20 6 33 31 30 25 22 21
 3 -16 6 33 31 30 29 25 21
 9 -20 3 30 29 21
 6 -5 4 38 34 28 24
 1 -67 4 35 34 28 26
 9 -79 4 34 29 28 26
 4 0 3 33 30 26
 9 -82 6 40 39 36 35 32 31
 4 -17 1 26
 9 -35 6 41 40 39 38 36 32
 9 -32 3 41 33 32
 3 -2 4 40 39 36 32
 1 -76 6 47 46 42 41 39 37
 4 -75 2 40 32
 8 -72 6 47 46 45 42 41 37
 2 -5 5 47 46 45 42 37
 7 -44 5 48 46 44 40 39
 8 -6 4 47 42 39 37
 10 -4 3 47 45 37
 5 -85 6 52 50 48 47 44 43
 7 -76 6 52 51 50 48 44 43
 8 -62 5 52 48 47 46 43
 10 -59 4 51 50 45 43
 3 -54 4 57 56 52 47
 5 -14 3 52 50 43
 5 -82 4 57 53 52 49
 2 -59 4 57 56 53 49
 3 -38 4 57 55 54 53
 5 -60 4 57 54 53 49
 10 -87 4 57 53 50 49
 8 -29 3 53 51 49
 2 -43 4 60 57 56 53
 5 -89 5 65 61 60 59 58
 3 -21 5 65 61 60 59 58
 3 -82 3 71 59 55
 5 -79 2 58 55
 9 -39 5 70 65 63 59 58
 7 -18 7 71 70 68 65 63 62 59
 3 -32 4 64 62 61 60
 10 -100 3 65 63 61
 8 -66 5 70 68 65 64 62
 5 -66 3 71 68 62
 3 -28 3 69 66 64
 5 -98 3 68 66 63
 1 -4 3 70 68 67
 2 -27 2 67 66
 8 -60 1 69
 4 -79 1 67
 1 -88 1 66
 7 -92 1 72
 3 -45 1 72
 10 -55 1 72
 5 -13 1 72
 7 -60 1 72
 4 -1 1 72
 0 16800 0
