72
 0 -71 8 2 3 4 5 9 10 11 18
 1 -23 8 27 26 16 15 14 12 8 6
 5 -20 7 33 27 24 15 14 12 8
 9 -21 4 33 29 23 7
 2 -4 5 27 24 20 15 8
 2 -77 6 37 33 24 21 20 19
 1 -13 5 31 27 25 20 14
 6 -48 6 35 31 30 29 23 19
 4 -59 6 39 37 31 29 24 17
 3 -87 5 35 29 27 23 13
 3 -96 5 38 30 29 22 19
 10 -97 5 45 36 35 29 20
 10 -94 5 48 41 38 37 19
 10 -9 3 45 39 17
 3 -34 7 42 41 38 35 32 30 29
 4 -52 7 42 41 39 38 36 30 29
 10 -28 6 44 41 35 32 30 28
 1 -38 8 48 45 41 38 37 36 35 32
 7 -9 6 50 45 44 39 32 28
 4 -44 6 44 42 41 38 32 30
 1 -46 5 44 36 35 32 31
 10 -97 7 48 44 42 41 36 35 32
 7 -16 6 50 48 44 41 37 32
 6 -90 6 58 50 45 44 41 32
 2 -29 10 57 50 48 47 46 45 43 42 40 38
 6 -13 6 58 54 48 45 40 34
 10 -81 3 48 41 32
 10 -87 8 62 58 57 54 47 46 42 36
 7 -41 4 58 54 44 34
 1 -37 10 60 57 54 53 51 50 48 46 43 40
 3 -74 8 57 53 49 48 47 46 45 38
 9 -94 3 54 40 34
 6 -29 7 62 53 52 48 46 43 41
 1 -56 9 71 62 57 53 52 51 47 46 43
 8 -25 7 71 60 58 53 51 46 43
 2 -8 6 71 60 53 52 51 43
 7 -94 6 68 61 58 57 46 42
 5 -62 9 71 62 61 60 58 56 55 54 51
 2 -93 6 71 70 67 55 51 49
 6 -5 5 71 62 55 52 49
 2 -94 6 71 68 61 60 57 51
 4 -96 6 70 69 66 60 59 53
 5 -24 4 70 65 61 49
 6 -59 5 68 60 56 55 52
 8 -44 5 68 67 65 61 51
 3 -54 5 70 67 59 56 55
 2 -55 4 60 59 56 55
 2 -57 5 70 68 67 59 56
 9 -38 4 69 68 59 56
 5 -26 4 69 68 59 55
 3 -83 4 69 66 64 59
 2 -45 4 67 66 65 63
 4 -33 2 63 55
 5 -28 3 68 64 63
 5 -13 2 65 64
 1 -93 2 66 64
 4 0 2 65 63
 7 -10 2 66 65
 1 -94 1 63
 2 -94 1 67
 9 -39 1 63
 8 -65 1 67
 3 -68 1 72
 7 -57 1 72
 3 -1 1 72
 2 -26 1 72
 7 -3 1 72
 1 -72 1 72
 9 -7 1 72
 5 -98 1 72
 8 -15 1 72
 0 17460 0
