72
 0 -57 10 2 3 4 5 6 7 8 9 11 14
 10 -94 9 26 24 22 21 20 18 17 15 10
 4 -10 5 27 26 23 13 12
 9 -84 11 29 27 26 25 23 22 19 18 17 16 15
 7 -67 5 26 24 23 15 10
 4 -95 8 24 23 22 19 18 17 16 15
 9 -44 8 31 25 24 21 18 17 16 15
 5 -78 3 23 22 12
 9 -48 7 38 31 24 22 19 16 15
 9 -12 6 37 31 27 25 19 16
 6 -16 6 35 31 29 25 21 19
 3 -65 4 25 24 19 16
 9 -77 8 46 38 35 32 30 24 22 21
 6 -93 7 38 35 32 31 29 28 19
 8 -75 10 46 45 44 41 37 35 34 32 30 28
 9 -35 8 46 44 42 41 35 34 32 28
 8 -45 7 44 41 39 38 35 34 30
 3 -58 9 57 47 46 45 44 42 41 39 35
 7 -56 5 44 41 40 34 30
 8 -18 5 46 44 39 35 29
 1 -35 8 50 47 44 42 40 39 37 36
 9 -97 6 50 44 41 40 34 33
 10 -30 6 47 44 42 40 38 31
 4 -2 4 50 45 40 29
 9 -38 6 46 45 41 38 34 32
 9 -34 6 57 50 44 42 40 32
 10 -49 7 52 47 46 42 41 40 36
 2 0 7 57 52 50 47 40 39 36
 5 -74 6 71 70 57 48 42 34
 9 -23 4 50 49 47 33
 4 -42 12 71 70 67 57 56 55 53 51 49 48 46 45
 4 -99 8 71 68 53 52 51 49 47 43
 7 -27 6 71 70 66 57 43 42
 7 -12 6 68 52 51 49 47 43
 5 -10 3 51 49 40
 7 -9 7 71 70 68 56 49 48 43
 6 -34 11 70 68 67 66 65 58 57 55 52 51 48
 3 -11 10 70 68 67 66 65 58 55 52 51 48
 7 -40 10 70 69 67 66 65 58 56 55 54 48
 8 -83 5 70 68 66 48 43
 2 -84 12 71 69 68 67 66 65 64 63 62 61 60 59
 3 -48 5 68 56 54 53 51
 10 -78 6 67 65 60 58 55 54
 3 -100 7 71 66 65 64 60 59 54
 9 -32 5 68 60 59 54 52
 10 -60 7 69 65 63 62 61 60 58
 9 -67 3 64 59 56
 7 -77 4 63 61 60 59
 6 -71 4 66 61 60 59
 9 -31 4 67 64 60 59
 10 -7 3 69 63 60
 3 -6 3 64 63 62
 2 -79 3 65 62 59
 2 -61 2 63 61
 4 -73 2 62 59
 4 -52 2 62 61
 9 -75 2 60 59
 8 -3 1 64
 3 -51 1 72
 6 -86 1 72
 1 -39 1 72
 2 -7 1 72
 8 -33 1 72
 10 -53 1 72
 4 -28 1 72
 6 -26 1 72
 10 -30 1 72
 6 -18 1 72
 4 -84 1 72
 4 -35 1 72
 5 -52 1 72
 0 17110 0
