72
 0 -49 6 2 3 4 5 6 10
 10 -83 9 21 18 15 14 13 12 11 9 7
 3 -52 7 21 15 14 13 11 9 7
 2 -66 6 18 15 13 11 9 8
 3 -15 5 18 17 15 11 9
 4 -99 4 28 14 9 7
 10 -17 6 24 23 22 20 19 16
 6 -10 6 23 22 20 19 17 16
 9 -47 5 24 23 22 19 16
 5 -44 4 23 22 19 17
 7 -44 4 28 26 20 19
 3 -16 4 28 25 23 19
 7 -17 3 35 19 17
 2 -98 5 30 26 25 24 19
 6 -77 3 30 25 19
 9 -38 5 35 31 27 26 25
 8 -9 5 30 29 27 26 25
 9 -41 3 30 29 22
 7 -21 5 43 37 31 29 27
 2 -4 5 43 35 30 29 27
 2 -15 5 43 37 35 31 27
 10 -86 4 43 35 31 27
 4 -52 4 36 35 31 30
 3 -52 3 43 31 27
 10 -59 4 43 36 34 33
 5 -65 3 37 36 33
 8 -76 2 36 32
 2 -20 2 36 32
 5 -97 2 34 33
 1 -68 1 32
 5 -59 2 39 34
 6 -22 1 33
 3 -63 4 41 40 39 38
 3 -24 4 42 41 40 38
 2 -19 4 42 41 40 38
 2 -20 3 41 40 38
 8 -2 5 47 45 44 42 41
 5 -95 6 51 49 48 47 46 45
 9 -13 3 45 44 42
 7 -58 5 52 49 48 46 44
 9 -71 7 61 55 54 52 51 50 49
 1 -41 6 55 54 51 50 49 46
 1 -41 5 61 59 54 52 47
 3 -36 5 61 59 55 54 50
 8 -78 3 61 52 50
 7 -78 6 66 61 59 58 56 53
 4 -52 2 55 50
 7 -30 5 66 58 57 55 54
 6 -28 5 66 59 58 57 56
 9 -60 4 66 58 56 53
 8 -93 3 59 56 53
 6 -56 3 66 57 56
 3 -32 2 65 57
 5 -84 2 64 56
 1 -7 4 65 64 62 60
 5 -46 3 65 62 60
 8 -29 3 64 62 60
 8 -26 3 64 62 60
 1 -71 2 71 60
 3 0 4 70 69 67 63
 4 -22 3 70 64 63
 1 -48 2 71 67
 10 -55 1 68
 2 -42 1 67
 10 -68 1 69
 2 -15 1 67
 3 -100 1 72
 9 -58 1 72
 2 -50 1 72
 5 -21 1 72
 9 -48 1 72
 0 16490 0
