72
 0 -59 6 2 3 4 7 9 10
 10 -40 4 17 14 11 5
 2 -5 3 14 8 5
 4 -61 3 17 14 6
 9 -58 4 27 15 13 12
 8 -65 4 27 20 19 12
 8 -46 4 27 20 19 12
 8 -54 7 27 23 21 19 18 17 16
 4 -71 5 28 27 21 20 14
 6 -94 5 27 24 20 17 14
 1 -51 2 27 12
 6 -3 5 26 23 21 18 16
 7 -63 4 23 19 18 16
 4 -92 3 23 19 18
 10 -45 5 36 29 26 22 20
 7 -63 7 36 34 33 31 29 28 25
 7 -9 7 36 34 33 32 31 29 25
 9 -49 3 31 25 22
 4 -39 6 37 36 34 30 29 26
 9 -6 5 34 33 32 31 25
 8 -97 4 34 32 25 24
 3 -72 5 40 38 34 33 32
 3 -11 4 40 33 32 30
 3 -10 5 41 40 38 33 30
 8 -90 4 41 40 38 30
 5 -83 4 41 40 38 33
 9 -83 4 41 40 38 30
 2 -34 3 40 35 32
 4 -33 6 48 47 43 41 40 39
 9 -3 3 48 47 35
 3 -95 3 47 40 35
 6 -24 4 47 46 41 37
 4 -27 2 48 35
 2 -29 6 52 48 47 46 43 42
 8 -92 3 46 43 39
 5 -4 6 52 51 48 47 46 45
 7 -41 4 48 44 43 42
 5 -63 4 48 47 44 42
 3 -94 3 52 44 42
 7 -35 3 57 46 45
 10 -44 3 51 50 44
 7 -22 3 57 49 45
 6 -70 3 51 49 45
 4 -74 4 57 55 53 49
 1 -78 3 56 53 50
 8 -26 2 53 49
 10 -73 2 57 49
 5 -53 4 58 57 54 53
 6 -40 5 65 63 58 56 54
 3 -80 4 65 59 58 55
 4 -18 4 65 63 58 56
 7 -86 3 65 63 54
 4 -75 6 71 65 63 61 60 59
 10 -100 5 71 62 61 60 59
 10 -10 5 71 63 62 61 60
 6 -68 4 71 62 61 60
 4 -21 5 68 65 64 62 61
 7 -15 2 70 60
 10 -43 4 70 69 68 64
 4 -14 3 69 68 64
 3 -20 2 70 66
 2 -59 2 69 66
 4 -48 2 68 67
 1 -86 1 66
 7 -85 1 66
 10 -78 1 67
 7 -82 1 72
 3 -30 1 72
 3 -75 1 72
 10 -33 1 72
 1 -23 1 72
 0 18110 0
