72
 0 -52 15 2 3 4 5 7 8 9 10 11 14 16 17 18 19 21
 2 -42 6 25 24 20 15 13 12
 5 0 4 24 22 20 6
 2 -84 5 34 27 24 20 15
 9 -48 5 31 25 22 20 15
 7 -96 5 34 31 29 25 15
 4 -65 5 34 32 31 20 15
 4 -8 6 39 34 31 25 23 20
 10 -31 6 32 31 29 25 23 20
 5 -8 9 39 38 36 32 31 30 27 26 23
 4 -76 8 38 36 32 31 30 28 26 23
 2 -50 7 38 36 34 32 30 28 23
 2 -13 7 38 36 31 30 28 26 23
 4 -84 7 39 38 36 34 32 30 23
 7 -70 6 38 36 30 28 26 23
 6 -56 6 38 36 32 30 28 23
 3 -45 9 43 36 35 33 32 31 30 27 26
 2 -90 9 56 44 43 42 38 35 31 28 27
 8 -28 8 43 38 37 36 35 33 30 26
 8 -58 7 43 38 36 35 33 30 26
 8 -18 11 47 46 45 43 40 39 37 36 35 33 31
 3 -52 7 56 43 38 35 34 33 26
 4 -19 12 56 49 47 46 45 44 43 42 40 37 35 33
 6 -53 7 47 46 42 40 38 32 29
 10 -74 6 71 56 55 54 47 30
 2 -91 9 71 55 50 49 47 46 42 41 40
 1 -36 9 71 60 50 49 46 45 41 40 37
 9 -79 8 71 51 50 49 48 47 45 39
 2 -30 5 55 49 45 44 35
 10 -18 7 60 50 49 44 42 41 40
 9 -51 8 71 69 60 55 50 49 48 41
 3 -74 8 71 70 60 54 51 49 48 45
 4 -13 7 69 60 58 55 54 50 41
 10 -33 7 70 68 60 54 49 44 42
 9 -93 7 71 60 59 58 51 50 48
 3 -96 7 68 60 58 56 52 48 44
 4 -76 9 70 69 67 59 58 54 53 52 51
 7 -93 6 71 67 66 60 58 45
 7 -80 8 69 68 67 58 57 55 54 53
 7 -44 5 68 67 59 52 48
 1 -99 4 59 53 52 51
 1 -50 4 67 58 52 48
 4 -84 6 70 68 64 59 53 52
 2 -23 7 69 67 65 64 59 57 53
 10 -82 5 69 68 59 53 52
 10 -10 7 69 66 65 64 63 59 57
 2 -56 6 67 66 65 60 57 53
 9 -88 5 66 65 64 57 53
 8 -3 5 67 65 62 61 58
 3 -28 5 70 67 64 63 57
 6 -78 5 68 66 64 62 61
 8 -71 2 65 57
 7 -4 3 63 62 61
 1 -54 3 66 65 64
 9 -48 3 65 63 61
 3 -74 3 67 64 61
 6 -55 2 62 61
 10 -17 2 64 63
 3 -4 1 61
 3 -90 1 61
 1 -96 1 72
 1 -81 1 72
 2 -85 1 72
 6 -85 1 72
 1 -45 1 72
 10 -21 1 72
 6 -90 1 72
 9 -20 1 72
 4 -48 1 72
 2 -67 1 72
 5 -20 1 72
 0 19015 0
