72
 0 -41 11 2 3 4 5 6 9 10 12 13 14 25
 4 -2 9 31 29 22 18 17 16 11 8 7
 1 -12 9 29 28 26 24 22 18 17 15 11
 9 -4 10 29 28 26 23 22 21 19 17 16 15
 1 -56 7 31 30 29 28 22 16 11
 6 -6 6 29 26 23 21 17 16
 7 -11 7 36 26 23 21 20 19 15
 7 -27 6 30 28 24 23 20 19
 5 -18 7 40 36 35 31 27 21 17
 1 -24 6 36 30 28 24 22 20
 5 -77 8 40 39 36 35 34 23 21 20
 8 -48 6 40 36 30 24 23 22
 4 -10 7 40 36 35 32 30 27 26
 9 -46 6 44 36 34 28 27 21
 6 -20 7 49 44 40 35 33 30 27
 10 -28 8 49 44 40 39 36 35 32 27
 1 -7 4 47 41 30 20
 7 0 6 49 44 35 34 32 27
 2 -42 9 47 46 45 43 41 39 38 37 32
 6 -22 7 45 44 43 42 38 37 33
 6 -4 6 45 43 42 41 37 33
 4 -54 3 51 44 27
 5 -23 2 41 27
 2 -10 8 47 46 45 43 42 39 38 37
 6 -49 8 51 44 43 42 39 38 37 34
 10 -95 10 61 53 51 49 48 47 46 45 44 43
 4 -96 6 46 45 43 42 38 37
 5 -66 5 51 45 41 40 35
 5 -3 7 59 53 51 47 46 43 38
 10 -41 6 51 46 43 39 38 34
 5 -64 6 52 49 48 46 45 43
 9 -98 7 68 54 52 51 50 48 42
 2 -10 9 71 70 69 60 59 55 53 51 46
 4 -43 9 71 70 68 61 60 59 54 50 48
 5 -51 8 71 69 60 59 56 55 54 47
 1 -17 14 71 70 69 68 67 65 61 60 59 58 57 56 55 53
 3 -50 9 70 68 67 60 59 57 56 54 48
 1 -68 6 70 61 60 52 50 48
 7 -88 8 71 70 68 59 56 55 54 50
 6 -96 9 70 69 68 65 59 56 55 53 50
 6 -54 7 70 67 61 57 55 52 49
 8 -10 10 71 70 67 65 60 59 58 57 55 53
 8 -21 10 71 70 69 68 67 66 65 60 57 55
 4 -57 9 69 68 67 66 65 59 58 57 55
 2 -91 6 71 68 59 56 55 50
 9 -8 4 68 56 54 50
 9 -50 5 70 68 65 58 50
 6 -63 6 69 66 65 63 58 55
 4 -21 7 69 68 66 65 64 63 62
 1 -33 5 67 66 64 62 57
 5 -98 5 67 65 64 62 57
 7 -16 3 69 65 56
 6 -20 3 66 64 63
 7 -57 2 65 58
 9 -10 2 64 62
 1 -91 2 64 63
 7 -58 1 63
 9 -27 1 62
 7 -94 1 62
 1 -55 1 62
 5 -17 1 63
 7 -31 1 72
 8 -59 1 72
 9 -77 1 72
 7 -46 1 72
 9 -51 1 72
 3 -84 1 72
 8 -90 1 72
 7 -81 1 72
 1 -24 1 72
 5 -44 1 72
 0 15325 0
