72
 0 -40 10 2 3 4 5 6 8 13 17 20 21
 3 -61 7 28 25 19 18 16 14 9
 3 -51 5 28 25 14 10 9
 6 -38 3 19 11 7
 9 -47 6 28 22 16 15 14 12
 6 -93 3 26 14 10
 5 -19 5 35 26 22 15 14
 1 -8 5 32 29 27 25 12
 2 -85 7 32 31 29 26 24 22 15
 3 -84 6 40 29 27 24 23 22
 3 -61 5 40 31 24 23 16
 6 -22 5 40 33 26 24 23
 4 -23 7 40 37 36 35 34 33 26
 5 -98 6 46 40 32 31 29 24
 2 -97 8 45 44 41 40 38 37 33 27
 8 -24 8 47 45 44 41 38 37 33 27
 1 -31 8 52 48 47 37 36 35 29 26
 10 -65 7 52 47 40 35 33 29 26
 4 -54 10 56 52 46 44 41 36 35 33 32 31
 2 -81 5 52 47 37 33 26
 3 -1 5 59 47 33 30 24
 8 -51 10 47 46 45 44 41 38 36 34 33 30
 7 -39 10 55 52 48 47 45 41 39 38 35 30
 1 -26 12 56 52 49 48 45 44 42 41 39 38 37 36
 10 -50 7 51 48 47 44 40 34 31
 1 -19 10 59 55 49 46 45 44 41 39 38 30
 10 -29 7 49 48 46 39 36 34 30
 9 -98 8 59 53 50 47 42 41 39 36
 8 -57 7 58 55 51 49 45 44 42
 2 -95 7 58 56 53 51 50 43 42
 4 -88 5 59 58 49 45 39
 5 0 4 47 42 39 37
 9 -90 4 55 50 48 39
 1 -17 10 70 69 68 67 59 58 57 56 54 52
 9 -85 6 69 68 59 51 49 43
 10 -21 5 69 66 58 55 43
 4 -48 6 71 67 57 55 54 50
 7 -14 7 70 68 67 62 58 54 50
 9 -26 3 69 66 43
 9 -16 5 70 67 62 55 50
 7 -6 4 69 57 54 51
 8 -43 8 69 68 67 66 64 62 61 54
 4 -58 7 71 70 67 64 61 57 54
 8 -77 6 70 69 67 66 62 53
 3 -13 4 70 68 62 50
 3 -10 7 70 69 68 66 64 61 57
 5 -55 8 70 69 67 64 63 62 61 60
 9 -34 5 71 67 64 62 54
 4 -49 5 70 65 64 61 57
 2 -10 6 69 66 64 63 61 60
 8 -14 6 67 66 64 63 62 61
 10 -21 6 66 65 64 63 61 60
 7 -42 5 71 65 63 61 60
 3 -23 3 65 63 60
 2 -84 3 68 65 61
 7 -65 3 71 66 61
 9 -85 2 62 60
 8 -51 1 60
 9 -56 1 62
 2 -97 1 72
 8 -7 1 72
 1 0 1 72
 10 -95 1 72
 9 -66 1 72
 8 -81 1 72
 8 -36 1 72
 6 -16 1 72
 4 -33 1 72
 5 -64 1 72
 4 -74 1 72
 3 -35 1 72
 0 16760 0
