72
 0 -16 8 2 3 4 5 6 9 10 11
 6 -58 6 19 15 14 13 12 7
 3 -13 8 37 33 32 28 25 19 16 12
 8 -38 4 28 24 21 8
 9 -71 7 32 28 27 23 21 20 14
 2 -86 6 42 23 21 16 15 13
 1 -98 9 42 41 37 30 28 24 23 21 16
 2 -60 8 37 34 33 31 30 25 19 17
 2 -92 6 33 25 23 20 17 16
 7 -62 7 42 37 33 31 24 22 17
 6 -71 7 42 32 31 27 25 23 18
 6 -8 7 42 41 31 30 24 23 22
 1 -81 9 41 39 33 32 31 30 27 26 25
 2 -86 7 41 37 34 31 30 26 24
 1 -75 3 39 29 17
 2 -17 5 39 35 34 31 26
 9 -32 8 57 54 48 41 35 32 27 26
 4 -93 6 57 48 41 35 29 26
 1 -82 9 57 49 47 44 42 41 39 35 29
 7 -88 8 57 48 44 42 39 38 35 29
 7 -75 7 54 47 38 36 35 33 31
 10 -7 6 57 55 48 39 34 26
 4 -43 9 57 55 53 49 48 40 39 35 34
 10 -93 5 57 49 39 35 29
 2 -71 7 57 55 54 53 48 44 35
 5 -100 5 47 44 43 38 36
 3 -96 6 55 47 46 43 40 38
 3 -86 11 71 57 56 55 54 53 52 51 50 49 46
 8 -42 5 55 54 53 45 36
 6 -55 7 70 57 56 54 50 48 40
 2 -52 8 58 57 56 55 48 46 45 44
 8 -65 5 53 50 49 46 40
 10 -32 8 71 64 55 52 51 48 46 45
 10 -1 7 71 56 54 52 51 46 45
 8 -20 5 60 56 50 46 43
 1 -48 3 50 46 40
 4 -61 5 70 60 50 48 43
 4 -51 7 71 70 60 59 53 50 49
 5 -31 6 70 63 60 59 54 43
 3 -32 8 71 69 64 63 59 58 52 51
 7 -83 6 59 58 55 53 52 51
 10 -61 7 71 70 69 68 60 59 50
 3 -6 6 71 69 64 61 58 52
 2 -39 4 69 63 60 52
 2 -72 7 70 69 67 63 62 61 59
 5 -2 6 70 67 63 62 61 59
 6 -21 6 71 70 69 66 63 61
 8 -66 5 69 68 63 61 59
 1 -79 4 69 66 61 58
 2 -75 5 67 66 63 62 61
 3 -47 4 68 67 62 60
 8 -3 4 68 67 66 62
 9 -75 4 67 66 64 61
 1 0 4 69 67 66 61
 7 -67 3 66 63 61
 2 -9 3 69 64 61
 10 -95 3 68 64 63
 3 -64 2 68 62
 6 -96 2 66 65
 3 -97 1 61
 9 -69 1 65
 7 -75 1 65
 3 -94 1 65
 5 -72 1 65
 8 -12 1 72
 10 -27 1 72
 1 -5 1 72
 8 -94 1 72
 10 -38 1 72
 4 -96 1 72
 5 -84 1 72
 0 20055 0
