72
 0 -66 10 2 3 4 5 6 7 8 9 12 14
 4 -88 9 28 26 21 20 19 18 16 13 10
 1 -72 7 27 26 21 19 17 16 10
 8 -61 9 25 24 23 22 21 20 19 16 13
 9 -98 10 43 31 30 27 23 22 21 20 17 15
 3 -27 5 28 19 18 13 11
 4 -24 9 43 36 31 30 29 27 25 20 19
 3 -80 7 43 31 29 25 24 22 20
 5 -69 6 43 36 24 23 19 17
 7 -9 6 43 31 25 24 23 22
 3 -41 7 43 36 31 29 27 25 20
 6 -59 5 43 36 26 23 19
 6 -54 11 49 43 39 38 37 36 35 34 32 31 27
 9 -75 3 25 23 19
 6 -1 6 42 39 33 32 29 24
 2 -36 7 42 37 36 33 32 30 29
 9 -27 5 38 37 35 33 25
 5 -23 6 63 39 37 34 33 29
 8 -14 7 63 39 38 37 35 34 33
 10 -24 6 63 39 37 35 34 32
 6 -20 6 63 49 42 39 37 29
 2 -100 7 63 46 44 39 36 35 33
 3 -93 5 63 44 33 32 29
 5 -3 11 63 58 57 50 49 46 45 41 40 38 37
 8 -14 11 63 58 54 50 49 47 46 45 44 42 39
 7 -48 7 63 49 46 42 38 37 35
 7 -21 4 63 46 42 33
 3 -68 8 63 54 51 50 49 47 43 40
 2 -70 6 58 54 51 47 46 35
 6 -95 11 62 58 57 55 54 53 51 50 49 47 45
 10 -8 8 61 58 57 54 51 48 47 44
 7 -55 9 62 58 57 56 55 53 50 47 41
 10 -7 5 58 54 50 41 40
 6 -94 6 58 55 53 52 45 42
 6 -75 9 62 61 57 56 55 53 52 50 45
 3 -31 8 62 58 57 56 55 53 51 47
 2 -31 7 62 61 55 54 51 47 44
 7 -12 7 70 61 59 56 54 51 48
 8 -40 3 71 60 40
 10 -23 5 70 69 61 59 48
 10 -47 6 71 70 68 61 52 51
 4 -18 6 71 68 62 61 57 51
 9 -89 8 70 69 68 66 62 60 59 57
 8 -92 6 71 70 69 68 56 52
 4 -48 8 71 70 69 67 66 64 60 59
 2 -94 7 71 69 68 67 66 61 56
 6 0 5 71 70 68 59 52
 6 -22 5 68 62 55 53 52
 10 -2 4 68 66 61 56
 4 -10 4 68 66 64 59
 9 -30 3 69 66 60
 4 -8 3 67 66 64
 1 -16 3 67 65 64
 9 -62 3 71 66 65
 9 -12 2 65 64
 9 -95 2 65 64
 9 -15 2 67 64
 3 -22 2 70 64
 10 -29 1 65
 7 -73 1 65
 5 -60 1 64
 9 -96 1 64
 5 -54 1 66
 3 -47 1 72
 1 -68 1 72
 1 -73 1 72
 5 -84 1 72
 9 -43 1 72
 6 -79 1 72
 1 -57 1 72
 10 -53 1 72
 0 16770 0
