72
 0 -6 6 2 4 5 7 8 16
 1 -98 2 9 3
 2 -31 3 13 10 6
 3 -100 6 19 15 14 13 12 11
 7 -1 3 12 11 10
 5 -30 4 15 14 12 11
 2 -77 3 15 12 11
 8 -89 5 37 22 21 15 13
 8 -85 4 21 19 15 13
 4 -36 6 25 22 21 17 15 14
 2 -19 6 37 32 25 22 21 17
 7 -25 6 37 32 30 23 20 17
 3 -68 6 32 30 25 23 20 17
 2 -82 5 37 31 30 20 18
 2 -43 6 32 31 30 27 24 20
 7 -38 6 37 32 28 26 24 21
 5 -79 2 31 18
 5 -60 5 29 28 27 26 24
 1 -40 4 37 33 26 25
 10 -38 5 34 33 29 28 26
 3 -5 2 30 27
 3 -62 3 34 33 26
 8 -64 2 27 26
 10 -12 3 35 34 33
 5 -1 2 36 27
 10 -10 5 46 41 39 36 35
 1 -79 4 46 38 35 34
 4 -39 6 46 45 41 40 39 36
 4 -86 5 46 41 39 38 35
 7 -87 4 45 40 39 33
 6 -42 3 46 35 34
 1 -27 2 35 33
 8 -65 2 46 36
 7 -47 4 45 43 41 39
 7 -14 5 48 47 45 42 40
 9 -43 2 44 38
 4 -22 3 47 46 40
 5 0 4 48 47 43 42
 2 -27 4 53 52 48 47
 1 -24 3 52 49 43
 5 -64 3 52 51 44
 1 -89 4 52 51 50 49
 2 -57 4 54 53 51 50
 2 -82 4 54 53 50 48
 5 -28 3 53 50 49
 1 -15 4 59 55 51 48
 1 -67 3 61 51 50
 2 -11 7 71 64 61 60 58 57 56
 1 -77 4 64 61 55 54
 7 -71 5 60 59 58 57 55
 8 -10 6 71 68 64 60 57 56
 7 -96 4 71 62 61 54
 10 -58 5 71 69 62 61 60
 6 -99 4 69 68 60 57
 4 -70 2 68 56
 3 -36 5 70 69 67 63 62
 4 -71 4 70 67 66 63
 10 -22 4 69 68 66 65
 8 -6 4 69 68 66 65
 6 -40 3 67 66 63
 9 -19 3 70 68 65
 4 -96 2 66 65
 5 -51 1 65
 10 -77 1 67
 2 -7 1 72
 4 -33 1 72
 9 -52 1 72
 5 -76 1 72
 5 -42 1 72
 8 -2 1 72
 2 -98 1 72
 0 17115 0
