62
 0 0 15 2 3 4 5 7 8 9 10 11 13 14 15 16 18 19
 3 -65 6 42 33 25 21 17 6
 6 -15 10 43 42 36 32 31 29 24 23 21 17
 10 -39 7 61 42 36 30 22 20 12
 8 -72 11 61 44 43 37 36 35 32 29 26 21 20
 2 -74 8 61 60 36 32 27 24 23 20
 10 -49 7 61 59 46 40 28 26 24
 8 -6 6 60 43 37 35 23 17
 2 -81 5 60 36 26 25 24
 5 -77 7 61 60 59 46 40 26 24
 8 -72 6 61 59 37 35 26 22
 8 -12 5 60 46 32 24 23
 7 -37 11 60 59 58 43 42 41 40 37 36 34 31
 1 -40 5 61 41 35 28 23
 3 -49 9 61 60 59 47 42 41 39 37 29
 4 -43 3 46 26 25
 7 -46 7 61 59 54 46 45 40 26
 2 -20 11 60 59 57 56 55 47 46 45 41 37 32
 1 -58 10 59 58 56 54 47 46 45 39 37 34
 7 -90 7 58 47 40 39 38 34 31
 9 -54 6 60 59 57 50 40 27
 8 -40 5 60 54 46 39 29
 6 -37 4 59 54 45 26
 3 -46 7 58 57 56 53 41 37 35
 5 0 7 59 53 50 47 40 39 35
 9 -90 8 58 56 53 51 47 39 38 34
 7 -63 8 58 56 55 49 48 46 45 41
 10 -91 8 60 58 56 53 52 51 38 34
 7 -12 7 58 57 53 52 45 40 38
 10 -12 9 58 57 56 54 50 49 48 46 45
 2 -4 7 57 54 53 50 49 48 45
 5 -83 6 54 52 51 50 49 48
 4 -73 3 55 54 38
 2 -57 4 55 50 49 48
 1 -96 3 55 54 45
 8 -77 3 52 51 46
 3 -8 1 38
 8 -71 3 50 49 48
 1 -93 3 57 55 48
 10 -42 3 56 49 48
 4 -35 2 54 52
 10 -58 2 50 49
 4 -56 2 52 48
 9 -14 2 58 48
 4 -96 1 51
 4 -4 1 53
 10 -6 1 52
 2 -29 1 62
 5 -14 1 62
 8 -30 1 62
 8 -18 1 62
 6 -22 1 62
 4 -72 1 62
 5 -24 1 62
 7 -14 1 62
 7 -66 1 62
 10 -62 1 62
 9 -91 1 62
 1 -12 1 62
 6 -89 1 62
 5 -61 1 62
 0 14335 0
