62
 0 -82 10 2 3 4 5 6 7 9 10 11 13
 7 -96 7 27 23 20 17 15 14 12
 10 -86 7 22 20 18 17 16 14 8
 1 -9 7 21 20 19 18 17 16 14
 10 -21 7 33 29 27 19 18 16 15
 9 -43 11 40 35 34 33 32 29 27 26 21 20 19
 8 -27 7 35 34 27 24 22 21 17
 8 -6 9 40 35 34 33 32 27 26 24 21
 10 -46 4 35 24 18 17
 2 -72 6 40 35 29 26 20 18
 10 -14 6 40 35 32 29 26 20
 2 -63 4 35 29 22 18
 6 -88 6 40 35 34 28 26 24
 5 -16 7 40 36 35 32 30 28 25
 9 -85 5 43 40 35 34 21
 6 -51 8 43 41 40 39 34 32 30 26
 7 -18 7 40 38 33 32 31 29 28
 8 -71 5 42 36 34 30 25
 5 -88 5 42 36 30 28 25
 2 -45 3 42 28 24
 6 -78 7 42 41 39 38 36 30 28
 10 -55 6 43 41 40 38 31 26
 4 -53 6 43 42 41 39 34 30
 9 -19 2 30 25
 10 -46 6 61 43 41 39 38 31
 2 -60 7 61 60 58 50 49 42 36
 2 -57 9 61 60 58 56 49 47 45 42 41
 9 -53 8 61 60 59 58 48 45 44 37
 6 -4 7 61 60 59 48 44 43 39
 6 -44 1 31
 4 -78 7 60 59 58 48 45 44 37
 6 -49 6 60 48 45 44 42 37
 6 -16 6 59 58 49 46 43 36
 7 -77 6 61 59 50 48 44 38
 5 -71 9 61 57 56 54 50 48 47 46 44
 1 -85 6 57 56 54 48 47 44
 4 -49 8 57 56 55 54 52 51 49 47
 2 -53 7 58 57 56 54 52 49 46
 10 -52 7 58 56 55 54 52 47 46
 2 -50 7 61 60 58 55 52 49 48
 4 -44 5 57 55 54 51 50
 8 -97 3 59 54 46
 4 -22 3 57 56 50
 9 -23 2 55 52
 4 -94 1 46
 3 -98 1 51
 4 -76 1 53
 8 -85 1 51
 4 0 1 53
 1 -63 1 52
 1 -56 1 62
 2 -93 1 62
 5 -12 1 62
 1 -8 1 62
 4 -7 1 62
 3 -13 1 62
 7 -36 1 62
 8 -78 1 62
 1 -53 1 62
 6 -67 1 62
 6 -80 1 62
 0 15905 0
