72
 0 -95 10 2 3 4 5 6 7 8 10 11 13
 10 -32 7 24 22 21 19 17 16 12
 6 -27 7 30 25 24 22 19 18 9
 2 -79 8 32 30 25 23 21 20 19 15
 2 -30 7 34 32 31 30 24 16 14
 8 -47 7 34 32 25 24 20 19 16
 2 -70 6 34 27 25 22 19 16
 4 -94 4 31 24 23 17
 4 -85 3 34 20 16
 6 -6 6 35 34 32 30 25 22
 5 -4 4 35 30 22 18
 1 -38 8 35 33 32 31 30 29 28 27
 6 -89 4 35 25 24 23
 3 -47 3 23 21 19
 10 -100 6 39 36 35 34 31 22
 8 -50 5 52 35 29 26 23
 9 -97 8 42 41 40 34 33 32 29 27
 7 -37 5 52 41 34 29 23
 1 -74 8 52 39 38 36 35 33 29 28
 6 -90 8 52 41 38 36 33 31 29 28
 10 -98 5 42 41 33 29 27
 10 -53 5 52 38 33 29 28
 4 -78 6 51 39 38 36 33 28
 7 -53 3 41 29 28
 6 -80 9 52 48 47 44 42 41 39 37 31
 4 -60 11 70 55 51 47 46 45 44 43 42 40 33
 3 -33 8 52 49 45 44 43 39 38 36
 10 -31 13 70 62 56 55 50 49 48 47 45 44 43 42 40
 8 -14 9 70 57 55 51 50 47 46 43 37
 9 -31 6 57 51 47 46 41 37
 1 -33 9 70 62 57 55 50 49 45 43 40
 5 -29 9 70 60 57 55 54 53 52 50 48
 10 -37 7 62 61 57 54 50 49 48
 5 -47 7 71 70 61 60 59 55 44
 7 -94 4 62 61 59 41
 9 -36 7 71 70 69 67 55 53 47
 5 -47 9 71 69 68 67 66 62 61 60 53
 10 -98 8 70 68 67 66 62 57 56 53
 7 -26 5 70 69 61 53 46
 3 -5 7 69 68 67 60 59 54 53
 5 -86 6 70 69 67 60 55 54
 6 -46 6 69 68 66 60 59 53
 3 -25 5 69 68 60 54 53
 2 -12 4 68 67 57 54
 10 -100 6 69 68 67 66 60 58
 10 -69 6 68 67 66 65 64 59
 7 -64 5 66 65 61 59 58
 5 -94 5 68 67 65 59 58
 6 -6 5 67 66 65 64 59
 2 -24 5 71 67 65 64 63
 6 -36 5 67 66 65 64 63
 3 -11 4 69 68 67 63
 2 -50 3 65 63 58
 6 -77 3 66 65 58
 3 -36 3 68 63 58
 1 -76 2 63 58
 8 -64 2 69 65
 6 -10 1 64
 2 -14 1 63
 6 -27 1 63
 10 -69 1 64
 9 -18 1 63
 9 -88 1 72
 4 -73 1 72
 5 -98 1 72
 7 -46 1 72
 5 -42 1 72
 6 -11 1 72
 1 -24 1 72
 8 -8 1 72
 3 -63 1 72
 0 18205 0
