72
 0 -80 10 2 3 4 6 8 10 11 13 14 16
 9 -64 3 21 15 5
 1 -52 4 21 15 12 9
 6 -51 2 15 7
 7 -41 3 17 12 9
 2 -67 4 22 21 18 15
 2 -46 3 21 19 12
 8 -46 3 20 17 12
 4 -70 6 25 23 22 20 19 18
 5 -78 5 25 22 21 18 17
 3 -18 3 25 19 15
 7 -39 4 25 23 22 18
 5 -54 3 22 20 17
 9 -62 3 22 19 17
 1 -98 2 20 17
 4 -79 5 30 28 26 25 24
 5 -47 4 28 27 26 23
 9 -71 7 37 34 33 30 28 27 26
 2 -44 7 37 34 33 30 28 27 26
 4 -25 4 30 28 27 24
 10 -14 6 37 34 33 30 27 26
 7 -26 6 41 37 34 33 27 26
 9 -46 2 29 24
 5 -56 5 41 37 34 33 31
 1 -35 2 41 27
 2 -89 3 46 31 29
 8 -80 2 46 29
 8 -100 2 46 29
 10 -35 3 43 35 32
 7 -24 6 46 43 42 41 38 36
 5 -56 2 43 32
 5 -74 4 45 42 39 36
 4 -65 4 46 45 42 36
 6 -57 4 48 45 42 38
 2 -68 3 48 42 38
 4 -56 3 53 49 40
 1 -55 5 53 51 49 45 44
 5 -2 5 53 51 50 49 44
 1 -77 5 53 51 50 49 44
 8 -6 4 51 50 48 44
 8 -63 4 53 51 47 45
 8 -72 3 51 50 44
 7 -22 3 53 48 45
 7 -29 4 58 55 54 47
 9 -81 6 62 58 57 55 52 50
 2 -63 5 62 58 57 51 50
 8 -95 4 62 57 56 52
 7 -72 4 62 58 56 52
 1 -61 4 63 62 60 58
 2 -75 4 71 65 61 56
 10 -44 2 60 56
 8 -11 3 65 60 59
 1 -84 5 71 69 63 61 59
 10 -45 6 71 70 68 65 64 63
 8 -97 5 71 70 69 63 61
 9 -87 3 69 63 59
 6 -65 3 68 65 61
 3 -86 4 70 68 65 64
 7 -13 4 70 68 67 64
 7 -59 2 71 61
 7 -27 2 67 64
 9 -99 2 68 64
 5 -43 2 67 66
 3 -69 1 66
 2 -53 1 69
 1 -86 1 72
 8 -28 1 72
 1 -41 1 72
 1 -53 1 72
 1 -2 1 72
 4 -19 1 72
 0 19485 0
