72
 0 -82 3 2 4 10
 10 -35 2 9 3
 4 -98 3 8 6 5
 6 -39 2 15 7
 9 -21 5 20 16 14 13 11
 1 -61 4 16 15 14 11
 5 -19 4 16 14 13 11
 4 -100 7 22 20 18 17 16 15 12
 10 -93 5 25 22 19 18 15
 5 -10 4 23 22 16 12
 5 -28 3 22 17 12
 1 -29 5 27 26 25 21 19
 4 -66 4 26 23 21 18
 7 -23 3 26 22 18
 2 -83 4 28 26 23 21
 2 -67 5 36 34 32 26 24
 4 -7 4 32 27 26 24
 5 -37 4 36 32 27 24
 1 -33 4 34 32 31 24
 1 -42 4 36 34 32 24
 8 -99 7 39 36 34 33 32 30 29
 10 -8 6 39 34 32 31 30 29
 8 -61 5 39 34 33 32 29
 10 -80 4 38 33 30 28
 6 -8 4 39 34 33 29
 2 -14 4 39 37 31 30
 2 -51 4 39 37 34 30
 9 -32 2 39 29
 6 -17 4 45 41 40 37
 7 -19 3 41 40 35
 6 -54 3 42 41 38
 5 -58 4 47 42 38 37
 6 -36 2 42 35
 2 -52 4 56 47 42 38
 5 -4 6 49 47 46 45 44 43
 5 -84 5 49 46 45 43 42
 7 -56 5 56 50 49 44 43
 4 -77 5 50 49 45 44 43
 9 -44 5 56 50 49 44 43
 3 -72 3 49 47 42
 8 -96 4 52 48 47 46
 6 -18 3 50 48 44
 10 -93 5 59 57 54 51 48
 3 -38 5 71 57 54 52 51
 8 -58 3 59 51 48
 1 -74 4 57 56 53 50
 10 -81 4 71 57 53 51
 10 -80 4 71 58 55 53
 1 -61 4 63 59 57 51
 9 -92 2 59 54
 9 -63 4 68 62 60 58
 8 -51 1 53
 5 -21 5 70 69 68 63 60
 7 -34 5 70 68 67 62 60
 10 -40 5 70 68 67 62 60
 9 -71 4 68 67 62 60
 1 -22 6 70 69 67 66 65 61
 3 -62 5 69 67 66 65 64
 7 -87 4 69 67 66 61
 5 -2 3 66 65 61
 6 -66 1 64
 8 -52 1 65
 3 -87 1 64
 8 -46 1 72
 2 -66 1 72
 2 -11 1 72
 3 -73 1 72
 4 -24 1 72
 10 -66 1 72
 2 -86 1 72
 9 -80 1 72
 0 18500 0
