72
 0 -27 4 2 3 4 5
 6 -53 5 14 11 10 8 7
 7 -2 5 17 14 11 8 6
 2 -4 5 15 14 10 9 6
 3 -43 6 20 19 17 16 15 13
 7 -99 5 27 20 16 13 12
 4 -9 4 20 17 13 12
 5 -18 6 35 27 19 16 15 13
 7 -51 4 27 20 19 13
 3 -29 3 26 22 17
 4 -93 2 27 13
 7 -94 6 35 31 26 25 21 19
 3 -24 4 26 23 22 18
 5 -92 4 35 26 22 18
 7 -88 3 23 22 18
 8 -19 3 31 23 18
 2 -95 4 35 27 23 21
 8 -93 2 25 21
 7 -22 2 28 23
 1 -24 3 30 28 24
 8 -52 4 32 30 29 28
 4 -13 3 31 29 25
 4 -46 2 30 24
 10 -45 3 34 32 29
 1 -24 2 33 28
 5 -44 2 33 28
 6 -90 2 30 28
 1 -83 6 42 39 38 37 36 34
 7 -52 4 39 37 36 33
 6 -81 5 42 39 38 37 36
 6 -29 3 42 37 34
 7 -97 6 45 44 42 41 40 39
 5 -36 5 44 43 42 41 38
 2 -77 7 52 50 48 44 43 41 40
 4 -87 3 48 43 38
 5 -32 8 52 51 50 49 48 45 44 43
 8 -70 7 52 48 47 45 44 41 40
 5 -97 5 52 50 46 45 40
 4 -79 5 63 52 50 49 43
 7 -17 5 61 56 54 51 49
 2 -39 7 63 61 56 55 54 53 51
 7 -2 5 63 57 54 53 48
 7 -100 4 61 55 53 47
 6 -63 3 61 56 46
 8 -92 6 62 59 58 57 56 53
 4 -19 5 63 62 57 54 53
 8 -17 5 62 58 57 56 54
 3 -46 5 62 61 60 58 56
 5 -35 4 62 59 58 53
 4 -33 3 62 56 55
 9 -89 3 66 62 57
 3 -100 5 71 70 66 64 62
 2 -93 3 71 66 60
 9 -51 3 71 66 60
 7 -34 3 71 66 60
 10 -63 4 70 69 66 64
 3 -30 4 71 70 69 64
 8 -70 4 71 70 69 64
 3 -65 4 71 70 69 64
 8 -14 3 70 69 64
 1 -1 3 69 66 64
 4 -16 2 69 65
 4 -10 2 71 65
 9 -67 1 65
 8 -43 2 68 67
 5 -23 1 67
 8 -81 1 72
 2 -70 1 72
 4 -1 1 72
 2 -48 1 72
 8 -59 1 72
 0 18020 0
