72
 0 -88 10 2 3 4 5 7 10 11 14 16 19
 5 -13 4 20 12 9 6
 5 -49 6 26 24 23 18 13 8
 1 -15 2 9 6
 9 -86 12 40 33 29 27 26 25 24 23 22 20 18 17
 1 -95 8 40 33 30 29 27 26 23 18
 3 -66 8 40 33 30 27 26 24 23 22
 6 -15 9 40 38 33 31 29 27 25 22 20
 6 -13 5 35 29 24 22 15
 9 -68 6 38 30 29 26 21 18
 3 -65 8 35 34 33 32 31 27 25 24
 5 -84 8 38 35 34 32 31 29 27 24
 5 -47 6 40 35 31 30 27 22
 9 -80 7 46 41 38 35 34 33 22
 1 -17 5 33 31 30 27 25
 5 -49 5 38 33 32 27 24
 8 -39 10 46 44 43 39 38 36 35 34 32 31
 3 -74 9 46 44 41 39 37 36 35 32 28
 1 -85 6 47 39 35 31 30 27
 8 -4 9 50 46 44 41 39 37 36 35 28
 5 -87 8 50 46 44 43 37 35 34 31
 2 -13 6 44 39 37 36 32 28
 1 -91 8 54 49 46 44 43 38 37 31
 9 -25 5 50 46 37 36 28
 7 -48 10 71 63 58 50 49 47 42 41 39 36
 6 -54 10 71 63 50 49 47 46 45 42 41 35
 4 -96 5 49 43 41 37 36
 10 -20 10 63 57 56 52 49 48 47 45 43 42
 2 -7 10 63 57 56 53 50 49 47 45 44 43
 8 -22 7 71 63 58 57 46 44 37
 3 -18 9 71 63 58 57 56 51 45 42 41
 10 -70 10 71 63 58 56 55 54 52 50 47 42
 8 -93 6 63 57 56 44 43 42
 7 -87 9 71 63 57 56 54 49 48 47 45
 4 -76 11 69 59 58 57 56 55 54 53 52 51 48
 9 -46 8 69 62 57 56 54 51 48 45
 4 -19 6 62 56 52 48 45 42
 4 -82 9 70 69 59 58 56 55 53 51 48
 9 -31 6 68 62 57 56 55 51
 2 -8 6 70 69 63 62 54 51
 2 -47 5 69 59 55 52 48
 5 -84 6 70 69 67 66 59 53
 1 -62 6 71 70 68 66 58 55
 10 -43 5 69 68 62 52 51
 3 -62 4 70 67 59 55
 8 -13 3 68 60 51
 10 -59 2 69 51
 9 -58 5 68 67 66 65 60
 10 -91 5 70 69 66 65 62
 2 -96 4 69 67 65 59
 6 -59 4 67 66 65 61
 10 -92 4 66 65 61 60
 3 -20 4 68 65 61 60
 8 -42 3 66 65 60
 1 -49 2 65 60
 6 -17 2 65 60
 6 -6 2 65 60
 8 -5 2 67 62
 7 -60 2 68 64
 3 -76 1 64
 5 -6 1 64
 6 -81 1 64
 8 -52 1 64
 4 -47 1 72
 2 -67 1 72
 8 -59 1 72
 3 -8 1 72
 5 -53 1 72
 6 -29 1 72
 4 -94 1 72
 7 -43 1 72
 0 18125 0
