62
 0 -3 10 2 3 4 6 7 8 10 11 12 18
 10 -43 7 24 23 21 16 14 13 9
 9 -71 2 21 5
 1 -54 5 31 24 14 13 9
 2 -32 8 33 31 24 23 22 20 17 14
 3 -59 6 33 24 23 17 15 14
 9 -67 5 33 20 17 15 14
 3 -9 7 33 32 31 28 24 22 17
 2 -98 7 33 32 29 28 22 20 19
 3 -39 4 32 25 17 15
 6 -49 5 28 25 24 21 19
 6 -2 4 33 23 21 17
 6 -72 3 33 32 17
 5 -53 5 32 29 28 25 19
 3 -41 5 37 29 28 22 19
 6 -61 5 33 32 31 29 19
 1 -83 3 37 29 19
 7 -25 8 39 37 35 32 31 30 29 27
 5 -81 7 39 38 35 34 30 27 26
 7 -50 5 38 37 35 26 25
 4 -30 6 43 40 37 34 32 30
 1 -60 6 61 48 41 36 35 26
 1 -67 5 48 43 37 36 32
 4 -6 3 43 35 29
 10 -49 9 61 60 59 48 46 44 42 41 36
 3 -86 10 60 59 54 47 46 45 44 43 42 40
 5 -77 7 61 59 48 44 42 41 36
 8 -58 5 48 44 40 36 34
 6 -96 7 61 56 48 46 42 40 36
 4 -25 11 60 59 58 55 54 52 48 47 45 42 41
 4 -92 2 40 34
 9 -75 10 61 60 55 54 52 50 49 46 44 42
 6 -82 9 60 59 56 54 52 48 46 45 42
 8 -64 10 59 57 56 55 54 53 50 47 46 45
 1 -45 7 59 55 52 50 49 44 42
 6 -68 9 57 55 54 53 52 51 50 47 45
 9 -50 9 60 59 56 55 54 52 51 50 49
 10 -62 6 57 54 52 48 46 45
 4 -96 5 54 53 51 49 43
 8 -83 5 58 53 52 51 49
 6 -42 4 56 53 50 49
 1 -21 3 57 53 51
 5 -30 3 55 52 50
 10 -75 2 58 56
 8 -51 1 49
 9 -59 1 51
 8 -59 1 49
 5 -60 1 50
 9 -100 1 62
 1 -33 1 62
 5 -86 1 62
 3 -47 1 62
 6 -91 1 62
 8 -2 1 62
 9 -52 1 62
 10 -50 1 62
 4 -23 1 62
 10 -1 1 62
 7 -100 1 62
 10 -93 1 62
 9 -31 1 62
 0 16845 0
