72
 0 -8 13 2 3 4 6 7 8 9 10 12 14 21 22 24
 7 -71 5 19 16 13 11 5
 4 -39 6 30 26 19 17 16 11
 3 -39 5 29 27 19 13 11
 8 -83 7 35 34 32 30 25 20 17
 8 -34 5 35 30 27 20 15
 1 -63 4 29 27 19 11
 7 -67 8 34 32 31 30 29 25 20 18
 7 -26 7 37 35 34 32 30 23 20
 6 -100 6 45 34 30 28 27 15
 10 -88 6 37 35 34 32 31 20
 3 -57 9 45 42 37 34 32 31 28 26 25
 5 -58 9 48 45 42 37 34 33 32 31 26
 4 -6 7 45 37 32 30 28 26 25
 8 -84 7 48 42 37 32 31 26 25
 5 -28 7 46 45 41 38 37 34 28
 4 -39 5 51 37 33 29 27
 8 -95 10 51 46 45 43 42 41 39 38 37 36
 10 -13 8 48 46 45 43 42 37 34 32
 3 -88 7 45 44 42 40 39 33 28
 6 -17 6 45 42 39 38 33 32
 8 -64 10 51 48 47 46 43 41 39 38 37 36
 10 -82 7 48 45 42 40 39 36 31
 1 -33 3 40 31 25
 10 -43 7 51 47 46 44 41 39 36
 6 -17 8 54 50 49 47 46 43 39 38
 10 -69 2 36 31
 8 -29 6 60 51 48 47 43 36
 10 -60 6 49 48 47 46 43 40
 1 -13 5 54 53 48 42 38
 1 -35 5 54 49 47 46 38
 6 -69 5 59 49 47 41 40
 5 -9 4 60 46 43 36
 9 -42 8 57 54 53 52 51 50 49 44
 7 -79 5 54 50 49 47 39
 2 -77 8 71 59 56 54 53 52 50 49
 3 -31 5 59 57 56 53 40
 2 -24 5 66 59 57 52 44
 1 -67 9 67 66 60 59 57 56 55 53 52
 7 -39 8 70 69 65 60 58 55 54 50
 4 -5 8 68 66 64 57 56 55 53 52
 5 -59 3 55 50 47
 6 -60 9 70 69 68 67 65 59 57 56 55
 3 -31 8 71 68 67 65 64 60 56 55
 7 -35 6 70 69 62 57 56 50
 1 -76 6 69 66 64 63 55 53
 5 -97 6 71 67 66 65 57 56
 3 -92 7 71 69 68 66 64 62 61
 9 -27 6 68 66 65 64 61 55
 6 -50 5 68 67 64 63 61
 5 -15 4 67 63 62 59
 10 -12 4 70 69 63 62
 7 -77 3 65 62 58
 1 -68 2 66 61
 8 -61 1 62
 2 -6 1 61
 6 -37 1 63
 8 -58 1 61
 1 -51 1 64
 5 -31 1 63
 4 -29 1 72
 7 -20 1 72
 5 -45 1 72
 4 -77 1 72
 2 -3 1 72
 9 -96 1 72
 7 -10 1 72
 1 -100 1 72
 2 -37 1 72
 2 -85 1 72
 8 -60 1 72
 0 17475 0
