72
 0 -57 9 2 3 4 5 6 7 8 12 13
 7 -26 11 32 29 27 24 21 20 19 16 15 14 9
 9 -75 8 32 27 22 19 18 17 15 10
 7 -38 8 31 27 26 24 22 18 11 10
 4 -12 7 31 27 26 22 18 11 10
 3 -90 4 27 18 15 10
 8 -51 4 29 27 24 9
 4 -12 10 39 36 33 32 29 27 26 25 24 17
 10 -91 9 41 34 33 31 30 28 25 23 18
 5 -94 6 39 29 28 23 21 16
 1 -61 11 41 39 37 36 34 33 32 30 29 25 23
 6 -23 7 39 33 31 27 26 25 16
 4 -57 6 34 32 31 29 22 21
 8 -47 6 39 37 30 26 23 22
 2 -74 8 44 39 37 36 35 30 26 25
 5 -21 12 61 48 47 46 45 44 41 38 37 35 34 30
 9 -45 12 61 48 47 46 45 44 41 38 37 35 31 30
 2 -54 13 61 53 49 48 47 46 45 44 40 39 37 36 35
 9 0 9 48 47 46 44 38 36 35 34 30
 9 -80 9 61 47 46 45 44 36 35 34 30
 3 -83 9 49 46 45 44 41 38 37 35 33
 8 -36 6 42 41 38 36 35 25
 5 -51 11 61 53 49 48 47 45 44 42 40 38 35
 2 -82 9 47 46 44 42 41 40 38 35 34
 6 -5 10 61 56 53 52 50 47 46 45 43 40
 10 -38 7 56 52 50 48 41 40 34
 3 -17 6 53 52 49 45 44 35
 8 -16 6 71 53 49 46 44 36
 5 -15 8 71 57 53 52 48 47 46 42
 5 -86 6 69 57 50 43 42 40
 10 -6 5 53 52 49 43 42
 3 -17 4 71 53 52 35
 9 -74 7 71 57 56 54 51 50 48
 1 -49 7 71 70 60 54 53 51 49
 1 -34 7 69 57 56 55 54 51 50
 6 -29 3 52 50 43
 1 -3 2 43 42
 2 -39 7 71 67 59 57 56 55 52
 9 -18 3 69 55 42
 1 -95 7 71 70 66 64 60 54 51
 4 -80 8 68 67 66 65 60 59 55 53
 8 -88 6 68 64 60 59 56 51
 2 -46 5 70 60 55 54 51
 9 -80 5 69 59 55 51 50
 1 -92 9 71 69 68 67 66 65 64 59 57
 3 -23 7 69 66 65 64 60 58 54
 7 -69 5 68 66 59 55 51
 6 -25 8 70 69 67 66 65 63 58 55
 6 -24 5 69 66 63 57 55
 3 -89 6 67 66 65 64 62 60
 3 -24 4 67 65 63 58
 10 -86 4 69 68 65 62
 7 -74 3 69 64 58
 9 -19 2 68 59
 2 -65 2 64 62
 2 -60 2 70 66
 6 0 1 58
 9 -22 1 62
 6 -24 1 63
 1 -69 1 63
 2 -38 1 67
 6 -34 1 72
 1 -25 1 72
 5 -47 1 72
 3 -43 1 72
 6 -37 1 72
 9 -89 1 72
 5 -77 1 72
 8 -30 1 72
 10 -3 1 72
 5 -17 1 72
 0 16500 0
