72
 0 -86 5 2 3 5 7 13
 8 -70 3 18 6 4
 7 -85 6 18 16 15 12 11 8
 8 -97 5 16 15 12 11 8
 6 -3 5 19 16 14 12 10
 10 -88 4 16 15 11 9
 5 -100 4 19 17 15 9
 5 -45 2 19 9
 2 -63 4 26 25 21 14
 5 -76 4 26 21 17 15
 7 -69 5 26 24 23 21 20
 9 -41 4 26 23 21 17
 2 -75 2 26 14
 10 -57 4 24 23 22 20
 2 -33 4 24 23 22 20
 2 -45 5 32 29 28 25 21
 3 -78 4 32 29 22 20
 4 -51 4 32 23 22 20
 2 -99 3 32 22 20
 7 -54 4 33 30 28 27
 7 -94 2 27 22
 8 -59 3 33 31 30
 7 -36 3 36 33 31
 10 -13 3 37 32 29
 4 -42 3 34 33 30
 7 -66 2 33 31
 6 -62 5 40 39 37 36 34
 8 -77 2 37 31
 5 -26 2 39 31
 8 -18 6 48 43 42 40 39 35
 4 -100 3 43 40 34
 1 -75 5 48 43 42 39 35
 7 -7 5 48 46 41 39 37
 6 -92 3 48 42 35
 1 -67 3 45 44 38
 10 -79 6 47 46 45 44 43 41
 4 -23 4 56 45 43 42
 7 -13 5 55 52 47 46 41
 2 -30 7 62 59 55 52 51 49 45
 4 -3 6 62 55 52 50 49 47
 9 -56 6 59 56 53 51 50 49
 8 -41 4 62 55 53 44
 1 -66 6 62 59 53 52 51 49
 6 -17 3 52 51 50
 3 -14 3 54 53 50
 6 -57 3 59 56 54
 6 -95 3 61 59 51
 9 -45 3 62 60 52
 3 -33 3 61 57 54
 6 -69 4 71 61 60 57
 3 -33 2 57 54
 10 -17 3 71 61 57
 5 -96 3 71 58 57
 4 0 5 71 70 68 67 58
 10 -21 5 70 68 67 61 58
 7 -37 2 62 57
 8 -3 6 70 69 68 67 64 63
 8 -6 3 69 64 63
 8 -7 4 68 67 66 65
 4 -2 2 68 63
 4 -35 2 69 65
 9 -28 2 70 67
 4 -100 1 66
 3 -68 1 65
 8 -73 1 72
 4 -29 1 72
 3 -63 1 72
 5 -3 1 72
 3 -12 1 72
 10 -69 1 72
 7 -22 1 72
 0 17570 0
