72
 0 -98 12 2 3 4 5 6 7 8 9 10 12 13 15
 6 -27 9 27 26 22 20 19 18 17 16 11
 3 -11 7 24 22 21 19 17 16 14
 3 -34 8 38 35 28 27 25 20 17 16
 2 -20 6 38 26 19 17 16 14
 8 -64 8 35 33 27 25 23 22 20 16
 3 -73 7 38 35 28 27 19 17 16
 7 -21 8 39 33 32 26 24 23 22 20
 2 -4 6 38 35 26 23 19 16
 9 -99 8 44 38 35 27 24 23 20 19
 5 -50 10 44 40 39 38 35 33 30 28 25 23
 4 -58 9 44 39 38 36 35 32 30 25 20
 9 -24 9 44 40 39 38 35 33 30 29 23
 8 -73 8 40 39 35 33 32 31 27 23
 8 -63 6 44 40 35 30 29 23
 5 -71 10 47 46 44 41 40 39 36 32 30 29
 4 -22 5 44 39 33 31 23
 7 -49 5 44 32 31 30 23
 10 -88 8 52 46 43 42 33 31 30 29
 2 -17 9 52 46 43 42 41 40 37 31 29
 4 -3 9 52 47 46 43 42 40 36 30 29
 10 -40 8 47 46 44 43 42 38 30 29
 3 -50 10 52 48 47 46 45 43 42 41 37 36
 10 -44 8 52 48 46 45 43 41 40 34
 10 -13 7 52 50 48 47 46 45 34
 8 -27 5 47 45 43 42 34
 10 -6 3 45 43 30
 7 -71 1 29
 1 -98 4 50 48 45 34
 1 -72 6 71 54 51 50 48 37
 10 -39 3 48 47 34
 6 -33 7 69 54 52 49 48 45 42
 2 -87 6 51 50 49 48 47 41
 4 -15 8 71 70 67 56 55 54 51 49
 5 -30 8 71 70 68 67 57 53 50 46
 1 -83 7 70 67 55 54 53 51 50
 6 -59 8 70 69 67 57 56 55 53 49
 9 -75 6 71 68 65 55 54 48
 7 -5 9 69 68 67 61 60 58 57 56 55
 9 -76 8 70 69 68 67 65 61 55 54
 4 -60 8 71 70 69 67 64 63 56 53
 7 -22 7 71 70 66 65 62 55 53
 2 -77 4 69 63 50 49
 3 -75 9 70 67 66 65 62 61 60 58 55
 1 -70 9 70 68 67 64 61 60 59 58 57
 4 -80 7 69 65 62 61 60 58 55
 7 -37 6 68 67 61 60 58 55
 9 -4 4 67 66 63 53
 8 -65 7 68 66 62 61 60 59 58
 5 -19 6 66 65 64 62 60 59
 8 -16 6 69 68 65 64 63 58
 6 -73 5 63 62 61 59 58
 3 -26 4 61 60 59 58
 2 -86 3 60 58 57
 4 -47 3 64 63 59
 3 -63 2 66 65
 10 -6 1 62
 1 -96 1 72
 5 -9 1 72
 10 -41 1 72
 10 -78 1 72
 10 -24 1 72
 8 -85 1 72
 5 -2 1 72
 10 -48 1 72
 3 0 1 72
 2 -52 1 72
 2 -100 1 72
 1 -96 1 72
 5 -50 1 72
 4 -8 1 72
 0 17035 0
