62
 0 -25 13 2 3 4 5 7 8 9 12 13 14 15 16 22
 4 -42 5 26 17 11 10 6
 8 -30 5 28 27 19 11 10
 7 -92 6 29 28 27 25 19 10
 5 0 7 39 27 25 21 20 18 17
 3 -92 7 34 29 28 25 24 23 21
 5 -43 5 39 28 23 20 11
 5 -70 7 39 37 34 28 26 25 17
 6 -14 6 34 33 29 25 24 23
 3 -11 5 34 30 24 21 20
 5 -33 7 37 35 34 33 30 29 25
 4 -46 6 39 37 35 34 25 21
 7 -28 6 39 34 33 31 29 23
 10 -92 4 53 39 23 18
 3 -41 6 53 37 33 30 28 25
 6 -76 4 53 37 34 23
 7 -95 7 53 42 40 38 35 33 30
 1 -7 5 40 37 35 30 28
 3 -34 2 53 23
 8 -19 8 53 45 42 40 37 35 33 32
 10 -23 7 53 45 42 40 38 33 32
 9 -44 7 53 45 42 40 38 33 32
 8 -68 5 42 40 38 35 30
 3 -12 5 53 40 39 37 31
 7 -77 4 42 40 38 31
 10 -93 5 45 42 38 36 32
 8 -77 4 53 42 34 32
 6 -9 10 61 52 51 48 45 44 43 42 38 36
 10 -44 4 53 45 42 32
 1 -46 3 45 36 32
 8 -1 3 45 36 32
 4 -38 9 61 52 51 48 47 46 44 43 41
 1 -14 7 52 51 48 46 44 43 36
 1 -70 7 61 52 51 46 44 43 36
 10 -59 4 61 52 51 36
 9 -63 6 59 57 56 49 47 41
 8 -97 6 61 59 57 56 46 41
 1 -58 5 59 57 56 46 41
 3 -67 6 61 60 59 58 56 43
 8 -20 5 59 56 50 49 43
 9 -69 3 58 55 50
 6 -43 3 56 54 49
 7 -70 3 57 55 54
 7 -26 3 59 57 54
 5 -43 3 60 55 54
 3 -45 2 54 49
 4 -2 2 60 58
 8 -66 2 58 56
 9 -49 1 55
 6 -22 1 54
 4 -51 1 55
 9 -34 1 54
 2 -58 1 56
 5 -32 1 62
 9 -45 1 62
 6 -96 1 62
 8 -43 1 62
 8 -91 1 62
 1 -75 1 62
 4 -43 1 62
 10 -72 1 62
 0 14725 0
