62
 0 -86 9 2 3 4 7 8 9 11 15 17
 2 -40 5 30 23 19 6 5
 7 -21 7 24 20 19 18 16 13 10
 1 -92 10 32 30 26 24 23 22 21 19 16 14
 7 -75 6 32 22 21 20 16 14
 1 -62 6 29 22 21 20 14 12
 3 -5 10 37 36 32 30 29 28 27 23 22 20
 2 -29 6 32 29 23 22 20 14
 8 -74 6 37 32 29 28 22 20
 1 -42 5 35 33 32 21 14
 8 -6 7 37 36 34 32 29 28 20
 8 -2 9 37 36 35 34 32 31 28 27 25
 10 -92 7 36 32 31 29 27 26 22
 3 -44 8 46 37 36 34 31 28 27 25
 10 -36 8 42 35 34 33 32 31 29 25
 7 -37 9 46 42 38 36 35 33 31 29 27
 4 -14 8 46 38 36 35 31 30 29 28
 4 -57 6 38 36 35 33 31 29
 1 -70 5 42 36 33 31 25
 2 -13 5 38 35 33 31 26
 4 -49 4 46 34 28 27
 1 -26 4 46 41 34 25
 8 -45 4 46 41 34 25
 7 -80 4 40 38 37 31
 8 -13 6 53 48 47 45 39 38
 7 -77 6 52 44 43 42 41 40
 8 -97 8 53 52 48 47 45 44 43 39
 6 -93 5 52 43 42 41 40
 8 -42 6 52 50 45 44 41 40
 10 -41 6 52 48 44 43 41 39
 10 -13 7 59 52 50 48 47 45 41
 8 -96 7 61 53 52 51 46 45 44
 10 -93 5 53 52 50 45 40
 8 -42 4 52 51 43 40
 1 -54 7 60 51 50 49 48 47 44
 10 -26 3 60 52 39
 9 -89 6 61 60 53 51 49 44
 4 -53 4 60 52 44 43
 4 -12 8 61 59 58 56 55 51 50 49
 6 -1 6 61 59 57 55 49 47
 10 -91 6 60 58 56 53 51 49
 2 -33 4 61 56 51 45
 5 -30 4 56 55 50 49
 10 -92 5 59 58 57 56 55
 5 -84 3 60 55 49
 4 -39 3 59 54 50
 9 -78 3 58 56 54
 7 -65 2 56 54
 6 -72 1 54
 6 -16 1 57
 3 -16 1 54
 2 -23 1 55
 7 -87 1 55
 3 -19 1 62
 10 -32 1 62
 9 -31 1 62
 3 -39 1 62
 3 -26 1 62
 10 -38 1 62
 9 -71 1 62
 10 -12 1 62
 0 14665 0
