72
 0 -21 11 2 3 4 5 6 7 8 10 11 13 18
 8 -13 3 23 12 9
 7 -16 8 27 26 25 22 21 19 17 15
 6 -11 9 35 33 28 27 25 24 21 19 17
 7 -90 7 36 32 28 27 22 20 14
 8 -7 5 28 19 17 16 14
 4 -52 11 37 35 34 30 29 27 26 25 23 22 19
 7 -91 4 35 32 21 12
 3 -69 6 35 29 27 21 19 17
 7 -65 6 33 26 25 24 21 17
 2 -7 5 33 32 25 21 15
 3 -44 6 36 33 30 26 25 15
 9 -72 7 49 35 33 30 29 26 19
 3 -11 6 37 33 30 26 25 24
 6 -21 6 52 49 42 37 34 24
 5 -94 6 42 40 36 33 30 25
 4 -97 11 52 49 45 44 42 41 40 38 37 34 31
 3 -62 6 52 35 33 31 30 28
 7 -53 10 52 45 44 42 41 39 38 36 32 31
 7 -28 4 44 37 35 26
 7 -56 8 52 49 41 39 38 36 31 30
 9 -92 7 45 44 40 39 38 33 31
 1 -70 7 49 45 44 42 39 33 32
 3 -54 6 44 41 39 38 31 29
 6 -91 7 52 50 49 45 39 38 31
 7 -71 7 52 50 45 42 39 38 31
 2 -55 6 52 45 41 40 38 31
 7 -33 5 56 43 40 39 38
 3 -65 7 61 54 48 47 45 43 40
 10 -33 9 61 59 55 53 50 48 46 45 43
 5 -25 8 61 59 55 54 53 48 46 43
 3 -96 8 61 59 55 53 50 47 46 43
 4 -30 4 55 53 43 41
 9 -52 9 69 61 59 55 54 53 51 48 47
 10 -83 6 55 54 48 47 46 43
 3 -8 9 70 69 60 59 51 50 48 47 46
 8 -64 4 61 59 46 43
 3 -78 10 71 70 69 67 66 61 60 59 55 47
 5 -3 8 68 61 59 55 54 53 51 48
 1 -15 8 71 70 69 60 59 58 50 46
 4 -1 6 69 61 59 58 50 48
 8 -76 9 69 68 67 65 63 58 56 55 53
 7 -54 8 71 70 69 66 60 58 57 51
 9 -92 7 70 69 67 66 60 58 55
 5 -24 7 71 70 69 66 65 64 56
 1 -92 6 68 67 66 65 63 57
 6 -74 5 68 65 63 58 57
 7 -61 5 71 67 66 63 57
 7 -50 5 69 67 66 65 64
 4 -17 4 68 65 63 57
 1 -80 4 67 65 64 63
 6 -74 3 71 68 57
 7 -44 3 70 64 62
 5 -21 2 66 62
 8 -11 1 57
 9 -26 1 57
 9 -45 1 62
 3 -41 1 64
 9 -19 1 63
 2 -24 1 63
 9 -21 1 64
 2 -92 1 72
 2 -85 1 72
 8 -58 1 72
 9 -20 1 72
 1 -17 1 72
 9 -47 1 72
 6 -67 1 72
 6 -77 1 72
 8 -21 1 72
 3 -43 1 72
 0 17360 0
