72
 0 -21 12 2 3 4 5 7 8 9 10 12 14 15 17
 9 -47 6 22 19 18 13 11 6
 9 -32 7 27 26 23 22 21 20 13
 8 -54 9 32 28 27 26 24 23 22 21 16
 1 -89 3 21 20 11
 10 -47 8 41 31 28 26 24 23 21 20
 1 -43 8 41 33 29 26 25 23 21 18
 8 -35 5 30 27 26 22 13
 3 -55 3 33 21 11
 3 -18 6 32 30 27 26 24 16
 10 -78 9 41 40 31 30 28 27 26 24 23
 6 -15 4 41 26 21 16
 8 -6 9 45 42 41 40 32 31 29 25 24
 10 -94 3 30 24 16
 3 -33 6 35 32 31 30 27 23
 8 -50 7 45 42 40 34 33 31 25
 5 -42 7 58 45 41 40 31 30 26
 4 -100 7 45 40 38 34 32 31 30
 3 -65 8 58 45 42 40 37 35 34 31
 5 -87 4 42 36 33 25
 5 -50 7 58 42 40 37 36 35 30
 2 -6 11 71 53 52 48 45 44 43 42 41 39 38
 1 -22 8 58 45 44 43 42 37 36 34
 6 -86 6 58 46 37 36 35 34
 3 -57 5 52 39 38 37 35
 6 -78 4 44 43 37 34
 2 -21 4 45 39 38 37
 3 -45 6 70 58 52 46 39 35
 9 -32 6 70 58 52 43 39 37
 10 -70 8 71 70 68 52 48 47 46 39
 2 -53 4 53 43 39 36
 5 -97 4 53 44 39 36
 1 -30 7 71 70 52 50 48 44 43
 7 -5 5 70 68 52 47 39
 5 -21 7 71 57 53 50 49 47 44
 1 -92 10 70 69 68 67 66 57 56 52 50 49
 1 -94 8 71 68 67 54 53 49 48 47
 2 -51 6 70 66 58 54 47 46
 1 -58 7 69 66 57 56 51 50 49
 7 -64 9 71 68 67 66 63 57 56 55 54
 10 -17 8 70 66 65 64 63 62 54 51
 4 -78 5 67 65 64 51 47
 1 -32 5 68 67 62 54 49
 6 -80 9 69 68 67 66 64 63 62 60 56
 5 -48 8 69 68 67 66 64 63 60 55
 7 -62 4 67 62 61 49
 8 -9 6 63 62 61 60 56 55
 5 -55 6 69 66 63 61 60 59
 9 -38 4 65 64 60 55
 7 -71 4 63 62 60 59
 6 -92 3 61 60 55
 5 -55 2 62 54
 2 -74 2 64 55
 2 -84 2 61 60
 6 -34 1 59
 2 -16 1 59
 8 -60 1 59
 9 -39 1 65
 8 -85 1 72
 4 -16 1 72
 9 -18 1 72
 6 -22 1 72
 2 -46 1 72
 3 -78 1 72
 6 -75 1 72
 1 -45 1 72
 2 -91 1 72
 1 -17 1 72
 8 -62 1 72
 2 -63 1 72
 8 -90 1 72
 0 18475 0
