62
 0 -27 10 2 3 5 6 7 8 11 12 15 18
 9 -6 3 24 16 4
 9 -97 6 28 22 19 17 14 10
 6 -3 7 28 25 22 21 19 17 13
 1 -12 5 25 23 22 13 9
 4 -62 4 28 22 17 10
 1 -62 5 34 28 23 19 14
 2 -2 7 32 29 26 23 20 19 17
 4 -85 7 39 32 29 28 26 20 17
 6 -83 4 39 31 25 13
 4 -54 9 39 32 30 29 28 27 23 22 20
 5 -95 8 39 34 30 28 27 23 22 21
 8 -58 6 34 32 29 27 26 20
 6 -57 4 27 24 21 20
 8 -59 3 26 22 17
 6 -3 4 30 28 23 22
 7 -36 7 36 35 34 33 31 30 27
 1 -40 5 37 36 34 31 24
 9 -37 9 50 46 40 39 38 37 36 33 30
 3 -95 10 50 49 46 42 40 38 37 36 35 33
 3 -5 7 50 42 40 38 37 33 29
 3 -53 10 59 50 49 46 42 41 40 38 37 36
 4 -7 7 50 46 44 42 35 33 31
 1 -83 7 50 46 41 40 39 38 30
 4 -37 6 46 41 40 38 36 30
 10 -59 5 50 48 37 35 30
 2 -55 11 61 60 59 50 49 48 44 42 41 40 37
 6 -27 7 61 59 44 40 38 37 35
 2 -32 5 59 48 46 36 35
 5 -50 9 61 60 59 58 49 45 44 43 42
 7 -20 6 61 59 49 45 41 38
 2 -64 8 60 59 51 50 48 47 44 41
 10 -55 6 61 60 59 56 43 41
 6 -23 6 59 56 51 48 47 44
 4 -88 4 60 56 43 41
 6 -73 6 61 56 55 53 51 44
 4 -85 4 57 54 47 45
 9 -4 3 51 48 43
 8 -76 6 58 57 56 54 53 51
 2 0 3 54 51 47
 9 -44 5 58 57 55 54 52
 6 -69 3 56 54 51
 5 -23 2 52 47
 6 -87 3 57 54 52
 8 -94 3 56 53 52
 5 -71 3 60 55 53
 1 -80 2 55 53
 6 -92 2 54 53
 8 -45 2 55 53
 3 -2 2 56 52
 6 -32 1 52
 6 -22 1 62
 8 -27 1 62
 7 -97 1 62
 5 -12 1 62
 7 -74 1 62
 10 -33 1 62
 9 -37 1 62
 2 -52 1 62
 3 -60 1 62
 4 -57 1 62
 0 14895 0
