72
 0 -15 6 2 3 4 5 7 8
 6 -17 4 12 11 9 6
 3 -89 6 16 15 14 13 12 10
 6 -61 2 12 6
 7 -57 4 16 14 12 10
 8 -29 4 19 16 14 10
 4 -43 3 16 14 12
 8 -71 3 19 17 11
 8 -44 2 14 10
 1 -6 6 23 22 21 20 18 17
 5 -47 2 15 14
 9 -33 6 27 21 20 19 18 17
 1 -7 6 26 23 21 20 18 17
 6 -4 7 30 28 24 23 22 21 20
 2 -35 4 28 27 22 21
 8 -47 4 29 28 24 22
 9 -69 4 38 30 29 24
 7 -44 4 36 30 28 25
 5 -99 4 31 30 29 26
 9 -93 4 38 36 29 25
 6 -26 5 38 36 32 31 29
 4 -41 4 34 32 31 26
 2 -53 2 31 27
 2 -58 3 36 32 31
 9 -44 3 34 32 31
 1 -14 5 39 38 36 35 33
 9 -63 4 39 35 34 32
 7 -2 4 40 38 35 33
 9 -22 3 35 34 33
 3 -61 3 44 34 32
 7 -68 4 40 39 37 35
 8 -25 2 41 33
 7 -100 3 46 43 37
 8 -97 6 52 50 48 47 45 40
 5 -8 6 48 46 45 44 43 41
 3 -24 5 50 48 47 45 40
 2 -80 6 52 50 48 47 45 42
 1 -17 6 52 50 48 46 45 42
 1 -84 6 52 50 49 46 45 41
 6 -59 3 49 46 41
 5 -10 8 63 62 59 56 55 54 53 51
 1 -9 6 63 59 55 54 53 49
 10 -34 6 63 59 54 53 51 49
 7 -50 5 63 59 54 53 47
 2 -13 7 63 62 58 56 55 54 51
 9 -59 5 64 62 59 58 54
 4 -31 4 62 58 56 51
 10 -99 4 62 60 59 53
 10 -15 4 64 62 60 56
 6 -21 5 67 64 61 60 59
 7 -14 4 67 64 61 57
 4 -74 4 64 62 61 60
 4 -9 3 65 64 58
 10 -7 2 67 57
 1 -40 2 67 57
 2 -38 4 69 67 65 61
 5 -23 3 71 70 60
 5 -66 3 69 67 61
 9 -98 3 71 68 66
 4 -3 2 66 65
 6 -26 3 71 70 68
 3 -58 2 69 65
 6 -94 2 70 68
 8 -38 1 66
 8 -50 1 68
 6 -24 1 69
 7 -41 1 68
 2 -63 1 72
 4 -58 1 72
 1 -77 1 72
 3 -69 1 72
 0 15835 0
