72
 0 -99 5 2 3 4 5 7
 1 -30 3 16 13 8
 4 -51 2 9 6
 9 -61 4 13 11 10 9
 2 -75 4 16 13 10 9
 1 0 3 16 13 10
 8 -12 3 13 11 10
 10 -77 2 10 9
 1 -99 4 19 17 15 14
 2 -66 3 18 17 12
 4 -57 2 21 12
 10 -40 3 29 19 15
 10 -17 3 29 19 15
 9 -92 5 29 25 23 22 18
 4 -61 6 30 26 25 23 22 20
 1 -10 6 30 29 25 24 23 19
 9 -61 5 25 24 23 21 20
 7 -7 3 30 24 20
 3 -99 2 31 20
 2 -38 7 43 37 35 33 32 28 27
 1 -68 6 43 37 35 32 29 27
 1 -31 4 43 35 27 24
 4 -14 4 36 35 34 31
 8 -79 3 36 34 31
 7 -83 8 46 44 43 40 39 38 37 36
 4 -2 4 40 38 35 31
 3 -92 2 36 34
 2 -60 8 51 46 44 42 41 40 39 38
 4 -1 3 40 38 33
 1 -64 8 51 50 46 45 42 40 39 38
 4 -58 6 47 46 45 41 39 37
 7 -3 6 51 44 42 41 40 38
 10 -27 7 51 50 47 46 44 42 39
 5 -63 6 50 46 44 42 40 38
 7 -86 6 51 49 47 46 44 41
 10 -55 6 53 52 51 47 42 41
 8 -72 4 53 52 51 42
 6 -81 5 56 53 52 49 47
 5 -52 5 63 56 53 52 48
 6 -96 4 63 56 52 47
 4 -98 3 63 50 48
 4 -51 3 63 49 48
 4 -80 3 59 56 47
 10 -78 2 56 45
 9 -55 3 55 54 52
 6 -29 4 70 63 61 52
 10 -81 1 48
 7 -76 4 64 58 55 54
 10 -62 4 59 58 55 54
 2 -83 6 71 64 61 59 57 56
 4 -30 4 71 59 56 54
 1 -79 4 64 59 58 57
 3 -26 2 64 54
 8 -85 3 70 61 57
 1 -47 3 71 70 57
 1 -64 3 70 62 60
 5 -95 2 62 60
 10 -83 4 71 68 67 62
 7 -67 1 60
 3 -27 5 69 68 67 66 65
 4 -68 2 68 62
 10 -90 2 66 65
 2 -16 2 66 65
 8 -71 1 67
 3 -17 1 72
 10 -82 1 72
 5 -76 1 72
 4 -12 1 72
 10 -87 1 72
 3 -24 1 72
 2 -67 1 72
 0 20225 0
