62
 0 -21 12 2 3 4 5 6 7 8 9 12 13 14 37
 6 -67 13 43 40 39 36 32 29 27 23 22 21 19 18 11
 8 -87 11 41 39 35 34 30 29 23 21 18 16 10
 9 -55 10 39 35 34 32 29 27 26 25 16 15
 8 -70 10 36 32 29 28 27 26 25 22 20 15
 1 -86 10 41 36 35 34 32 26 24 20 17 16
 3 -39 7 41 30 29 28 27 19 18
 6 -35 7 61 39 34 23 22 20 16
 3 -35 11 60 48 46 45 44 42 40 34 33 29 25
 3 -30 7 61 48 40 36 27 26 20
 4 -100 5 48 26 25 24 20
 7 -5 14 61 60 48 47 46 45 44 43 40 39 38 34 32 30
 4 -22 8 61 48 46 39 32 27 26 24
 1 -51 8 46 45 42 40 35 33 29 24
 6 -74 4 43 38 24 21
 1 -86 13 60 58 57 48 47 45 44 43 42 40 38 33 31
 2 -65 9 61 58 57 48 47 46 45 39 27
 8 -22 8 61 58 48 46 45 42 38 24
 2 -41 8 61 45 44 42 38 35 34 33
 4 -37 9 60 59 57 46 45 44 42 38 31
 8 -41 8 59 58 57 56 46 42 33 31
 5 -31 8 57 56 48 47 46 45 42 31
 7 -10 8 59 58 57 55 51 46 45 38
 8 -48 10 60 59 57 55 54 53 52 51 47 44
 8 -66 8 61 59 58 57 56 51 50 41
 9 -70 7 58 54 51 47 45 44 38
 1 -58 4 60 44 38 31
 2 -18 6 59 57 53 52 46 39
 9 -48 5 55 54 50 47 38
 9 -68 7 58 57 56 54 52 51 49
 9 -61 6 55 54 53 52 51 50
 2 -8 6 58 55 54 51 50 49
 8 -2 5 53 52 51 50 49
 9 -2 5 59 55 53 51 49
 9 -5 5 58 57 54 52 50
 2 -1 5 60 59 55 51 49
 9 -95 5 55 52 51 50 49
 6 -2 4 56 53 52 49
 9 -18 4 56 54 51 49
 9 -31 4 56 52 50 49
 2 -56 4 55 53 52 49
 5 -100 3 53 52 51
 8 -95 2 54 51
 3 -100 1 50
 8 -62 1 50
 3 -9 1 50
 1 -47 1 49
 7 -51 1 50
 9 -27 1 62
 6 -98 1 62
 7 -26 1 62
 3 -2 1 62
 8 -29 1 62
 10 -70 1 62
 4 -50 1 62
 1 -21 1 62
 4 -71 1 62
 6 -94 1 62
 4 -96 1 62
 10 -70 1 62
 8 -60 1 62
 0 14725 0
