72
 0 -24 12 2 3 4 5 6 7 8 9 10 11 14 15
 10 -37 7 24 21 19 18 16 13 12
 3 -42 7 33 23 22 20 18 16 12
 10 -50 9 38 28 27 25 21 20 17 16 13
 5 -85 9 38 33 31 29 27 21 18 17 16
 9 -48 6 28 27 23 17 16 13
 10 -83 5 29 26 25 23 12
 6 -74 4 38 33 21 12
 6 -31 10 52 45 39 38 36 33 32 31 27 21
 4 -13 10 50 40 33 32 31 30 29 28 27 26
 10 -22 9 41 40 37 33 30 29 28 26 23
 10 -86 6 45 31 30 28 27 17
 4 -95 9 50 43 41 40 39 33 31 30 26
 4 -33 8 49 42 41 39 38 36 26 25
 9 -86 3 27 26 21
 1 -39 8 50 42 40 39 37 36 32 26
 2 -78 12 52 50 46 43 42 41 40 39 37 35 34 32
 1 -12 8 49 43 42 41 39 37 35 25
 10 -100 5 41 40 36 31 23
 6 -70 8 52 50 43 40 39 37 32 31
 3 -99 10 57 50 49 46 42 41 40 37 35 34
 10 -91 6 57 52 43 36 32 30
 6 -89 9 57 54 52 51 46 43 42 38 34
 1 -97 7 57 50 49 46 40 37 35
 4 -81 7 57 52 51 50 46 40 34
 9 -87 6 52 51 46 45 35 34
 8 -19 6 51 46 44 43 41 35
 5 -18 5 57 52 42 36 35
 2 -89 6 57 54 52 49 46 35
 10 -91 6 62 56 53 51 49 42
 4 -70 4 54 53 51 35
 3 -55 7 63 53 51 49 48 47 44
 5 -92 7 63 56 53 51 48 47 44
 4 -2 5 56 53 48 47 44
 2 -96 5 63 62 56 48 47
 8 -49 5 62 59 58 54 46
 1 -45 9 71 69 63 62 60 59 58 53 51
 8 -98 7 71 69 62 59 58 50 48
 4 -98 5 70 57 56 53 47
 4 -97 4 63 54 48 44
 4 -56 8 70 69 61 59 58 56 54 53
 1 -36 3 63 48 47
 8 -30 3 61 56 47
 1 -13 8 71 70 69 62 61 60 58 55
 5 -49 7 71 69 63 62 60 59 57
 5 -13 4 69 63 53 48
 7 -73 5 71 69 59 58 55
 8 -13 4 70 61 60 55
 1 -78 4 71 60 58 55
 1 -73 3 70 60 53
 4 -52 3 70 61 55
 4 -55 7 70 69 68 67 66 65 64
 5 -52 1 55
 4 -55 1 55
 4 -69 5 68 67 66 65 64
 9 -96 2 71 60
 10 -97 2 65 61
 6 -78 2 65 64
 2 -73 2 68 65
 1 -98 1 64
 10 -6 1 64
 4 -3 1 67
 1 -40 1 66
 3 -80 1 72
 4 -3 1 72
 2 -92 1 72
 10 -24 1 72
 4 -68 1 72
 6 -43 1 72
 1 -97 1 72
 9 -61 1 72
 0 21235 0
