72
 0 -55 6 2 3 4 5 6 12
 4 -80 4 19 10 8 7
 7 -8 5 19 17 11 10 9
 3 -62 7 27 19 18 17 15 14 13
 8 -55 6 27 19 17 14 13 11
 5 -98 4 27 13 11 10
 8 -16 5 27 18 17 13 11
 6 -51 4 17 15 14 13
 9 -9 5 27 26 22 20 15
 6 -37 4 20 18 16 14
 6 -1 3 26 22 15
 7 -69 2 16 14
 2 -69 4 24 22 21 20
 6 -72 4 26 24 22 21
 7 -24 1 16
 6 -47 4 30 24 23 21
 10 -68 4 33 32 31 24
 1 -42 4 31 29 28 26
 8 -17 4 33 32 31 24
 6 -95 3 32 30 23
 4 -25 5 33 32 31 29 28
 5 -14 4 33 29 28 25
 3 -87 3 33 31 28
 5 -46 2 29 28
 7 -46 4 37 36 34 31
 7 -83 4 43 34 33 32
 9 -8 3 36 33 32
 1 -50 5 43 38 37 36 34
 7 -97 3 36 35 34
 8 -6 6 44 43 42 39 38 37
 10 -8 5 45 43 42 39 35
 9 -47 4 44 39 37 35
 4 -73 4 45 42 39 35
 10 -22 7 52 49 48 45 44 42 40
 9 -67 2 48 38
 3 -19 2 40 39
 4 -13 4 52 48 45 41
 3 -73 3 52 49 40
 4 -90 4 52 49 48 46
 6 -43 1 41
 1 -63 4 56 51 47 46
 6 -61 4 59 56 47 46
 3 -47 4 56 51 47 46
 10 -49 4 56 53 51 47
 4 -99 6 59 56 55 54 53 50
 7 -81 6 71 61 57 55 54 53
 1 -3 3 55 54 50
 3 -30 3 59 56 50
 4 -60 6 71 61 59 57 55 54
 9 -69 8 71 70 68 65 64 61 58 57
 3 -44 7 71 70 68 65 64 58 57
 3 -29 4 70 58 57 54
 2 0 6 69 68 66 65 64 58
 2 -42 7 69 68 67 66 65 64 60
 3 -27 6 70 68 66 65 64 62
 10 -83 4 70 67 63 61
 8 -43 3 69 66 60
 2 -93 3 67 63 62
 10 -22 3 65 64 62
 3 -90 1 63
 10 -27 1 62
 9 -34 1 72
 10 -4 1 72
 3 -42 1 72
 3 -75 1 72
 9 -34 1 72
 10 -26 1 72
 2 -46 1 72
 1 -23 1 72
 10 -2 1 72
 6 -71 1 72
 0 16555 0
