62
 0 -95 14 2 3 4 5 6 7 8 9 11 12 13 17 18 19
 7 -92 10 39 36 30 28 26 25 24 22 16 14
 9 -24 8 31 29 25 23 22 21 16 10
 10 -53 11 61 42 38 32 28 27 25 23 21 16 15
 5 -4 13 61 58 43 38 36 33 32 30 29 27 26 21 20
 2 -14 9 61 42 38 36 33 32 27 25 15
 7 -3 10 61 43 38 35 31 29 28 27 23 16
 8 -14 7 60 58 39 30 25 22 20
 3 -53 13 60 59 57 43 41 39 38 32 31 29 28 26 25
 2 -13 8 41 38 35 33 30 28 26 24
 4 -5 11 59 58 57 45 43 41 36 35 32 29 26
 1 -22 11 61 60 59 58 57 55 43 41 38 29 26
 1 -14 5 58 42 40 27 22
 7 -10 9 57 42 40 38 37 35 32 31 27
 3 -74 12 59 58 57 56 52 43 40 39 37 35 34 31
 6 -38 12 60 59 58 57 56 53 52 45 41 40 34 33
 4 -65 15 61 60 59 58 57 56 55 54 53 52 47 45 41 37 35
 3 -23 9 60 58 57 54 52 40 38 32 31
 7 -1 8 60 57 43 41 40 37 34 29
 3 -93 10 57 56 55 53 52 42 41 35 34 31
 10 -42 11 59 56 54 53 52 49 47 44 41 40 35
 10 -70 8 61 57 52 49 48 43 38 33
 10 -92 8 56 55 54 53 52 40 37 34
 2 -7 8 61 59 58 57 54 50 47 32
 4 -94 8 55 53 52 47 45 44 40 37
 8 -58 6 56 53 52 40 37 34
 4 -82 9 60 59 54 52 49 47 45 44 41
 1 -90 8 58 55 53 52 49 47 46 44
 4 -59 7 54 53 52 48 47 46 42
 9 -15 5 52 50 47 46 42
 5 -71 5 51 49 47 46 45
 7 -37 5 55 53 51 46 44
 10 -34 5 55 54 50 47 46
 7 -37 4 49 47 46 44
 4 -75 4 51 50 48 46
 2 -20 3 52 46 44
 5 -61 3 51 50 49
 2 -20 3 56 47 46
 5 -7 3 55 54 46
 10 -44 2 51 46
 5 -56 2 48 46
 2 -41 2 51 49
 8 -91 2 53 47
 10 -90 1 48
 8 -72 1 50
 3 -28 1 62
 6 -92 1 62
 5 -98 1 62
 6 -11 1 62
 3 -4 1 62
 9 -56 1 62
 5 -95 1 62
 1 -79 1 62
 6 -18 1 62
 2 -6 1 62
 7 -52 1 62
 4 -65 1 62
 1 -5 1 62
 1 -85 1 62
 6 -65 1 62
 7 -65 1 62
 0 14495 0
