72
 0 -33 9 2 3 4 5 6 7 8 9 11
 3 -21 5 20 18 14 12 10
 4 -1 5 18 15 14 13 10
 7 -18 4 20 19 14 12
 7 -12 4 18 16 14 13
 1 -14 3 17 15 12
 10 -34 3 20 17 12
 3 -69 2 14 13
 9 -86 4 22 21 18 17
 8 -62 4 24 22 21 17
 3 -71 4 24 22 21 17
 7 -79 1 13
 5 -98 5 28 26 24 22 21
 8 -44 3 24 22 17
 3 -65 4 26 24 22 20
 1 -98 3 24 23 20
 1 -17 6 34 28 27 26 25 23
 9 -50 6 34 28 27 25 24 23
 9 -3 5 34 27 25 24 23
 1 -80 4 34 28 27 25
 3 -4 3 34 25 23
 2 -41 3 34 32 27
 7 -75 4 35 32 31 29
 6 -65 4 33 32 31 29
 1 -91 3 35 32 31
 3 -11 3 33 32 31
 5 -76 2 30 29
 5 -14 3 36 33 32
 2 -58 3 40 37 36
 1 -62 2 38 31
 9 -9 4 50 41 40 36
 2 -5 4 45 44 42 37
 8 -4 7 50 49 45 43 42 41 40
 9 -25 6 50 45 42 41 39 38
 4 -35 5 53 50 45 44 38
 5 -12 4 49 45 42 39
 1 -41 4 53 50 41 38
 3 -97 5 49 48 47 46 43
 10 -85 4 53 48 46 43
 7 -33 4 53 48 46 44
 10 -87 4 56 51 48 47
 4 -29 2 48 46
 1 -97 5 58 56 54 52 51
 2 -97 5 71 56 54 52 51
 8 -90 2 54 47
 6 -37 4 71 57 56 52
 8 -96 4 71 61 57 52
 3 -46 3 59 58 54
 6 -37 3 59 58 54
 5 -25 5 70 69 68 60 59
 8 -21 4 66 63 61 57
 8 -53 2 60 55
 5 -8 2 70 56
 1 -74 5 70 69 68 63 60
 9 -7 4 69 68 62 59
 2 -74 3 68 61 59
 9 -26 5 70 69 68 67 65
 9 -87 5 70 69 68 66 64
 3 -51 4 67 66 64 63
 7 -40 4 67 66 65 62
 4 -54 1 62
 1 -79 1 64
 3 -85 1 65
 5 -100 1 72
 7 -8 1 72
 9 -74 1 72
 8 -76 1 72
 8 -64 1 72
 1 -87 1 72
 10 -79 1 72
 9 -33 1 72
 0 18095 0
