62
 0 -91 12 2 3 4 6 7 8 10 11 13 14 15 18
 3 -23 2 12 5
 8 -53 4 34 29 21 9
 6 -86 9 34 29 27 25 24 23 20 19 17
 10 -67 3 34 21 9
 9 -92 3 29 17 16
 9 -18 2 34 9
 8 -80 8 34 28 27 26 25 23 20 19
 8 -18 6 27 25 23 20 19 17
 6 -7 6 34 27 25 23 20 17
 3 -48 4 25 24 20 17
 1 -86 7 32 31 28 27 23 22 21
 3 -38 7 32 30 28 27 26 23 20
 9 -75 7 37 34 27 26 25 24 19
 6 -36 7 38 34 32 30 28 27 20
 6 -74 6 34 30 25 24 23 20
 2 -61 8 40 39 37 33 32 30 28 26
 10 -30 9 47 44 40 39 37 35 34 30 27
 8 -5 9 47 45 44 43 40 39 36 32 30
 5 -80 8 47 45 41 39 37 35 33 31
 3 -86 9 54 47 45 44 37 36 35 33 30
 4 -68 8 45 44 40 39 38 37 36 33
 3 -53 8 54 44 40 38 37 36 35 33
 3 -70 8 54 47 45 44 42 38 36 33
 1 -8 5 44 42 41 39 36
 10 -86 7 54 53 50 47 45 42 36
 5 -63 6 54 53 50 43 42 36
 8 -16 4 54 50 44 35
 10 -87 8 60 54 53 50 49 48 46 43
 5 -27 6 61 53 48 46 42 41
 1 -64 6 60 50 49 46 44 40
 8 -9 3 46 42 35
 3 -22 6 60 53 50 49 46 43
 2 -98 9 61 60 59 58 57 54 52 49 48
 3 -73 8 61 60 59 58 57 52 49 48
 10 -12 6 61 60 58 49 48 46
 1 -52 4 52 49 43 42
 6 -98 3 60 56 41
 3 0 6 61 60 58 54 50 48
 9 -57 6 61 58 57 56 52 51
 10 -72 5 59 58 57 52 49
 9 -96 4 60 57 56 51
 1 -6 4 59 58 57 51
 6 -46 4 59 58 56 53
 7 -78 4 59 57 56 51
 4 -57 3 57 56 52
 3 -2 2 56 49
 6 -5 2 56 51
 9 -33 1 51
 7 -24 1 51
 8 -77 1 55
 2 -74 1 55
 4 -62 1 55
 1 -80 1 55
 3 -32 1 62
 9 -57 1 62
 1 -64 1 62
 5 -58 1 62
 1 -25 1 62
 5 -12 1 62
 5 -41 1 62
 0 15590 0
