72
 0 -51 4 2 3 7 9
 5 -86 5 21 14 11 8 5
 9 -74 1 4
 5 -86 4 21 20 6 5
 4 -25 5 17 15 13 12 10
 3 -60 4 17 15 14 10
 2 -23 3 17 15 11
 5 -66 4 20 18 16 15
 9 -75 5 28 21 20 19 17
 6 -2 3 24 18 16
 10 -57 2 26 13
 1 -98 3 24 19 18
 4 -1 3 28 24 16
 4 0 5 35 28 26 23 19
 6 -99 4 35 26 23 19
 9 -36 3 35 23 19
 7 -14 8 37 35 33 27 26 25 23 22
 6 -45 7 37 35 33 31 28 26 23
 5 -14 7 37 36 33 31 27 25 22
 5 -94 6 37 35 31 25 24 23
 4 -1 4 35 31 29 27
 5 -38 2 34 29
 8 -88 3 36 34 32
 10 -28 3 36 34 32
 2 -45 1 29
 3 -25 1 29
 8 -61 4 44 38 34 32
 2 -39 3 39 36 32
 8 -78 2 38 30
 1 -100 3 44 39 32
 3 -45 3 44 38 32
 2 -33 6 47 45 43 42 41 40
 8 -79 6 47 45 44 43 41 40
 2 -6 5 45 43 42 41 39
 2 -89 4 47 44 41 38
 7 -33 3 44 41 38
 2 -56 5 47 45 44 43 42
 4 -70 5 51 49 46 45 43
 8 -46 6 54 52 50 49 47 46
 9 -31 6 54 53 52 49 48 46
 10 -82 5 55 53 52 50 49
 5 -89 3 51 49 48
 2 -50 5 57 56 54 53 52
 9 -69 4 57 56 53 48
 8 -85 3 53 52 48
 1 -39 4 58 57 56 55
 4 -11 4 64 62 59 51
 6 -27 6 66 62 60 59 58 55
 6 -41 4 66 64 57 56
 6 -79 6 65 64 62 61 60 58
 10 -84 2 66 53
 5 -38 5 66 65 64 61 60
 9 0 5 71 65 61 60 58
 2 -26 5 71 65 61 60 58
 7 -30 4 70 65 64 61
 9 -2 3 65 63 60
 5 -8 2 62 59
 5 -41 3 70 69 63
 8 -75 2 65 63
 4 -26 4 70 69 68 67
 2 -12 1 63
 1 -52 1 63
 5 -2 2 68 67
 5 -61 2 71 69
 9 -22 1 69
 1 -49 1 67
 10 -29 1 72
 6 -41 1 72
 9 -72 1 72
 9 -47 1 72
 3 -21 1 72
 0 16535 0
