72
 0 -28 5 2 3 4 5 9
 10 -54 5 16 12 10 7 6
 7 -92 6 22 18 16 13 11 7
 4 -78 5 22 16 12 11 7
 10 -31 3 10 8 7
 9 -63 4 22 20 13 11
 4 0 5 21 19 17 15 14
 7 -33 3 20 19 11
 7 -16 2 22 11
 7 -8 7 27 25 24 23 22 21 20
 6 -38 5 24 23 21 17 15
 2 -62 4 23 19 17 15
 3 -19 3 24 21 15
 6 -42 4 25 24 23 20
 5 -91 4 30 29 27 25
 7 -29 4 37 28 24 23
 1 -83 6 36 34 30 28 27 26
 4 -50 2 29 21
 8 -77 3 37 34 25
 2 -29 6 37 36 34 31 30 26
 4 -13 5 37 36 31 30 26
 6 -56 5 37 36 31 30 26
 5 -21 4 31 30 29 26
 4 -39 4 36 34 31 26
 10 -6 3 36 28 26
 6 -51 7 49 46 43 41 38 33 32
 7 -52 8 49 47 45 43 41 39 38 37
 8 -66 5 49 44 43 42 31
 8 -60 5 49 47 38 34 33
 9 -85 7 49 47 46 45 43 41 38
 9 -4 5 47 46 45 41 38
 10 -34 4 51 45 39 35
 6 -29 4 48 44 40 39
 9 -100 4 48 45 42 41
 1 -38 4 48 44 42 40
 4 -23 4 48 45 43 40
 10 -38 5 56 51 50 48 44
 5 -65 2 48 40
 9 -40 2 56 42
 10 -39 5 56 55 54 53 50
 10 -25 5 56 54 53 52 51
 1 -6 4 55 54 53 50
 3 -10 4 56 55 54 50
 4 0 5 60 55 54 53 52
 7 -19 3 55 54 50
 10 -93 5 60 59 56 54 53
 6 -19 2 54 50
 7 -86 3 60 59 54
 6 -71 3 60 54 53
 5 -92 2 60 52
 4 -72 4 60 59 58 57
 7 -84 4 61 59 58 57
 1 -10 3 61 58 57
 3 -69 2 58 57
 1 -6 2 58 57
 10 -51 3 63 62 61
 1 -56 4 71 64 63 62
 3 -96 3 71 63 62
 5 -56 3 71 64 62
 9 -17 2 63 61
 4 -34 5 71 70 69 68 64
 2 -55 4 70 69 68 65
 6 -25 2 68 67
 1 -93 1 66
 8 -97 1 66
 2 -67 1 67
 2 -99 1 72
 3 -47 1 72
 9 -55 1 72
 8 -14 1 72
 8 -94 1 72
 0 17000 0
