62
 0 -23 16 2 3 4 5 6 7 9 10 11 13 17 18 21 23 28 30
 5 -11 3 24 14 8
 5 -50 7 61 34 32 25 20 16 12
 8 -44 6 39 38 34 25 19 12
 6 -14 7 39 31 27 25 20 19 14
 8 -52 6 39 34 29 25 20 12
 4 0 9 43 39 34 31 25 24 20 19 15
 10 -52 8 57 39 35 33 31 22 20 15
 1 -95 6 43 39 33 26 24 19
 10 -93 10 61 60 57 46 39 38 36 35 26 25
 10 -19 9 61 59 43 38 37 33 29 27 25
 5 -2 9 60 56 45 43 42 33 31 27 26
 1 -11 10 60 59 46 43 39 38 37 33 31 29
 6 -21 8 56 46 45 41 36 35 32 26
 7 -91 10 61 60 55 51 46 45 44 38 36 29
 4 -27 7 57 45 44 41 39 36 35
 2 -5 7 57 56 45 43 41 35 31
 7 0 7 57 56 45 43 42 35 31
 7 -17 6 61 57 55 46 35 29
 10 -38 9 60 55 52 51 46 45 44 40 38
 5 -35 6 59 57 46 44 37 35
 4 -95 10 59 58 55 54 53 52 50 45 43 41
 4 -51 9 60 59 58 52 51 47 46 41 36
 7 -53 10 60 59 57 56 54 52 51 50 45 41
 8 -80 9 56 55 53 51 45 44 42 41 40
 2 -3 7 59 58 55 53 51 44 37
 7 -59 6 57 52 47 41 36 35
 7 -32 6 59 58 57 56 55 33
 10 -8 7 56 54 53 52 50 42 41
 8 -2 7 59 58 56 55 52 51 40
 4 -79 6 55 53 52 51 44 40
 7 -36 7 57 52 51 50 49 48 44
 2 -77 6 54 52 51 49 48 44
 8 -14 6 60 54 53 52 49 47
 9 -65 4 54 53 51 40
 9 -26 5 54 53 50 49 48
 5 -20 3 52 49 40
 1 -33 4 58 53 49 47
 9 -13 4 56 55 52 51
 10 -25 2 50 48
 8 -38 2 49 48
 10 -1 2 49 47
 9 -64 2 51 47
 3 -59 1 47
 10 -4 1 47
 2 -7 1 50
 4 -41 1 62
 7 -44 1 62
 6 -81 1 62
 6 -71 1 62
 7 -4 1 62
 8 -68 1 62
 7 -69 1 62
 9 -68 1 62
 7 -30 1 62
 2 -14 1 62
 7 -44 1 62
 1 -80 1 62
 6 -77 1 62
 4 -26 1 62
 1 -93 1 62
 0 12270 0
