62
 0 -5 12 2 3 4 5 6 7 8 11 12 17 24 32
 1 -33 8 35 33 27 23 18 15 13 10
 9 -4 6 36 30 27 20 13 9
 4 -85 9 61 44 37 34 29 27 25 18 14
 10 -38 8 34 31 29 28 27 25 23 16
 5 -10 11 60 44 43 37 33 31 30 29 28 22 20
 7 -18 9 44 43 37 30 29 28 25 21 20
 4 -41 11 60 58 46 44 37 35 34 30 28 26 22
 2 -39 9 58 44 37 35 34 31 28 26 25
 6 -96 7 61 42 36 29 25 20 19
 8 -70 7 58 44 37 29 26 22 18
 3 -92 6 60 37 29 26 22 18
 1 -14 11 61 59 58 55 46 43 38 37 31 29 28
 5 -44 6 60 43 42 41 30 20
 2 -6 6 58 57 42 34 30 22
 8 -15 7 60 59 58 41 37 35 26
 4 -46 9 56 55 54 46 44 42 41 38 29
 7 -60 7 57 52 46 43 41 38 28
 1 -4 6 60 58 53 46 44 26
 1 -15 5 59 58 53 46 26
 2 -66 11 61 58 57 56 54 53 52 50 48 45 38
 6 -72 10 61 59 56 55 54 50 49 45 41 40
 7 -27 9 60 58 56 55 53 44 42 41 39
 1 -48 4 60 55 38 29
 7 -73 11 60 59 56 55 54 52 50 49 48 46 41
 4 -50 7 57 55 54 50 45 40 38
 3 -89 8 57 56 53 50 49 48 45 41
 2 -41 6 56 54 53 45 42 39
 5 -64 5 53 50 45 40 39
 5 -67 6 55 54 52 51 48 39
 3 -5 6 56 52 51 48 45 39
 4 -11 4 53 50 43 38
 8 -83 6 57 55 54 53 50 45
 7 -95 5 54 53 52 50 43
 2 -82 4 53 48 39 38
 6 0 2 46 40
 4 -39 4 54 52 48 47
 7 -18 3 51 49 47
 10 -92 2 49 47
 9 -52 2 52 48
 5 -13 2 51 47
 5 -31 2 50 48
 6 -12 2 49 48
 4 -67 2 49 48
 10 -49 1 47
 6 -89 1 47
 8 -50 1 62
 6 -38 1 62
 4 -1 1 62
 4 -11 1 62
 7 -66 1 62
 2 -43 1 62
 8 -60 1 62
 3 -80 1 62
 1 -60 1 62
 1 -90 1 62
 6 -86 1 62
 3 -6 1 62
 1 -78 1 62
 9 -8 1 62
 10 -60 1 62
 0 14035 0
