72
 0 -47 13 2 3 4 5 6 7 8 9 10 12 13 15 17
 9 -73 8 33 30 29 28 27 24 19 11
 2 -57 7 47 31 28 26 25 21 14
 1 -41 9 47 31 30 29 26 25 24 20 16
 6 -77 8 48 33 30 29 27 25 20 19
 6 -89 9 42 34 32 30 29 28 26 22 19
 1 -10 8 47 45 31 28 26 25 23 20
 4 -44 6 35 30 29 25 20 19
 5 -25 6 48 35 30 23 20 18
 6 -19 9 48 47 45 42 33 31 29 26 25
 7 -25 8 47 45 42 39 32 31 26 23
 8 -70 8 48 47 45 42 38 35 29 24
 8 -79 8 48 42 41 38 35 32 30 29
 8 -65 5 42 33 32 30 29
 10 -10 5 41 34 31 30 25
 8 -10 9 48 46 45 44 41 37 35 34 32
 9 -32 7 49 47 42 41 32 31 30
 8 -60 6 47 45 44 34 32 31
 1 -12 8 47 45 43 41 39 38 36 31
 9 -64 8 53 44 43 42 39 37 36 34
 7 -3 5 53 44 39 34 30
 4 -35 8 53 46 44 41 40 39 38 37
 4 -36 7 54 53 46 44 41 36 34
 1 -47 6 49 46 44 41 37 32
 1 -89 5 46 44 40 39 32
 6 -68 7 54 49 44 43 41 36 35
 4 -7 6 43 42 41 38 37 35
 4 -37 8 54 53 49 48 46 44 40 36
 6 -86 5 46 44 43 39 37
 9 -31 6 54 50 46 45 43 36
 9 -38 6 59 53 51 46 40 37
 3 -27 5 54 53 50 43 36
 8 -9 5 55 54 41 40 38
 6 -68 4 50 49 40 38
 4 -2 5 63 59 53 50 40
 4 -89 8 64 63 62 60 59 55 52 51
 1 -89 5 63 56 54 52 50
 1 -50 6 63 62 60 59 52 51
 9 -75 5 63 62 61 59 49
 9 -15 6 64 62 61 60 56 52
 7 -25 5 63 60 58 56 50
 1 -34 3 63 58 46
 6 -35 4 64 60 56 52
 7 -49 3 60 58 50
 9 -19 5 64 62 60 59 55
 4 -3 5 69 61 60 57 56
 2 -68 5 69 62 60 57 56
 3 -79 4 63 60 58 56
 8 -88 3 60 58 55
 7 -49 6 71 70 69 62 61 57
 3 -26 6 71 70 69 68 61 57
 6 -4 4 70 68 58 57
 1 -50 5 70 68 67 66 58
 1 -36 5 70 69 67 61 60
 2 -81 3 70 69 57
 3 -33 5 71 70 68 67 66
 3 0 3 67 66 65
 2 -68 3 71 69 65
 7 -26 3 67 66 65
 1 -26 1 68
 4 -70 1 65
 4 -3 1 68
 4 -39 1 66
 5 -76 1 65
 2 -13 1 72
 6 -62 1 72
 4 -8 1 72
 8 -8 1 72
 9 -11 1 72
 7 -30 1 72
 2 -78 1 72
 0 15035 0
