72
 0 -89 5 2 4 5 7 8
 8 -57 3 15 9 3
 8 -99 3 17 12 6
 10 -27 2 12 6
 7 -7 3 16 11 10
 4 -18 6 21 20 16 14 13 11
 1 -12 4 20 16 12 11
 8 -39 6 21 20 17 16 14 13
 7 -76 4 21 18 16 14
 4 -36 5 21 20 19 14 13
 8 -24 3 28 23 18
 1 -62 3 24 21 14
 1 -51 5 30 28 24 23 22
 1 -89 5 31 30 28 23 22
 10 -44 5 31 30 26 23 22
 7 -72 3 26 23 19
 9 -24 3 23 22 19
 9 -74 5 33 30 26 24 22
 3 -61 5 33 31 30 29 25
 4 -94 3 30 28 24
 5 -15 4 39 30 29 27
 3 -55 3 39 29 27
 2 -88 2 33 25
 4 -44 4 44 39 31 29
 1 -75 3 39 32 27
 8 -26 6 45 44 39 37 34 32
 9 -70 8 45 44 43 40 38 37 36 35
 7 -34 6 45 43 39 38 35 33
 4 -44 5 45 36 35 34 32
 1 -6 6 45 44 43 40 38 37
 9 -12 5 47 45 43 40 38
 10 -51 6 52 47 43 42 41 40
 4 -48 6 52 47 44 42 41 40
 9 -16 4 48 47 43 38
 6 -68 6 52 50 48 47 42 41
 7 -9 6 52 50 48 47 42 41
 1 0 5 52 48 47 46 42
 9 -99 3 50 42 41
 8 -65 4 50 49 47 41
 4 -93 5 65 58 56 50 48
 6 -27 4 64 58 54 46
 10 -47 4 54 53 51 49
 1 -47 4 56 54 53 49
 9 -28 5 58 56 55 53 50
 5 -20 5 65 64 63 61 55
 1 -55 3 56 55 53
 3 -67 3 63 58 53
 9 -64 3 64 55 54
 10 -3 4 64 61 58 55
 3 -68 4 64 63 61 57
 8 -38 4 64 63 61 57
 7 -30 3 63 61 56
 9 -68 3 65 61 57
 3 -38 3 63 61 57
 6 -84 1 57
 2 -97 1 57
 5 -51 4 71 70 60 59
 3 -80 4 71 70 60 59
 9 -42 2 69 62
 7 -99 2 67 66
 9 -92 2 67 66
 5 -46 2 68 67
 2 -67 2 69 67
 9 -84 2 69 67
 2 -50 2 69 67
 5 -53 1 68
 7 -99 1 72
 2 -62 1 72
 7 -22 1 72
 1 -52 1 72
 9 -9 1 72
 0 18310 0
