72
 0 -65 5 2 3 4 5 6
 4 -78 7 20 18 14 11 9 8 7
 1 -48 6 22 20 18 13 11 9
 10 -35 3 18 11 8
 1 -30 3 18 14 8
 9 -25 4 20 18 12 10
 4 -72 4 22 17 15 13
 2 -39 2 22 10
 3 -84 2 16 10
 8 -50 3 21 17 15
 4 -46 1 12
 7 -49 3 27 25 17
 3 -86 3 25 21 19
 4 -86 3 27 25 17
 7 -62 3 27 25 19
 4 -42 2 25 17
 6 -79 1 19
 9 -69 1 19
 8 -46 4 40 31 30 23
 4 -3 4 40 31 30 23
 9 -73 7 40 36 32 31 29 28 27
 9 -72 3 30 29 24
 3 -22 2 29 24
 4 -55 5 36 34 32 28 26
 2 -24 5 34 32 29 28 26
 1 -24 5 41 39 38 35 33
 4 -91 4 38 35 34 33
 5 -96 4 41 39 37 35
 2 -18 3 41 38 33
 10 -32 3 42 39 34
 4 -48 3 42 38 34
 7 -80 5 48 44 43 42 41
 4 -59 3 45 43 37
 4 -56 5 48 46 45 44 43
 3 -91 5 52 48 45 43 42
 4 -22 2 42 37
 4 -64 4 49 48 46 44
 8 -75 6 52 50 49 48 47 46
 7 -41 4 54 52 45 43
 6 -82 2 43 42
 8 -85 3 52 50 45
 5 -94 3 49 47 46
 1 -98 4 55 53 50 47
 10 -83 4 53 52 50 47
 9 -51 3 53 49 47
 10 -81 8 71 70 63 59 56 55 54 53
 4 -52 4 63 61 59 51
 1 -68 4 70 61 59 51
 4 -89 7 70 63 62 59 58 56 55
 6 -6 8 70 69 63 62 61 58 57 56
 5 -63 5 71 62 58 57 56
 8 -37 4 69 61 57 56
 9 -94 6 68 66 62 61 60 58
 10 -52 5 69 68 66 61 58
 5 -49 4 69 65 60 57
 4 -46 4 68 67 66 60
 6 -33 3 67 66 64
 4 -89 2 65 64
 8 -82 2 69 65
 10 -47 1 64
 3 -26 1 65
 5 -22 1 67
 7 -13 1 68
 6 -94 1 72
 10 -7 1 72
 8 -82 1 72
 9 -18 1 72
 5 -63 1 72
 3 -67 1 72
 9 -100 1 72
 3 -1 1 72
 0 20055 0
