72
 0 -39 11 2 3 4 5 7 9 10 11 14 16 19
 1 -24 5 27 22 17 12 8
 5 -82 4 21 18 15 6
 2 -20 6 35 28 24 22 18 13
 7 -17 4 31 20 17 13
 5 -40 7 32 31 26 24 23 22 17
 4 -40 5 32 27 26 21 18
 5 -50 4 31 28 24 13
 5 -19 4 35 31 20 13
 8 -59 6 49 32 27 26 25 21
 1 -5 5 32 26 23 22 18
 4 -76 4 32 26 21 20
 9 -88 5 49 32 26 25 21
 10 -11 4 49 35 25 21
 3 -66 4 35 33 26 20
 5 -14 6 49 36 35 33 30 25
 3 -27 9 49 42 37 36 35 34 33 30 29
 1 -83 3 44 33 20
 3 -70 5 49 36 35 29 23
 10 -96 5 49 48 40 36 25
 10 -96 4 51 36 33 23
 5 -53 4 44 40 36 25
 5 -67 6 45 42 41 38 34 30
 5 -82 6 48 45 42 40 34 29
 7 -89 4 42 37 34 29
 4 -82 5 55 48 47 44 29
 8 -49 4 43 41 37 31
 8 -2 9 71 51 50 48 47 46 45 42 40
 3 -1 5 51 50 43 41 38
 6 -23 8 64 54 52 50 48 46 44 40
 2 -69 7 71 69 51 50 47 42 39
 6 -74 6 66 54 50 44 41 39
 5 -62 10 70 69 65 55 54 53 50 48 47 46
 4 -46 10 71 69 68 66 57 55 52 50 47 43
 3 -36 9 67 65 61 60 53 52 51 50 46
 5 -83 10 71 69 68 67 66 63 60 57 53 43
 3 -98 10 71 69 66 65 63 58 55 53 47 45
 9 -83 6 71 70 66 64 54 39
 3 -54 8 67 63 61 60 58 56 52 46
 2 -13 4 69 68 55 43
 9 -73 8 70 69 63 61 60 57 56 53
 4 -98 7 67 65 63 59 58 56 53
 2 -100 7 70 65 62 61 59 58 56
 4 -10 7 71 67 65 62 58 57 56
 8 -21 5 67 60 57 56 52
 8 -57 4 68 62 59 57
 3 -75 4 64 61 60 56
 9 -5 4 66 62 57 56
 8 -45 4 61 58 57 56
 9 -29 3 63 58 56
 1 -83 2 66 54
 7 -34 1 59
 6 -22 1 64
 7 -100 1 56
 1 -82 1 60
 2 -57 1 72
 10 -36 1 72
 6 -18 1 72
 6 -69 1 72
 7 -58 1 72
 3 -34 1 72
 6 -27 1 72
 8 -79 1 72
 8 -36 1 72
 10 -48 1 72
 9 -81 1 72
 5 -84 1 72
 5 -71 1 72
 6 -16 1 72
 10 -94 1 72
 6 -89 1 72
 0 19095 0
