72
 0 -96 11 2 3 4 5 6 7 8 10 12 15 18
 1 -50 9 24 23 22 21 20 19 17 14 13
 10 -33 8 29 24 23 22 21 20 17 16
 9 -14 7 24 23 22 20 19 16 11
 10 -72 4 22 20 19 9
 8 -4 4 22 19 16 9
 8 -36 7 29 26 24 23 21 19 16
 8 -6 8 38 29 27 26 23 22 21 20
 2 -45 4 26 24 23 13
 5 -2 8 38 36 35 34 32 30 27 21
 8 -91 7 41 36 35 32 30 29 21
 1 -77 6 38 35 34 32 27 21
 8 -82 13 46 45 40 37 36 35 34 33 32 31 30 29 27
 3 -6 13 46 45 40 39 38 37 35 34 32 31 30 27 25
 8 -100 8 45 38 35 31 29 28 25 24
 8 -68 11 46 45 40 39 38 37 35 31 30 27 25
 7 -57 10 46 39 36 35 34 32 31 30 26 25
 5 -4 9 46 36 35 34 32 29 27 26 25
 7 -35 11 53 52 49 45 43 39 38 37 36 35 28
 6 -26 10 49 46 45 41 40 39 37 35 33 30
 7 -77 7 53 45 39 37 31 28 25
 6 -6 10 53 46 45 43 41 40 36 35 34 31
 10 -35 6 53 46 39 36 31 25
 1 -59 8 53 52 50 46 44 43 34 32
 8 -62 6 62 50 49 47 44 33
 1 -13 6 49 47 43 42 41 40
 10 -74 8 71 60 50 48 47 44 42 41
 5 -51 6 62 55 46 44 42 40
 2 -12 8 62 61 60 53 52 51 47 39
 10 -79 8 62 60 59 55 53 47 44 42
 8 -91 8 70 62 60 59 50 48 47 42
 6 -34 5 70 59 49 47 42
 6 -23 8 71 61 59 58 54 52 51 43
 9 -13 7 71 70 62 60 55 54 42
 4 -53 6 71 62 50 48 47 44
 9 -100 8 71 62 61 60 59 56 50 48
 4 -32 7 71 70 69 60 59 50 48
 3 -37 9 71 70 68 59 58 57 56 54 51
 6 -5 6 71 70 69 59 50 48
 4 -35 5 70 68 59 51 50
 4 -88 7 69 67 65 62 61 59 57
 3 -2 5 61 58 57 56 51
 3 -86 3 60 56 48
 7 -54 7 70 69 68 67 66 65 56
 9 -100 5 66 58 57 56 54
 5 -89 7 71 70 67 66 65 64 60
 5 -97 4 69 66 58 54
 1 -90 6 68 67 66 65 64 57
 2 -47 6 71 68 66 65 64 60
 9 -47 3 66 58 54
 6 -52 5 69 67 65 64 63
 1 -11 5 67 66 65 64 63
 8 -75 4 69 65 64 57
 1 -37 3 67 65 64
 5 -71 3 66 64 63
 6 -78 2 64 63
 10 -2 1 63
 10 -53 1 63
 3 -19 1 66
 2 -70 1 63
 1 -96 1 64
 3 -42 1 68
 8 -3 1 72
 4 -74 1 72
 9 -53 1 72
 10 -30 1 72
 10 -19 1 72
 7 -96 1 72
 4 -19 1 72
 5 -72 1 72
 4 -59 1 72
 0 17630 0
