72
 0 -1 6 2 3 6 7 8 19
 7 -86 3 12 9 4
 2 -40 2 9 5
 6 -36 2 22 5
 4 -23 6 20 18 16 15 11 10
 7 -77 6 20 18 14 13 10 9
 3 -32 5 18 16 14 10 9
 2 -51 4 21 18 17 14
 1 -79 4 28 24 22 15
 1 -23 3 28 21 17
 8 -28 2 14 13
 7 -44 4 29 28 24 15
 6 -7 9 33 32 30 29 28 27 26 25 23
 9 -83 8 33 30 29 28 27 26 24 23
 8 -20 3 30 26 21
 7 -86 3 28 24 21
 7 -16 5 30 29 26 25 24
 8 -86 6 40 39 32 29 26 25
 8 -22 6 40 39 35 33 28 24
 10 -53 5 33 32 28 27 26
 8 -40 4 33 32 27 23
 5 -34 5 40 33 29 26 25
 4 -40 4 40 39 36 31
 5 -62 4 38 36 32 31
 7 -26 5 43 38 36 35 34
 4 -23 3 41 36 31
 7 -63 4 43 40 38 35
 7 -41 4 43 41 36 34
 2 -80 4 43 42 38 36
 3 -20 4 43 40 38 34
 8 -79 3 43 37 34
 5 -74 3 43 41 34
 6 -67 4 46 44 43 38
 8 -69 5 52 49 46 44 42
 6 -54 4 49 44 42 41
 8 -4 3 49 46 37
 8 -77 4 52 47 45 44
 1 -39 3 47 45 41
 5 -60 2 47 41
 3 -99 3 54 47 46
 6 -91 5 56 54 52 51 48
 5 -7 4 54 53 47 45
 6 -85 4 56 54 50 49
 1 -28 2 54 48
 2 -22 3 56 51 50
 2 -49 1 48
 5 -51 4 64 56 55 51
 4 -56 3 57 53 50
 9 -33 3 55 53 51
 5 -44 5 64 63 61 58 55
 2 -63 4 61 60 58 57
 9 -93 4 63 60 59 57
 1 -80 5 64 63 62 61 60
 2 -82 4 71 62 60 58
 9 -15 3 62 60 59
 7 -89 3 63 59 58
 2 -24 3 71 70 62
 1 -72 4 70 69 67 65
 1 -4 4 71 70 67 66
 1 -71 3 69 67 65
 10 -79 3 70 67 66
 2 -9 2 67 65
 8 -14 2 69 65
 10 -22 2 67 66
 8 -43 1 66
 8 -77 1 68
 1 -45 1 68
 4 -70 1 72
 2 -17 1 72
 1 -21 1 72
 7 -81 1 72
 0 17405 0
