72
 0 -6 7 2 3 4 5 6 8 9
 1 -53 4 19 13 10 7
 6 -10 5 16 15 13 12 10
 1 -3 4 19 16 14 7
 5 -16 5 21 17 16 15 12
 1 -8 4 21 15 14 13
 7 -77 4 20 17 12 11
 5 -28 4 21 17 15 12
 5 -53 7 26 24 23 21 20 18 17
 3 -18 2 21 14
 9 -30 4 26 24 21 18
 1 -48 4 26 24 23 18
 3 -36 4 30 26 24 18
 1 -30 3 26 20 17
 8 -93 5 30 25 23 22 20
 8 -75 2 24 18
 1 -6 4 30 28 25 22
 8 -13 3 28 25 22
 8 -87 5 33 32 31 26 25
 2 -6 6 34 33 32 31 29 28
 1 -12 4 33 32 30 25
 4 -98 5 41 36 32 31 27
 3 -71 5 41 34 33 32 29
 7 -83 6 41 38 36 35 34 32
 7 -8 3 41 36 29
 2 -21 6 41 39 38 37 35 34
 10 -80 5 39 37 35 34 33
 7 -25 5 42 41 37 36 35
 5 -10 5 42 39 38 37 35
 6 -100 3 37 35 34
 10 -30 3 40 39 35
 6 -72 4 46 45 40 39
 1 -77 4 46 45 40 38
 1 -35 3 43 42 40
 3 -79 5 49 48 46 45 43
 8 -52 3 45 40 39
 1 -56 2 46 40
 4 -100 6 51 50 49 48 47 44
 10 -14 7 54 53 51 50 49 48 47
 9 -10 5 50 49 48 47 44
 2 -58 5 52 47 46 45 44
 8 -72 5 52 51 50 47 46
 8 -60 4 51 50 47 44
 7 -87 5 59 56 55 54 53
 2 -9 4 68 56 53 50
 9 -69 4 59 55 54 53
 7 -93 5 68 63 58 56 55
 5 -91 4 68 58 55 52
 10 -73 4 58 56 55 52
 4 -83 5 63 60 59 58 57
 9 -92 4 67 64 58 56
 3 -80 5 67 64 62 60 59
 3 -91 4 67 64 60 58
 1 -79 3 63 60 57
 6 -31 2 60 57
 7 -1 3 65 61 60
 3 -41 4 70 67 66 64
 10 -73 3 71 65 62
 10 -30 3 66 65 61
 7 -34 3 71 70 66
 4 -96 2 70 69
 4 -65 2 70 69
 4 -12 2 70 69
 8 -3 1 65
 9 -65 1 69
 2 -45 1 69
 8 -94 1 69
 1 -1 1 71
 9 -59 1 72
 4 -85 1 72
 2 -100 1 72
 0 18005 0
