72
 0 -84 12 2 3 4 5 6 7 8 12 13 14 24 30
 5 -23 6 31 26 19 16 15 11
 1 -73 6 21 20 19 18 15 10
 4 -98 5 29 26 19 17 9
 6 -20 5 26 19 18 16 10
 4 -98 6 31 26 25 23 21 15
 4 -95 8 33 31 29 27 26 23 22 19
 5 -63 4 31 19 18 15
 1 -58 4 31 23 18 15
 3 -5 10 41 38 36 35 34 33 31 27 23 22
 2 -95 6 36 35 33 27 22 21
 10 -2 9 47 41 38 34 31 27 26 23 22
 4 -49 6 36 33 27 25 23 22
 10 -82 7 36 34 32 31 29 28 25
 2 -54 8 41 38 36 35 33 28 27 22
 2 -34 5 39 36 35 23 21
 9 -37 5 36 32 31 28 25
 7 -70 8 49 41 40 39 36 34 28 27
 8 -24 5 40 36 32 28 25
 2 -79 5 40 36 32 28 25
 10 -18 7 49 45 41 38 34 29 28
 8 -90 8 49 46 43 42 40 39 37 32
 9 -87 4 53 45 40 28
 1 -25 4 53 45 40 28
 3 -26 9 60 50 49 48 47 44 41 38 35
 10 -32 9 53 52 50 49 48 45 44 42 35
 8 -75 3 46 42 32
 2 -11 9 60 52 51 50 46 44 43 42 37
 8 -97 9 60 53 52 51 50 47 46 42 37
 10 -38 8 71 60 50 46 45 44 41 36
 7 -83 8 71 59 53 51 48 46 40 39
 2 -10 8 71 60 53 52 50 48 45 44
 1 -32 7 71 59 53 51 46 40 37
 9 0 9 71 70 69 68 60 51 50 46 44
 2 -68 8 71 67 59 58 55 51 46 43
 9 -58 6 70 59 58 52 51 47
 3 -51 9 70 67 66 65 64 63 58 55 48
 5 -25 8 70 67 64 63 58 57 56 52
 5 -75 6 70 67 63 57 52 50
 6 -98 10 70 69 67 66 64 63 57 56 55 54
 5 -30 8 70 69 67 65 64 63 57 52
 7 -93 10 71 68 67 66 63 62 59 56 55 54
 2 -33 8 69 68 66 64 63 57 56 54
 8 -56 7 67 65 64 63 62 55 54
 5 -25 4 70 62 61 51
 8 -63 5 66 65 63 57 54
 1 -61 5 69 67 66 64 55
 1 -50 4 69 68 62 54
 4 -52 4 66 64 61 56
 1 -55 3 64 58 55
 7 -46 3 64 63 56
 4 -73 3 68 66 54
 2 -58 3 67 63 61
 7 -21 1 61
 9 -4 1 61
 7 -60 1 65
 10 -63 1 62
 7 -45 1 62
 3 -44 1 61
 7 -22 1 63
 7 -62 1 72
 10 -71 1 72
 3 -32 1 72
 5 -71 1 72
 2 -40 1 72
 3 0 1 72
 6 -52 1 72
 9 -72 1 72
 3 -54 1 72
 8 -64 1 72
 5 -3 1 72
 0 18085 0
