72
 0 -26 8 2 3 4 7 10 11 14 16
 1 -89 7 21 19 17 15 12 9 5
 5 -95 5 22 21 19 18 6
 10 -10 7 32 26 20 19 18 17 13
 5 -38 4 25 22 18 8
 5 -29 6 32 29 26 20 17 13
 3 -49 8 33 32 29 24 23 21 19 18
 4 -65 4 32 26 20 13
 7 -76 4 32 26 18 13
 5 -83 6 33 32 27 24 23 20
 8 -32 3 26 19 13
 2 -14 7 38 31 29 27 26 25 23
 6 -7 7 38 35 33 31 30 27 23
 3 -56 4 36 29 27 21
 8 -75 10 45 44 43 40 39 38 37 36 35 34
 7 -62 9 45 43 41 40 39 35 34 33 28
 9 -6 4 45 43 37 24
 7 -28 9 48 47 45 44 39 38 37 36 34
 5 -57 7 53 43 39 37 35 34 31
 5 -9 9 53 48 45 44 43 41 40 37 36
 1 -34 9 49 48 45 44 43 42 40 38 34
 3 -90 7 49 48 40 38 37 34 33
 5 -93 6 44 43 41 39 34 28
 1 -81 5 49 38 35 31 30
 10 -4 7 53 48 43 41 40 39 37
 7 -89 6 53 51 44 40 37 35
 4 -32 9 71 70 52 48 46 45 44 41 39
 1 -92 7 53 52 51 49 48 47 37
 2 -68 6 53 52 47 44 41 37
 7 -15 8 70 56 55 53 51 50 44 40
 9 -7 8 71 70 55 52 50 46 44 41
 8 -64 7 71 53 52 48 47 45 41
 3 -56 6 55 53 47 46 44 42
 2 -68 9 70 69 67 56 55 54 51 50 46
 4 -55 5 52 50 48 47 42
 6 -96 10 71 70 69 64 57 55 52 51 50 49
 10 -85 8 70 69 68 62 56 55 50 42
 7 -34 4 55 53 50 41
 9 -1 8 67 64 62 57 55 54 50 49
 2 -44 5 69 68 54 52 46
 2 -20 8 67 65 64 63 61 59 54 51
 1 -85 8 71 67 66 64 61 59 57 54
 4 -24 3 66 59 47
 2 -79 6 69 68 62 59 57 54
 3 0 5 66 65 59 57 51
 6 -20 7 66 64 62 61 59 58 57
 5 -48 7 70 69 65 64 61 60 58
 1 -35 4 68 67 59 58
 8 -24 4 65 61 60 58
 9 -6 3 65 59 58
 2 -94 3 68 62 58
 3 -25 3 67 62 58
 7 -32 3 61 60 58
 6 -15 2 60 58
 6 -6 2 66 58
 2 -19 2 71 58
 2 -35 1 63
 9 -86 1 72
 8 -29 1 72
 6 -50 1 72
 9 -56 1 72
 3 -4 1 72
 6 -64 1 72
 5 -59 1 72
 5 -42 1 72
 1 -34 1 72
 8 -22 1 72
 10 -89 1 72
 7 -98 1 72
 5 -63 1 72
 4 -50 1 72
 0 16635 0
