72
 0 -66 9 2 3 4 5 6 8 10 14 16
 1 -11 6 27 20 13 12 11 7
 5 -6 6 20 18 17 15 12 9
 5 -5 7 33 26 24 21 20 12 11
 7 -15 9 37 33 30 29 25 23 20 19 17
 4 -41 6 33 25 23 22 17 15
 6 -28 5 33 26 22 17 15
 4 -37 5 33 31 25 24 11
 1 -43 6 44 33 32 30 23 19
 7 -13 5 36 32 29 23 22
 7 -93 3 32 22 15
 9 -76 4 32 25 23 22
 8 -48 11 45 44 39 37 36 35 33 31 30 29 25
 3 -58 8 47 39 33 32 31 28 25 24
 5 -5 11 47 44 42 41 39 37 36 34 30 29 28
 1 -38 5 36 35 32 31 22
 4 -43 8 47 41 39 34 32 31 28 24
 3 -3 9 47 44 42 39 36 34 30 29 28
 2 -38 7 47 41 39 34 31 28 24
 4 -73 12 53 49 47 45 44 42 41 39 36 35 34 32
 2 -75 7 47 45 44 39 36 32 25
 9 -11 9 49 47 45 44 42 41 39 34 30
 5 -86 7 53 42 41 40 39 31 28
 10 -47 9 64 58 53 49 42 40 38 36 35
 4 -59 8 53 52 49 46 42 41 38 34
 8 -65 5 45 44 42 40 30
 5 -38 4 50 49 45 30
 3 -43 7 58 50 49 46 45 38 35
 5 -40 12 64 63 58 57 56 55 53 52 50 48 46 40
 2 -54 10 64 58 57 55 53 52 48 46 43 38
 1 -15 10 71 70 64 63 58 57 56 54 52 43
 9 -73 5 64 55 48 43 38
 2 -45 11 71 70 64 62 59 57 56 55 54 52 50
 5 -7 7 71 64 63 58 48 43 40
 2 -60 6 63 57 56 52 48 43
 7 -37 5 69 63 55 52 46
 5 -62 8 70 69 64 63 62 61 55 51
 4 -92 8 71 68 63 62 61 56 54 51
 5 -73 7 68 64 62 61 57 54 51
 5 -71 7 70 69 68 62 61 59 54
 4 -1 6 71 61 60 57 55 54
 3 -30 5 70 69 68 62 50
 10 -29 6 69 68 62 61 59 51
 5 -79 6 71 70 69 63 61 51
 9 -82 5 70 64 55 54 51
 4 -62 5 70 68 61 54 51
 6 -70 4 70 59 56 52
 3 -65 4 70 69 59 54
 2 -52 5 70 67 66 61 55
 3 -3 2 61 51
 6 -68 3 67 66 60
 3 -67 3 67 66 61
 9 -10 2 71 54
 7 -78 2 67 66
 2 -17 2 68 65
 9 -92 2 67 65
 10 -23 2 69 66
 10 -39 2 69 66
 8 -81 1 60
 1 -38 1 65
 5 -91 1 65
 7 -18 1 65
 7 -81 1 65
 8 -51 1 66
 8 -22 1 72
 10 -56 1 72
 4 -7 1 72
 10 -46 1 72
 2 -63 1 72
 4 -12 1 72
 8 -38 1 72
 0 16320 0
