72
 0 -66 6 2 3 4 6 8 9
 2 -9 7 19 18 16 15 12 11 10
 9 -77 4 15 13 10 5
 9 -18 5 21 18 15 11 7
 9 -51 3 16 12 11
 10 -1 4 21 18 16 12
 7 -37 3 19 14 12
 1 -95 4 31 21 19 13
 10 -26 3 21 17 14
 3 -11 5 24 23 22 21 17
 5 -30 3 31 30 14
 10 -21 3 24 23 17
 5 -20 2 30 14
 10 -20 6 37 34 33 24 23 22
 9 -64 5 34 31 25 24 20
 4 -87 5 34 31 30 26 23
 9 0 4 34 31 26 20
 1 -9 2 25 20
 7 -64 4 34 33 25 24
 9 -63 4 33 30 29 28
 5 -9 5 37 36 29 28 27
 7 -17 2 38 25
 3 -18 4 36 29 28 27
 2 -88 4 38 36 29 28
 4 -94 2 36 26
 4 -99 2 29 28
 10 -72 4 39 38 35 32
 5 -80 3 39 35 32
 6 -6 4 43 42 39 35
 4 -23 4 47 40 38 37
 3 -4 3 39 36 35
 6 -70 6 47 45 43 42 41 40
 4 -80 3 43 41 36
 3 -87 3 43 41 36
 4 -36 4 48 45 41 40
 1 -35 4 48 47 45 40
 8 -79 6 50 49 46 45 44 42
 9 -84 4 48 44 43 41
 4 -52 6 52 50 48 47 46 44
 8 -82 4 52 50 46 44
 8 -97 5 54 52 50 49 46
 4 -63 4 53 52 51 48
 2 -92 3 53 51 49
 7 -53 4 57 55 54 53
 10 -38 4 57 55 54 52
 1 -43 4 60 57 55 51
 8 -50 2 56 49
 2 -91 4 60 57 56 55
 7 -21 5 63 60 58 57 55
 2 -84 4 71 70 60 56
 5 -96 3 71 70 56
 8 -41 3 71 60 56
 3 -18 3 70 60 56
 4 -75 6 71 70 68 62 60 58
 2 -12 9 71 70 69 68 67 66 62 61 59
 3 -23 5 68 63 62 61 58
 10 -62 5 68 67 66 61 59
 2 -53 4 69 67 66 59
 1 -67 2 65 64
 5 -22 1 61
 4 -77 1 65
 5 -72 1 64
 7 -90 1 64
 7 -35 1 72
 3 -62 1 72
 7 -12 1 72
 6 -48 1 72
 9 -24 1 72
 9 -18 1 72
 10 -24 1 72
 3 -26 1 72
 0 17365 0
