72
 0 -75 7 2 3 4 5 6 8 13
 6 -13 6 20 15 12 11 10 9
 2 -75 5 20 16 15 14 9
 2 -49 3 16 15 7
 6 -83 7 27 21 20 17 16 15 14
 9 -16 7 27 21 20 19 18 16 14
 4 -75 6 27 21 20 18 17 14
 9 -34 6 27 21 20 19 15 14
 2 -40 4 27 21 18 17
 2 -25 6 31 27 22 21 19 18
 5 -15 3 27 19 14
 9 -96 6 32 28 24 22 21 19
 10 -72 4 24 21 19 18
 9 -70 7 32 29 28 25 24 23 22
 9 -91 4 25 24 22 18
 2 -76 7 32 29 28 26 25 24 22
 8 -13 2 24 19
 4 -78 7 35 33 32 30 29 28 26
 8 -94 3 29 25 23
 2 -82 5 35 31 28 26 25
 4 -42 3 35 29 25
 2 -38 6 41 38 37 35 34 33
 5 -58 4 37 35 33 26
 6 -28 5 41 40 38 31 30
 5 -41 3 37 33 30
 2 -43 4 43 40 38 34
 8 -95 3 40 34 30
 5 -57 4 40 38 37 36
 6 -29 3 41 38 36
 4 -33 3 44 43 36
 7 -57 3 43 37 36
 1 -74 3 44 40 36
 2 -65 2 40 36
 6 -66 2 44 36
 8 -64 2 43 36
 4 -80 2 48 39
 2 -38 3 48 45 42
 9 -2 3 48 45 42
 1 -35 2 45 42
 6 -35 2 45 42
 5 -18 3 50 47 44
 3 -48 4 52 51 50 46
 7 -76 1 45
 6 -40 4 62 52 51 46
 7 -41 2 49 47
 2 -4 3 59 55 49
 5 -40 5 62 59 55 52 51
 5 -9 5 56 55 53 52 51
 9 -70 6 71 70 58 56 54 53
 5 -58 7 71 70 62 60 59 57 56
 5 -67 6 71 70 69 61 60 58
 6 -13 5 70 69 60 58 57
 6 -76 3 69 60 57
 5 -87 5 69 67 64 61 60
 4 -100 5 70 69 68 67 60
 10 0 4 67 64 63 61
 6 -49 3 67 64 61
 1 -73 3 67 64 63
 6 -80 3 69 66 65
 9 -92 2 65 63
 10 -44 2 68 66
 2 -49 2 69 65
 3 -7 1 66
 1 -57 1 65
 7 -77 1 72
 1 -38 1 72
 3 -87 1 72
 5 -80 1 72
 8 -11 1 72
 10 -62 1 72
 2 -51 1 72
 0 18780 0
