72
 0 -67 5 2 3 4 5 17
 1 -47 5 20 18 13 8 7
 3 -32 3 14 11 6
 6 -39 6 18 16 13 12 11 10
 9 -60 4 20 18 14 8
 10 -40 4 21 12 10 9
 1 -22 4 23 19 14 11
 9 -8 3 19 11 10
 5 -97 5 22 20 19 18 15
 6 -85 4 27 23 22 15
 1 -74 4 27 24 22 21
 4 -68 3 27 23 15
 2 -25 3 23 21 19
 2 -86 2 27 15
 3 -8 6 32 30 28 26 25 24
 5 -49 6 32 30 28 26 25 24
 4 -15 4 30 25 24 23
 6 -22 3 27 25 23
 2 -63 5 33 31 27 26 25
 10 -14 4 33 31 27 25
 5 -60 5 34 32 31 30 28
 5 -43 4 32 30 26 25
 3 -56 3 32 31 26
 10 -52 4 34 33 31 29
 8 -5 4 38 35 34 29
 4 -31 4 38 35 34 29
 4 -97 4 38 34 30 29
 6 -98 3 38 35 29
 1 -100 4 49 39 37 36
 3 -83 4 49 39 37 36
 1 -24 3 37 36 35
 9 -6 3 39 38 37
 8 0 4 42 41 39 38
 2 -21 5 49 44 42 41 39
 10 -47 5 49 48 43 42 41
 7 -90 4 52 44 42 40
 6 -1 3 43 42 41
 8 -1 3 49 44 40
 10 -71 3 54 51 43
 3 -70 5 55 53 51 47 46
 7 -76 4 54 53 52 45
 3 -54 4 54 51 47 46
 6 -35 5 62 55 53 52 50
 4 -23 4 62 55 53 48
 2 -74 2 50 46
 7 -81 7 64 62 61 60 58 57 56
 3 -1 2 61 50
 1 -22 2 61 50
 3 -84 6 64 62 61 58 57 56
 4 -81 5 64 60 58 57 56
 10 -24 6 71 69 64 61 60 56
 10 -99 6 70 64 63 61 60 57
 10 -83 5 71 70 69 60 56
 10 -93 4 69 61 60 56
 2 -88 3 70 63 57
 7 -96 2 68 59
 3 -75 4 69 67 66 65
 10 -49 4 71 70 66 65
 3 -70 3 67 66 63
 8 -66 3 68 67 65
 9 -44 3 68 66 65
 8 -7 2 66 65
 2 -14 1 65
 3 -39 1 65
 5 -99 1 72
 7 -2 1 72
 4 -37 1 72
 4 -16 1 72
 3 -97 1 72
 3 -97 1 72
 2 -87 1 72
 0 18450 0
