62
 0 -82 11 2 3 4 5 6 8 9 10 13 15 22
 8 -46 6 24 23 16 14 12 11
 6 -72 7 27 24 23 20 19 17 12
 6 -66 2 19 7
 9 -2 7 32 27 25 23 19 18 16
 5 -88 5 30 19 18 16 11
 8 -28 7 32 30 27 25 18 17 16
 3 -75 4 34 18 14 11
 7 -60 6 34 32 31 27 21 18
 8 -12 6 38 30 27 25 24 19
 5 -26 7 32 31 28 27 26 25 21
 1 -10 5 34 31 25 21 18
 8 -85 9 38 35 31 30 29 28 27 26 25
 4 -67 6 32 31 28 27 26 21
 1 -89 7 43 39 34 32 31 28 21
 10 -71 6 39 34 31 28 26 21
 2 -83 7 39 35 34 31 29 28 26
 4 -99 5 39 35 29 28 26
 7 -12 4 35 29 28 26
 8 -80 5 43 40 35 31 29
 7 -47 5 40 38 37 35 29
 3 -76 5 40 39 35 33 29
 9 -83 5 43 37 35 33 30
 6 -49 3 39 31 29
 6 -52 4 44 37 36 33
 3 -60 4 49 43 36 33
 10 -2 10 59 55 50 49 46 45 44 42 41 39
 8 -98 4 46 40 37 33
 2 -45 8 61 60 49 45 44 42 41 36
 1 -92 8 61 59 50 49 46 42 41 40
 2 -47 5 59 56 50 44 33
 2 -63 8 61 59 58 55 48 47 45 42
 6 -35 7 61 60 55 47 45 42 41
 8 -8 8 60 55 54 53 52 48 47 46
 1 -99 6 61 59 55 46 45 42
 3 -19 7 58 57 55 54 50 47 46
 9 -10 8 59 58 57 55 54 53 52 49
 4 -9 8 60 59 56 55 54 53 52 49
 2 -97 7 61 60 58 56 54 53 47
 5 -90 6 58 56 55 52 47 45
 5 -40 4 53 52 51 48
 7 -95 4 54 53 52 51
 9 -97 3 60 59 47
 6 -94 3 58 53 52
 8 -72 2 53 51
 2 -16 2 56 51
 3 -89 1 51
 6 -76 1 57
 5 -32 1 51
 9 -18 1 52
 4 -76 1 62
 2 -8 1 62
 7 -90 1 62
 9 -28 1 62
 8 -72 1 62
 7 -58 1 62
 1 -78 1 62
 3 -19 1 62
 4 -23 1 62
 5 -98 1 62
 4 -74 1 62
 0 17435 0
