62
 0 -94 13 2 3 4 5 6 7 9 10 11 13 17 18 19
 3 -59 8 33 32 24 23 21 20 14 12
 3 -38 6 34 23 21 20 15 14
 6 -99 5 34 22 20 16 8
 3 -51 2 22 8
 5 -65 13 36 35 34 31 30 29 28 27 26 25 24 23 21
 7 -81 7 28 26 25 23 22 21 20
 2 -88 5 32 31 24 21 14
 6 -85 5 31 24 23 21 14
 8 -94 10 36 35 34 33 32 31 29 28 27 22
 9 -93 3 34 21 15
 2 -49 8 38 36 35 34 31 26 25 22
 3 -89 8 38 35 34 31 27 26 25 22
 4 -90 7 36 35 29 28 27 26 25
 5 -81 7 36 32 29 26 25 24 22
 2 -32 7 40 37 36 31 30 29 21
 6 -63 5 40 36 33 30 24
 8 0 5 36 34 32 28 24
 4 0 4 38 36 27 22
 9 -27 6 39 37 36 35 31 29
 2 -75 7 50 45 43 42 41 39 38
 7 -85 3 42 40 30
 4 -74 6 50 45 43 41 40 38
 6 -75 4 44 43 39 37
 8 -20 5 50 42 41 40 39
 1 -56 3 45 39 37
 8 -83 3 43 39 37
 8 -47 7 58 50 49 46 42 41 38
 8 -8 6 50 46 45 44 43 41
 9 -39 7 55 50 47 46 45 43 41
 6 -47 7 61 60 50 46 44 43 42
 1 -4 5 59 58 49 45 37
 6 -51 6 58 50 49 48 42 38
 3 -79 5 50 48 43 42 41
 10 -21 5 61 60 56 44 43
 5 -75 9 60 59 58 56 55 50 49 47 46
 10 -43 4 50 48 42 41
 9 -3 7 61 60 59 57 56 53 44
 6 -86 6 59 58 55 54 49 46
 9 -49 3 58 46 44
 6 -27 7 61 60 57 56 53 52 51
 10 -6 5 56 55 52 51 47
 2 -13 5 59 58 57 53 49
 8 -47 4 55 52 51 47
 10 -68 4 57 54 52 51
 9 -86 3 52 51 48
 7 -42 1 54
 9 -87 1 53
 2 -92 1 51
 8 -43 1 52
 1 -62 1 62
 3 -66 1 62
 3 -40 1 62
 8 -74 1 62
 1 -75 1 62
 3 -34 1 62
 4 -86 1 62
 4 -76 1 62
 3 -49 1 62
 5 -55 1 62
 7 -63 1 62
 0 17445 0
