72
 0 -42 14 2 3 4 5 6 7 8 10 11 12 14 19 21 25
 7 -76 9 42 40 38 29 22 20 17 15 9
 2 -98 6 42 33 29 24 16 9
 2 -37 10 45 44 42 40 39 32 30 29 27 15
 10 -2 13 54 51 50 47 46 45 37 36 35 34 32 31 23
 4 -15 8 45 44 39 36 33 30 23 18
 10 -11 7 51 42 40 38 35 26 16
 7 -19 11 50 46 45 44 42 40 39 37 35 28 26
 3 -35 4 45 37 30 13
 7 -53 7 48 46 35 34 31 30 23
 2 -59 8 71 51 50 49 45 31 27 26
 8 -6 11 71 70 54 51 50 49 47 45 38 35 34
 5 -6 10 53 50 49 48 47 46 36 35 34 31
 1 -40 9 54 53 49 46 44 37 36 35 34
 5 -79 11 70 68 54 51 50 49 48 47 36 34 33
 3 -5 9 68 67 50 48 47 45 36 31 27
 6 -79 10 70 50 49 48 47 45 44 39 36 34
 8 -6 9 70 53 51 49 48 47 46 35 34
 8 -26 9 70 50 49 47 45 44 43 39 35
 3 -8 9 71 68 63 53 47 45 43 41 39
 3 -31 11 70 68 66 65 54 53 52 51 49 43 41
 5 -26 7 68 67 61 54 48 36 34
 4 -37 10 71 69 68 65 64 63 61 53 42 40
 8 -33 10 71 70 69 63 59 54 53 52 47 35
 8 -44 10 71 70 67 64 62 53 50 47 46 44
 8 -61 8 70 68 61 57 54 48 47 34
 2 -60 5 70 66 53 43 41
 6 -73 4 66 53 52 36
 10 -54 10 71 69 68 62 61 60 59 58 57 47
 3 -8 8 64 62 59 58 54 53 51 47
 2 -92 7 70 63 62 60 57 52 44
 3 -84 11 71 65 64 63 61 60 59 57 56 55 52
 8 -22 9 67 63 62 61 60 59 57 53 52
 2 -60 6 66 64 63 62 52 43
 2 -80 4 68 65 56 41
 10 -74 9 71 69 64 62 60 59 57 56 55
 7 -71 7 70 69 64 61 59 57 48
 3 -73 6 68 66 65 62 53 48
 9 -5 8 67 66 65 62 61 60 56 55
 3 -21 5 66 59 57 55 49
 2 -31 6 64 62 61 58 57 55
 10 -35 5 60 59 56 55 52
 2 -5 5 60 59 58 56 55
 7 -39 5 65 61 59 56 55
 3 -24 4 69 57 56 52
 7 -22 4 60 57 55 52
 5 -69 3 65 56 55
 1 -49 2 63 60
 3 -31 2 67 56
 7 -89 2 63 61
 9 -33 2 63 57
 9 -45 1 58
 10 -14 1 55
 6 -92 1 55
 8 -8 1 72
 5 -74 1 72
 5 -65 1 72
 9 -79 1 72
 3 -66 1 72
 7 -83 1 72
 9 -42 1 72
 2 -46 1 72
 8 -87 1 72
 3 -86 1 72
 9 -70 1 72
 4 -89 1 72
 6 -20 1 72
 10 -72 1 72
 9 -30 1 72
 4 -34 1 72
 8 -16 1 72
 0 16280 0
