82
 0 -34 12 2 3 4 5 6 7 8 9 10 11 12 23
 3 -88 8 30 29 26 22 21 20 18 16
 1 -44 7 28 24 22 20 18 17 13
 8 -46 11 35 30 29 28 27 26 24 22 21 20 19
 5 -25 8 35 28 27 26 25 21 19 15
 4 -24 5 35 25 22 16 15
 5 -83 10 36 31 29 28 27 25 24 21 20 17
 5 -85 10 33 30 29 28 27 25 24 20 19 17
 8 -2 8 34 30 28 25 24 22 21 15
 8 -52 7 35 33 32 30 28 24 14
 6 -82 5 36 33 21 20 17
 9 -87 8 38 37 36 32 28 26 25 22
 10 -21 9 42 39 38 36 35 33 31 29 26
 2 -43 9 42 41 39 36 34 31 29 27 25
 8 -24 6 41 36 33 31 29 20
 10 -29 7 41 39 34 31 28 27 24
 5 -81 7 44 43 42 37 35 34 26
 6 -6 5 45 35 34 27 25
 5 -59 9 56 54 53 45 44 43 38 34 32
 10 -88 10 56 54 53 49 48 44 42 38 37 32
 9 -10 10 56 54 53 51 49 45 44 39 37 32
 1 -70 6 47 44 41 39 33 31
 8 -80 9 58 54 51 49 48 44 43 36 32
 4 -73 9 57 56 55 54 53 52 46 44 38
 6 -26 10 59 58 57 56 54 53 51 48 47 40
 1 -61 10 59 58 57 56 54 51 50 47 45 40
 8 -63 9 59 56 54 53 51 50 43 40 37
 10 -28 9 58 57 56 54 50 49 48 43 40
 8 -19 7 59 58 56 48 47 44 37
 10 -79 7 54 53 52 47 44 43 36
 5 -59 8 62 59 58 57 52 51 45 43
 7 -74 5 67 59 57 47 40
 9 -74 9 80 60 59 58 56 55 53 49 46
 1 -97 7 60 57 55 51 49 48 46
 1 -8 5 80 69 57 50 41
 9 -32 7 80 60 59 57 56 55 46
 7 -41 8 80 69 67 64 57 55 52 46
 10 -26 8 81 68 67 62 59 58 51 47
 5 -52 3 62 57 43
 10 -6 6 80 62 60 55 52 46
 8 -27 7 78 62 60 59 56 53 52
 6 -36 7 81 80 79 63 61 57 50
 4 -97 6 80 68 67 64 55 46
 4 -64 7 79 74 73 69 65 60 50
 7 -28 7 80 79 76 67 66 61 55
 10 -28 10 81 79 78 77 75 71 66 65 63 61
 2 -20 10 80 79 78 77 76 71 69 65 64 61
 1 -79 9 80 78 76 75 74 73 68 65 62
 10 -50 8 79 78 77 74 69 67 64 63
 8 -42 7 78 77 76 68 67 66 64
 8 -26 9 80 79 78 77 74 73 71 70 64
 2 -45 7 77 76 75 74 73 68 65
 7 -95 6 77 73 71 67 65 63
 4 -12 7 79 75 74 73 72 71 65
 2 -23 7 78 77 75 74 73 72 71
 3 -97 5 79 74 72 67 66
 1 -1 5 75 74 73 72 65
 2 -36 5 78 73 71 70 64
 7 -3 4 77 76 71 66
 1 -46 3 76 68 64
 9 -79 3 74 73 70
 4 -19 2 70 64
 2 -93 2 76 70
 7 -21 1 72
 8 -68 1 70
 2 -40 1 70
 2 -75 1 75
 4 -63 1 71
 1 -96 1 70
 4 -53 1 82
 8 -84 1 82
 3 -8 1 82
 10 -83 1 82
 5 -32 1 82
 6 -17 1 82
 4 -96 1 82
 1 -79 1 82
 1 -70 1 82
 8 -76 1 82
 3 -26 1 82
 8 -77 1 82
 0 20455 0
