82
 0 -37 13 2 3 5 6 7 8 9 10 11 12 13 16 17
 2 -38 6 34 33 23 20 19 4
 9 -51 9 34 33 28 23 22 21 20 18 15
 4 -88 7 35 31 28 25 22 18 15
 10 -25 7 28 27 26 21 19 18 14
 5 -56 5 35 33 27 18 15
 7 -6 9 43 42 35 34 33 30 28 24 18
 8 -89 5 33 28 27 23 14
 6 -21 8 43 42 35 33 31 26 24 18
 4 -46 7 42 41 35 31 29 28 15
 6 -35 8 49 43 39 35 33 29 27 24
 5 -18 8 43 42 41 39 31 29 28 24
 7 -72 7 49 43 39 36 29 27 24
 3 -5 7 49 43 42 41 36 29 24
 10 -50 5 49 47 43 30 24
 6 -40 10 51 47 44 42 41 40 39 38 36 31
 6 -52 4 49 47 32 25
 8 -84 8 51 49 48 41 39 38 32 29
 2 -50 8 51 50 47 40 39 38 36 32
 1 -70 8 51 44 43 42 41 39 36 31
 3 -12 7 51 44 43 40 39 31 29
 10 -91 9 57 51 50 47 44 39 38 37 36
 3 -59 7 53 51 50 46 40 39 32
 6 -30 6 56 51 50 40 38 32
 3 -26 10 57 54 51 46 45 44 43 42 40 39
 6 -15 8 57 53 51 49 47 46 37 36
 1 -23 5 61 56 51 42 31
 10 -57 6 57 56 47 46 45 36
 5 -7 11 61 60 57 56 55 54 53 52 47 46 45
 3 -73 5 51 46 45 40 36
 3 -34 4 57 48 46 37
 8 -100 4 61 57 44 37
 10 -73 8 63 61 58 54 53 52 48 47
 8 -57 5 60 51 49 46 44
 10 -12 13 81 72 69 66 63 61 60 59 58 55 54 52 51
 1 -21 8 81 63 61 58 55 54 52 48
 5 -20 7 81 69 63 55 54 52 45
 9 -45 4 61 54 53 46
 9 -6 11 81 80 72 69 67 66 61 59 58 56 52
 1 -84 9 81 79 71 70 67 63 62 61 48
 4 -61 5 81 69 55 54 45
 4 -49 8 81 80 72 70 68 67 62 53
 2 -46 7 81 79 66 62 60 59 55
 3 -11 8 80 79 72 70 69 62 59 55
 9 -19 8 72 70 67 66 65 62 59 58
 4 -9 8 81 71 70 67 66 63 62 58
 4 -56 11 81 80 79 77 71 70 69 68 67 65 64
 5 -4 6 72 69 66 65 60 59
 5 -33 8 79 78 72 70 65 62 61 59
 8 -35 7 81 80 79 69 65 62 59
 3 -46 6 80 78 77 75 65 62
 8 -16 5 79 77 70 65 62
 8 -61 4 79 69 65 59
 4 -78 6 80 79 75 73 67 65
 2 0 5 77 75 71 67 65
 10 -52 5 77 75 71 65 64
 6 -43 5 80 79 75 69 64
 1 -9 4 79 75 68 64
 8 -6 4 77 76 75 64
 7 -97 4 80 74 73 68
 6 -16 4 77 75 74 73
 5 -36 1 64
 4 -87 1 65
 2 -63 2 74 73
 3 -38 2 76 74
 5 -77 2 75 73
 10 -50 1 78
 1 -77 1 78
 1 -80 1 74
 7 -82 1 75
 2 -97 1 73
 4 -27 1 73
 2 -63 1 82
 2 -93 1 82
 4 -57 1 82
 1 -97 1 82
 2 -16 1 82
 9 -52 1 82
 8 -41 1 82
 7 -96 1 82
 6 -49 1 82
 0 19015 0
