72
 0 -40 17 2 3 4 5 6 7 8 9 10 11 12 13 14 15 17 20 22
 7 -74 10 55 41 37 34 29 28 25 23 19 16
 7 -90 11 55 37 34 32 31 29 28 27 25 21 19
 8 -97 15 70 47 44 43 42 40 39 38 37 36 35 32 30 29 28
 3 -75 8 44 43 41 40 34 29 28 18
 10 -71 8 42 41 40 32 30 28 25 23
 3 -99 6 44 42 41 29 27 16
 10 -98 10 47 44 42 40 39 37 32 29 27 24
 7 -36 9 70 47 42 40 37 35 32 29 28
 9 -58 9 54 41 40 33 32 31 28 27 25
 3 -51 6 45 40 39 37 35 18
 5 -90 11 71 70 55 47 46 45 42 37 36 32 24
 1 -33 10 70 47 45 43 42 41 40 36 32 24
 2 -95 12 71 70 55 54 53 50 47 46 45 42 39 31
 10 -34 11 71 70 55 53 48 46 45 38 37 36 32
 10 -13 5 47 35 32 30 26
 2 -79 11 70 68 53 51 50 48 47 45 40 39 37
 4 -13 10 71 70 55 54 53 49 48 47 36 32
 7 -15 8 70 68 48 47 45 42 36 30
 6 -9 8 71 69 53 48 47 37 34 32
 3 -58 5 70 47 45 42 24
 5 -70 10 71 70 69 68 54 53 48 47 42 32
 8 -42 10 70 69 62 54 53 49 48 47 46 43
 4 -44 15 69 68 67 66 65 63 62 60 59 58 54 53 51 50 48
 3 -86 6 67 62 53 46 45 39
 1 -71 10 70 68 67 66 62 60 51 50 48 45
 4 -81 8 70 65 62 60 57 53 46 45
 4 -84 6 62 61 60 57 46 45
 10 -65 11 71 69 68 67 65 63 62 57 54 52 48
 6 -90 11 71 67 65 64 62 61 60 59 57 53 49
 9 -98 10 67 65 63 62 60 59 58 57 52 48
 3 -54 10 67 65 64 63 62 61 60 59 58 50
 3 -68 7 68 66 64 62 60 57 45
 8 -78 6 68 66 62 54 52 45
 10 -30 9 69 68 66 65 61 60 59 58 53
 10 -92 7 69 66 65 64 63 60 51
 6 -65 8 66 62 61 60 59 58 57 56
 8 -52 7 64 63 62 61 57 54 52
 1 -61 7 69 65 61 60 59 57 56
 9 -38 7 67 62 61 60 59 58 57
 8 -17 7 69 64 61 60 58 57 56
 3 -65 6 67 66 65 64 58 52
 7 -68 6 67 60 59 58 57 52
 7 -11 6 65 64 62 61 59 53
 4 -67 3 59 58 49
 5 -96 3 68 66 51
 2 -17 3 58 57 52
 10 -19 3 64 61 56
 6 -76 2 63 56
 4 -3 2 57 56
 6 -18 1 52
 1 -13 1 56
 3 0 1 56
 8 -8 1 56
 7 -80 1 65
 7 -15 1 72
 1 -87 1 72
 4 -30 1 72
 5 -31 1 72
 10 -50 1 72
 8 -7 1 72
 8 -69 1 72
 7 -21 1 72
 5 -14 1 72
 3 -55 1 72
 5 -5 1 72
 3 -38 1 72
 6 -62 1 72
 10 -55 1 72
 9 -41 1 72
 2 -55 1 72
 0 18450 0
