82
 0 -82 9 2 3 4 6 7 9 11 13 14
 7 -36 3 19 16 5
 4 -34 3 19 10 5
 4 -52 2 19 8
 9 -31 2 15 12
 7 -6 2 19 10
 1 -19 6 22 21 20 19 18 17
 8 -72 3 22 20 15
 3 -68 3 21 17 12
 3 -49 5 22 21 20 18 17
 9 -34 5 22 21 20 18 17
 3 -29 4 24 22 20 18
 4 -21 4 22 21 18 17
 7 -28 4 22 21 20 18
 2 -20 4 27 21 18 17
 3 -79 4 31 24 21 18
 5 -19 8 43 38 32 30 29 28 25 24
 5 -41 6 38 30 28 26 25 23
 10 -7 6 39 38 33 31 26 23
 6 -76 7 39 38 32 31 29 27 26
 7 -49 5 39 38 33 28 23
 2 -33 6 39 38 33 32 31 28
 5 -64 4 43 34 32 29
 9 -26 3 39 33 26
 8 -98 5 45 42 35 34 33
 10 -5 5 46 45 42 35 34
 1 -17 4 45 35 34 33
 6 -64 6 48 46 45 42 37 35
 5 -88 5 46 45 42 37 35
 3 -75 5 46 42 39 37 35
 6 -43 3 45 35 34
 7 -36 4 45 42 40 36
 7 -57 4 48 47 46 36
 10 -16 3 48 41 37
 5 -98 2 40 36
 8 -3 4 55 50 44 41
 7 -44 5 52 50 49 47 44
 8 -48 5 52 50 47 46 44
 3 -54 4 50 49 47 44
 2 -9 3 52 50 44
 10 -5 4 53 52 51 49
 6 -59 4 54 52 51 47
 3 -87 3 52 51 50
 8 -96 4 57 56 53 51
 5 -62 2 52 50
 5 -3 3 56 53 51
 10 -26 3 60 59 53
 3 -75 2 57 51
 5 -22 4 73 63 58 54
 10 -23 2 60 53
 9 -48 6 73 63 61 60 59 58
 3 -59 4 60 59 58 57
 10 -50 6 73 69 64 63 61 58
 3 -70 5 75 65 64 61 59
 5 -32 3 72 59 58
 4 -20 4 73 72 62 58
 5 -82 6 73 69 66 65 62 61
 2 -21 5 75 68 67 66 65
 2 -48 5 80 71 69 67 62
 7 -20 2 65 62
 6 -94 6 81 79 78 72 71 70
 3 -1 3 81 70 68
 2 -79 3 80 70 66
 7 -31 3 81 80 66
 7 -99 5 80 79 78 71 70
 3 -36 4 78 77 76 74
 9 -58 3 79 78 76
 2 -16 2 78 74
 7 -28 1 70
 3 -70 2 77 76
 9 -51 2 77 76
 3 -5 2 80 77
 8 -6 2 78 76
 2 -30 1 79
 10 -19 1 81
 9 -15 1 82
 2 -31 1 82
 4 -84 1 82
 6 -66 1 82
 6 -5 1 82
 10 -76 1 82
 0 17690 0
