82
 0 -84 3 2 4 7
 3 -44 3 6 5 3
 1 -29 7 19 15 13 12 11 10 8
 10 -47 5 29 16 15 13 10
 7 -82 4 19 18 15 8
 9 -18 3 18 12 9
 2 -72 7 29 24 22 21 20 18 17
 6 -63 4 29 23 16 14
 3 -63 3 29 14 13
 2 -28 4 26 22 18 14
 9 -72 7 29 26 24 23 22 21 20
 9 -68 3 29 22 14
 6 -84 4 27 24 23 17
 3 -17 4 31 24 21 20
 6 -10 7 37 33 30 28 27 26 25
 1 -96 5 37 33 28 26 22
 6 -50 6 37 33 30 28 26 25
 4 -50 4 37 27 25 23
 6 -35 3 31 25 21
 9 -72 5 39 37 33 28 25
 1 -90 5 40 33 30 28 27
 1 -100 5 40 36 31 30 27
 5 -6 4 33 32 31 30
 3 -85 8 45 40 39 38 36 35 34 33
 5 -99 5 45 40 36 34 32
 1 -12 5 45 36 35 34 31
 4 -59 3 39 34 32
 5 -52 2 34 32
 2 -5 5 45 42 41 39 33
 5 -5 4 45 44 41 38
 3 -67 4 46 41 39 38
 6 -5 3 41 38 35
 2 -47 7 57 55 52 49 47 44 43
 1 -86 5 57 55 44 43 42
 5 -32 5 57 47 46 43 42
 8 -68 6 57 55 52 47 46 43
 9 -58 6 54 52 51 50 49 45
 3 -82 3 55 43 42
 9 -100 7 57 56 55 54 51 50 47
 6 -62 6 54 52 51 50 49 47
 8 -69 5 56 54 51 50 47
 2 -51 4 52 51 49 48
 4 -31 7 62 59 56 54 53 51 50
 8 -83 2 56 46
 6 -6 2 57 47
 9 -79 2 54 48
 6 -83 2 63 48
 9 -32 5 62 60 59 58 53
 8 -77 6 72 63 62 61 60 58
 4 -31 6 72 65 64 63 61 60
 3 -22 5 72 71 69 63 58
 3 -94 3 67 58 56
 1 -74 6 72 71 67 65 64 61
 4 -64 6 72 71 69 66 65 63
 3 -92 3 71 65 59
 8 -94 5 72 71 69 66 65
 4 -73 3 69 65 64
 8 -18 2 65 64
 9 -28 5 76 72 69 68 67
 5 -24 6 80 74 71 70 68 67
 2 -23 5 81 76 70 69 66
 6 -99 2 71 65
 7 -26 7 81 80 79 76 74 70 67
 8 -62 4 80 76 68 66
 5 -80 5 80 76 74 70 68
 8 -57 4 79 75 74 73
 6 -42 2 75 73
 7 -33 3 81 79 78
 10 -64 3 80 78 77
 3 -49 2 78 73
 4 -66 2 78 73
 7 -7 2 74 73
 9 -34 1 77
 1 -82 1 77
 9 -53 1 78
 9 -57 1 77
 10 -14 1 82
 4 -30 1 82
 3 -12 1 82
 8 -6 1 82
 9 -49 1 82
 0 21370 0
