82
 0 -49 14 2 3 4 5 6 7 8 9 10 11 12 18 19 20
 6 -61 5 23 17 16 15 14
 2 -83 6 27 25 22 21 17 16
 8 -70 8 38 31 29 28 27 26 25 14
 6 -18 11 39 38 36 34 31 30 29 28 27 26 22
 9 -2 10 39 36 31 30 29 28 27 24 22 21
 8 -5 10 40 39 37 36 33 30 29 28 24 21
 4 -66 8 39 37 36 33 32 29 24 17
 9 -10 6 38 36 29 27 25 14
 5 -74 6 38 37 28 27 26 14
 10 -89 5 37 30 28 27 13
 3 -9 6 39 36 29 28 24 22
 8 -51 8 42 40 39 38 34 33 32 29
 8 -59 9 55 47 42 40 39 35 34 33 30
 7 -40 7 55 40 39 38 36 30 29
 3 -97 7 46 43 39 37 36 32 24
 9 -74 3 40 31 28
 10 -63 5 55 47 42 39 28
 9 -64 5 44 43 42 33 27
 9 -62 8 54 50 44 43 42 39 37 32
 4 -46 6 50 48 43 42 35 32
 10 -59 4 40 35 33 32
 3 -39 4 55 53 40 29
 4 -26 8 66 60 55 52 47 42 41 34
 7 -8 7 49 48 47 46 39 37 33
 7 -81 3 41 35 32
 2 -53 14 66 65 60 57 55 54 53 52 51 49 48 47 46 41
 1 -88 5 51 45 44 41 35
 7 -26 8 66 60 51 50 48 47 43 35
 3 -43 6 57 51 45 44 43 41
 10 -55 9 66 57 55 53 52 49 48 47 42
 9 -84 8 81 63 58 55 53 49 47 45
 10 -69 9 66 65 64 63 61 60 57 51 41
 4 -18 9 64 58 57 56 54 53 51 49 48
 4 -6 7 65 58 57 54 52 49 46
 3 -65 8 69 66 63 57 56 52 51 50
 9 -19 11 81 69 65 64 63 62 58 57 56 55 51
 8 -59 7 65 61 59 58 56 53 52
 8 -18 9 81 71 70 65 64 61 59 56 53
 10 -5 7 69 63 61 58 57 51 49
 4 -61 6 69 62 59 58 56 50
 3 -49 6 81 70 69 65 58 51
 7 -26 6 70 67 65 64 63 49
 1 -69 5 67 65 64 60 48
 7 -20 8 71 67 66 65 64 62 61 60
 5 -58 8 81 71 70 68 67 63 62 59
 9 -71 5 70 68 61 59 56
 10 -69 8 81 80 79 78 73 71 69 63
 6 -46 6 80 76 71 68 62 59
 4 -39 6 77 75 71 70 68 67
 5 -31 4 71 68 67 59
 4 -47 6 81 76 75 70 64 62
 6 -44 6 80 79 75 72 69 68
 2 -55 6 81 80 75 72 69 68
 10 -58 4 80 76 68 59
 5 -3 4 77 75 74 67
 5 -64 4 76 75 72 68
 2 -18 6 79 78 77 75 74 73
 9 -83 5 79 77 75 73 72
 1 -71 4 80 77 76 68
 9 -92 5 79 78 76 74 73
 8 -78 4 78 77 74 73
 5 -21 4 77 76 75 74
 10 -70 3 78 73 72
 8 -45 3 75 73 72
 9 -61 3 75 73 72
 9 -32 3 80 76 73
 5 -48 2 78 73
 5 -38 2 77 76
 10 -84 2 79 73
 5 -98 1 72
 7 -80 1 74
 4 -39 1 82
 8 -32 1 82
 5 -8 1 82
 1 -97 1 82
 1 -74 1 82
 10 -10 1 82
 2 -30 1 82
 4 -29 1 82
 8 -27 1 82
 0 19940 0
