82
 0 -46 5 2 3 4 6 8
 2 -13 2 10 5
 6 -49 4 17 13 12 7
 6 -94 5 14 13 12 11 9
 6 -39 4 14 13 12 9
 5 -44 4 15 14 12 11
 2 -90 2 14 9
 3 -3 2 14 9
 8 -38 4 24 18 16 15
 4 -42 1 11
 1 -69 4 24 23 18 16
 7 -19 4 28 23 21 20
 7 -94 4 26 24 23 19
 3 -5 3 23 21 19
 1 -87 3 28 23 20
 3 -92 2 21 19
 7 -73 2 21 19
 2 -63 2 28 20
 1 -25 4 36 30 28 22
 4 -43 3 36 26 22
 5 -51 6 43 37 36 31 26 25
 9 -2 5 37 34 31 27 25
 10 -2 7 42 37 33 31 30 29 27
 6 -16 6 43 42 39 33 31 30
 6 -5 3 33 32 29
 1 -46 6 48 42 40 39 35 33
 4 -39 6 48 46 43 41 39 38
 2 -87 3 42 39 31
 6 -79 3 48 39 35
 10 -35 6 50 48 47 46 45 40
 10 -29 5 48 47 45 41 38
 3 -35 5 47 45 42 41 40
 3 -15 3 45 41 38
 10 -59 3 43 41 40
 1 -54 5 52 49 46 44 41
 8 -18 4 49 44 42 41
 2 -73 5 60 53 49 46 44
 1 -8 6 60 57 53 52 49 44
 3 -15 5 54 53 52 47 45
 5 -51 5 53 52 51 49 44
 9 -29 6 61 60 59 56 54 50
 1 -87 6 61 56 55 54 53 51
 6 -2 6 61 60 59 55 54 51
 2 -8 7 68 61 59 58 56 55 54
 1 -49 5 61 60 59 55 51
 10 -29 4 61 59 56 51
 6 -84 6 64 63 61 58 57 55
 2 -44 6 64 63 61 60 55 53
 3 -42 5 68 64 63 61 55
 2 -82 5 68 64 63 58 55
 7 -22 5 67 64 62 58 57
 2 -69 5 67 64 62 61 58
 4 -95 6 70 68 67 66 65 62
 5 -62 4 65 64 63 62
 10 -81 4 67 66 65 62
 4 -79 4 75 67 65 63
 3 -30 7 81 75 74 72 69 68 66
 6 -50 6 81 75 74 72 70 65
 5 -5 6 81 75 70 69 66 64
 6 -94 5 72 69 68 67 66
 7 -53 5 81 75 72 70 66
 8 -55 5 75 74 72 71 69
 6 -40 5 81 80 74 71 70
 4 -11 6 80 79 78 77 74 73
 4 -81 2 71 69
 6 -6 3 80 76 71
 10 -20 2 74 71
 6 -88 2 76 71
 6 -5 3 78 77 73
 5 -27 3 79 78 73
 10 -29 3 79 78 77
 7 -20 3 80 77 76
 10 -86 1 76
 6 -30 1 76
 6 -57 1 80
 8 -79 1 82
 8 -34 1 82
 7 -78 1 82
 2 -70 1 82
 5 -54 1 82
 8 -71 1 82
 0 18920 0
