72
 0 -15 17 2 3 4 5 6 7 8 10 11 12 13 14 15 18 19 20 22
 3 -3 9 46 45 39 35 33 28 26 21 9
 5 -94 14 52 47 44 41 40 39 38 37 35 34 32 31 28 27
 9 -5 10 56 52 47 43 38 37 31 29 27 17
 4 -24 7 38 33 31 30 29 28 16
 2 -4 6 47 39 38 28 24 16
 5 -16 12 52 48 45 43 42 38 37 36 33 32 27 25
 7 -57 10 56 47 45 44 39 37 35 34 27 24
 3 -14 8 47 44 43 42 38 27 25 23
 10 -59 3 42 41 17
 7 -95 11 70 56 52 51 48 47 45 44 43 31 27
 2 -11 10 70 52 51 48 46 41 38 35 34 27
 8 -84 11 70 67 56 47 46 45 44 43 42 37 31
 7 -77 10 70 56 51 48 47 45 44 38 31 27
 2 -78 10 71 69 67 56 49 47 45 39 33 28
 8 -70 9 70 52 51 48 45 41 37 35 27
 8 -4 7 71 69 67 45 40 33 28
 4 -18 10 71 69 68 67 47 45 43 42 36 33
 9 -23 7 70 51 48 39 36 35 27
 8 -1 6 56 45 43 40 34 27
 3 -26 11 70 68 67 56 55 51 48 47 44 43 31
 1 -86 9 70 68 67 56 51 47 37 35 31
 9 -82 14 71 70 69 68 67 66 64 55 53 52 51 50 49 48
 2 -45 8 70 67 52 51 48 43 36 31
 6 -50 10 70 68 67 66 64 53 51 49 41 34
 7 -67 10 71 70 69 68 67 65 64 50 43 37
 9 -74 13 71 69 68 67 66 65 64 63 61 58 55 53 50
 5 -59 7 68 64 61 53 51 48 36
 9 -58 9 66 65 64 55 54 53 50 49 44
 2 -12 7 67 64 62 53 49 48 45
 1 -100 8 69 65 64 63 54 53 50 49
 8 -31 7 66 64 62 60 53 51 49
 9 -9 7 66 64 61 59 57 55 44
 7 -30 6 65 63 58 55 54 50
 6 -54 6 66 63 60 54 53 49
 3 -9 5 63 58 55 54 50
 4 -25 5 63 60 59 53 49
 7 -32 5 65 62 59 54 49
 9 -19 5 63 61 60 53 50
 9 -70 5 70 66 59 54 49
 1 -82 6 63 62 60 59 58 56
 7 -8 4 64 58 53 51
 9 -47 4 62 58 54 53
 2 -68 4 63 62 60 58
 3 -19 3 66 57 55
 10 -59 3 68 61 53
 7 -49 3 64 59 57
 7 -60 2 63 54
 3 -73 2 61 58
 3 -6 2 62 59
 9 -88 2 65 59
 4 -13 2 61 57
 4 -52 1 57
 6 -81 1 57
 7 -94 1 60
 5 -17 1 57
 10 -9 1 72
 7 -58 1 72
 9 -9 1 72
 8 -54 1 72
 10 -17 1 72
 3 -81 1 72
 3 -32 1 72
 1 -26 1 72
 4 -63 1 72
 2 -15 1 72
 9 -96 1 72
 10 -31 1 72
 3 -43 1 72
 4 -14 1 72
 8 -51 1 72
 0 15525 0
