82
 0 -77 11 2 3 4 5 6 7 8 9 10 11 14
 8 -42 7 32 29 28 26 20 18 12
 10 -83 7 35 27 25 23 20 19 13
 5 -100 7 36 27 26 24 19 15 13
 1 -66 5 24 23 22 19 13
 1 -94 8 47 37 36 35 32 29 21 18
 8 -50 9 47 36 33 32 29 28 24 23 22
 10 -19 5 35 24 23 19 16
 4 -12 4 36 31 27 13
 8 -36 9 40 37 36 35 33 32 28 24 23
 4 -93 7 42 37 36 32 29 23 19
 8 -95 3 33 22 17
 8 -61 11 47 42 41 39 37 34 33 32 30 29 28
 9 -64 8 47 44 42 36 33 30 28 23
 4 -99 7 42 40 37 35 33 30 23
 5 -13 8 40 39 37 34 33 31 30 28
 6 -91 7 47 46 45 40 35 34 24
 2 -80 5 44 42 33 27 23
 3 -54 8 47 40 39 38 34 33 31 30
 5 -89 6 46 45 40 36 34 24
 3 -21 5 44 42 40 33 23
 6 -33 8 56 48 42 40 39 38 31 30
 3 -89 8 51 50 45 43 41 39 38 34
 5 -4 5 48 42 39 31 30
 5 -76 12 67 56 53 51 50 49 48 46 45 43 42 40
 10 -59 9 52 51 50 48 46 43 41 39 37
 3 0 6 56 52 48 40 39 30
 2 -69 9 61 53 52 50 49 48 45 43 38
 3 -13 10 67 55 53 52 51 50 48 46 43 40
 5 -93 10 81 67 66 65 57 53 51 50 49 43
 3 -49 9 81 67 60 59 52 50 49 44 41
 9 -10 8 61 60 57 53 48 46 45 43
 4 -29 9 67 61 59 57 56 52 50 48 45
 7 -32 11 68 66 60 59 58 57 56 55 54 52 48
 1 -25 14 81 80 68 66 65 64 60 58 57 56 55 54 53 50
 8 -49 9 80 68 60 58 57 55 54 52 48
 2 -1 7 68 67 64 59 57 55 44
 8 -70 8 66 64 63 60 59 57 55 46
 8 -96 9 81 77 67 60 59 58 57 54 53
 3 -27 7 64 63 61 60 59 57 54
 7 -70 8 77 68 66 64 63 58 57 54
 1 -17 8 81 80 79 66 65 64 54 52
 2 -10 8 78 77 75 64 63 62 59 58
 4 -48 7 79 77 66 65 63 58 54
 10 -81 6 81 77 66 63 55 54
 2 -21 8 80 79 78 77 76 68 65 54
 6 -93 6 77 76 67 66 65 54
 3 -80 9 81 77 76 75 74 65 64 63 62
 2 -91 4 78 63 55 54
 5 -86 9 78 77 76 75 74 71 70 69 62
 10 -52 6 75 72 71 70 69 61
 6 -39 5 77 74 69 63 62
 7 -24 4 76 69 63 62
 2 -36 5 75 74 71 69 62
 6 -80 6 79 76 74 73 70 69
 3 -71 6 79 78 75 74 70 69
 7 -43 5 79 78 75 71 69
 2 -47 5 76 74 72 71 70
 7 -71 4 80 79 72 71
 1 -41 4 76 74 72 69
 9 -52 2 77 68
 10 -27 2 73 72
 2 -97 2 71 70
 3 -89 2 72 69
 3 -77 2 73 70
 7 -8 2 78 71
 3 -59 2 70 69
 6 -89 1 73
 6 -57 1 82
 10 -51 1 82
 5 -66 1 82
 3 -78 1 82
 9 -95 1 82
 7 -70 1 82
 1 -28 1 82
 9 -6 1 82
 7 -58 1 82
 5 -88 1 82
 6 -83 1 82
 5 -33 1 82
 8 -24 1 82
 0 22495 0
