82
 0 -10 15 2 3 4 5 6 7 8 9 10 12 14 16 19 20 26
 8 -36 7 37 29 28 24 21 18 17
 8 -86 6 29 28 27 22 17 15
 9 -73 5 43 37 30 23 13
 4 -19 7 37 36 33 24 23 21 17
 4 -13 7 35 33 31 25 24 22 21
 4 -88 3 28 25 11
 9 -9 5 29 28 21 17 15
 7 -95 8 43 33 32 30 29 28 23 22
 2 -34 9 51 40 35 34 32 30 29 24 22
 10 -33 7 51 43 35 33 32 22 21
 5 -71 7 43 39 37 33 29 25 21
 9 -77 6 46 38 33 29 28 17
 2 -55 7 51 42 40 34 33 30 22
 2 -58 7 42 40 39 36 33 30 25
 1 -54 7 49 46 40 39 35 29 25
 5 -22 6 49 40 39 35 34 25
 6 -59 5 42 39 33 32 30
 4 -5 9 51 49 48 46 45 42 38 33 32
 5 -46 9 49 48 47 46 40 39 35 34 33
 3 -95 6 52 42 41 40 34 30
 2 -26 8 52 48 46 44 41 39 37 36
 6 -50 8 52 51 48 47 46 42 40 34
 7 -28 7 53 52 49 46 44 43 39
 1 -73 6 62 54 51 48 44 32
 1 -84 5 52 47 41 36 35
 5 -30 9 62 59 54 53 52 51 47 45 44
 1 -99 12 81 80 62 61 59 55 54 53 52 47 45 41
 4 -80 4 47 44 42 36
 2 -18 5 54 49 48 46 38
 8 -36 4 52 49 45 38
 2 -57 10 81 80 61 59 55 53 52 50 47 41
 2 -72 7 62 55 54 53 52 50 44
 2 -73 7 79 59 55 54 53 50 44
 8 -10 5 79 78 55 44 42
 5 -2 9 80 79 67 61 57 55 54 53 50
 2 -66 8 81 80 79 62 58 55 53 47
 1 -43 7 79 78 62 59 56 55 44
 6 -78 6 81 78 62 61 54 45
 8 -92 4 60 56 55 44
 4 -88 11 79 78 76 67 66 65 63 60 58 57 56
 3 -25 8 66 63 62 60 59 58 57 56
 1 -84 5 78 67 65 55 50
 7 -12 10 81 80 77 76 74 67 65 63 61 58
 5 -83 5 79 76 65 60 50
 3 -48 6 81 80 64 62 59 56
 4 -7 8 78 76 70 65 64 63 60 56
 8 -89 7 80 78 75 67 64 60 55
 7 -99 7 76 74 67 63 60 58 57
 7 -51 5 77 66 63 58 56
 1 -50 5 81 80 79 61 55
 2 -10 5 79 74 64 63 57
 10 -38 7 78 74 73 69 66 65 64
 4 -28 5 76 71 70 68 60
 7 -45 7 77 76 74 71 70 69 68
 5 -83 6 75 74 73 72 69 68
 9 -29 5 75 71 70 69 68
 3 -97 4 73 72 68 64
 5 -7 4 76 72 70 65
 2 -44 4 77 73 72 69
 4 -6 3 75 68 66
 9 -53 2 71 67
 5 -62 2 73 72
 1 -70 1 71
 5 -93 1 68
 3 -27 1 70
 8 -71 1 69
 2 -38 1 82
 1 -7 1 82
 8 -6 1 82
 10 -26 1 82
 6 -51 1 82
 1 -85 1 82
 5 -25 1 82
 8 -10 1 82
 1 -80 1 82
 7 -35 1 82
 9 -29 1 82
 4 -15 1 82
 7 -94 1 82
 9 -18 1 82
 0 19865 0
