82
 0 -5 9 2 3 4 5 6 8 10 11 12
 7 -68 9 31 28 27 24 22 20 19 16 9
 1 -64 10 31 30 29 28 27 26 23 18 17 15
 3 -16 8 36 31 28 24 23 22 20 13
 4 -96 4 31 30 27 7
 4 -72 7 32 26 24 23 22 20 18
 6 -7 5 46 32 26 18 14
 3 -70 12 53 49 46 38 37 36 35 32 31 30 29 23
 2 -58 7 49 35 32 29 25 23 21
 8 -74 8 49 39 35 34 29 26 25 21
 10 -58 6 49 35 32 26 22 21
 5 -46 12 49 46 44 38 37 36 35 34 32 29 28 27
 6 -73 6 39 38 34 29 26 17
 9 -71 10 49 39 38 37 36 35 34 33 29 25
 6 -41 9 49 42 39 38 36 35 34 32 25
 5 -80 7 50 42 41 36 34 33 26
 1 -58 10 52 50 49 46 44 42 41 35 33 32
 7 -63 7 53 39 38 36 35 34 33
 8 -56 7 46 44 39 38 35 34 33
 7 -29 9 57 53 50 49 44 42 41 35 33
 5 -17 8 57 52 48 46 38 37 36 33
 3 -90 6 53 50 46 37 34 29
 9 -97 4 50 39 34 33
 6 -99 10 62 53 52 50 49 47 46 45 43 40
 1 -57 10 61 59 53 52 50 47 45 44 41 40
 9 -8 9 68 53 52 51 48 47 45 44 37
 10 -40 11 62 58 53 52 51 50 48 47 45 43 41
 6 -88 5 59 50 45 41 33
 5 -44 9 62 61 58 52 48 47 45 43 42
 9 -3 5 59 57 47 44 33
 8 -30 4 50 45 41 33
 6 -94 7 61 59 58 47 45 43 40
 1 -22 5 62 61 58 43 40
 5 -89 6 68 61 59 52 47 45
 3 -68 9 68 66 64 61 60 59 56 48 47
 5 -68 9 66 64 62 61 59 58 56 54 47
 6 -80 7 67 62 61 58 56 54 43
 8 -82 6 62 61 59 54 50 41
 4 -57 5 61 60 56 54 41
 3 -50 7 68 67 66 63 56 54 51
 8 -61 9 73 71 68 67 66 65 64 63 55
 8 -93 6 68 67 63 59 56 55
 10 -39 7 73 71 66 64 63 60 55
 5 -47 7 81 79 71 67 64 58 54
 2 -72 6 81 72 66 63 57 56
 6 -48 5 80 66 61 59 56
 5 -100 7 78 73 71 70 67 65 55
 1 -81 6 81 80 79 73 71 54
 8 -34 8 80 79 78 72 71 65 64 63
 1 -9 8 81 80 77 75 73 71 69 66
 10 -8 6 78 72 71 70 69 60
 2 -82 4 80 73 69 64
 6 -47 7 81 80 79 77 76 75 69
 9 -76 5 78 72 70 69 65
 3 -47 6 81 79 77 75 72 69
 1 -14 5 78 74 73 71 70
 7 -28 5 80 79 75 70 69
 9 -81 4 78 76 65 63
 8 -83 4 76 75 72 69
 3 -80 3 77 76 65
 2 -35 2 71 65
 6 -15 3 79 78 74
 3 -4 2 75 69
 4 -72 2 75 70
 1 -93 2 75 74
 2 -2 2 79 78
 3 -68 2 80 74
 10 -42 2 76 75
 6 -43 1 74
 10 -24 1 77
 2 -60 1 76
 8 -73 1 74
 2 -51 1 76
 8 -16 1 82
 1 -13 1 82
 1 -31 1 82
 10 -90 1 82
 8 -89 1 82
 10 -82 1 82
 7 -57 1 82
 9 -66 1 82
 0 22220 0
