82
 0 -71 6 2 3 4 6 8 9
 5 -28 4 20 14 10 7
 2 -83 3 20 19 7
 7 -63 2 11 5
 9 -22 9 25 24 23 21 20 18 16 13 12
 5 -59 9 25 24 23 21 20 19 18 16 13
 4 -59 7 25 24 23 22 16 13 11
 10 -67 8 26 25 24 23 22 21 20 15
 1 -10 5 22 20 16 15 11
 7 -42 8 29 28 25 23 22 21 19 17
 7 -17 5 28 26 21 18 17
 7 -81 4 29 28 22 17
 6 -15 1 15
 4 -81 5 28 27 26 23 22
 5 -16 4 31 29 28 17
 4 -45 3 33 28 26
 6 -73 5 36 35 34 30 27
 4 -18 5 36 35 34 30 27
 9 -32 5 41 36 32 31 30
 3 -14 4 36 35 34 27
 6 -63 7 41 40 36 35 34 33 32
 8 -98 6 41 40 36 33 32 31
 8 -97 6 40 36 34 33 32 31
 4 -37 2 30 28
 9 -72 3 41 31 30
 1 0 5 44 41 40 36 31
 3 -95 4 41 40 33 32
 8 -63 3 35 34 32
 2 -75 3 40 37 33
 9 -28 3 49 40 33
 1 -87 3 48 39 35
 1 -93 4 48 44 42 37
 2 -28 4 48 44 39 38
 7 -88 4 49 48 39 38
 7 -69 2 47 37
 7 -79 3 48 43 39
 2 -48 2 49 38
 3 -37 3 52 45 43
 10 -10 2 46 42
 3 -88 2 46 42
 1 -24 4 50 47 46 45
 2 -50 4 52 51 50 47
 3 -52 3 51 50 46
 3 -70 3 52 50 47
 3 -54 3 59 57 51
 5 -92 4 59 58 57 53
 2 -52 3 59 55 53
 6 -58 3 58 54 53
 2 -36 1 50
 5 -70 4 60 59 58 54
 10 -51 3 62 60 55
 10 -8 8 70 64 63 62 61 60 59 58
 2 -49 6 65 64 62 61 60 56
 7 -90 4 68 64 62 57
 6 -65 4 64 61 58 56
 5 -37 9 81 80 73 70 69 68 67 66 63
 8 -51 8 80 73 70 69 67 65 63 61
 9 -87 6 81 80 72 71 67 65
 3 -14 5 80 71 69 68 66
 7 -38 6 79 78 76 73 71 66
 7 -56 6 79 78 77 75 72 71
 8 -41 5 81 77 76 75 74
 4 -62 4 79 78 75 71
 7 -56 4 79 77 75 74
 2 -2 1 66
 4 -45 3 77 75 74
 10 -66 3 78 76 74
 3 -62 2 75 72
 10 -69 2 78 74
 7 -25 1 71
 9 -37 1 74
 4 -25 1 76
 2 -64 1 74
 5 -57 1 82
 4 -27 1 82
 1 -33 1 82
 2 -13 1 82
 5 -32 1 82
 6 -77 1 82
 2 -23 1 82
 2 -6 1 82
 0 20385 0
