82
 0 -82 12 2 3 4 5 6 7 9 11 12 16 17 18
 6 -14 4 23 13 10 8
 6 -53 6 40 32 29 26 25 10
 10 -43 7 32 29 26 24 23 14 13
 10 -22 9 45 39 32 31 29 28 20 19 15
 3 -82 10 45 34 32 29 28 26 25 24 23 21
 8 -27 9 44 34 32 29 28 27 26 22 21
 10 -71 8 45 39 32 29 27 26 20 15
 3 -90 7 45 44 31 25 24 20 13
 9 -25 6 39 28 24 22 20 19
 10 -37 9 45 44 39 31 28 27 26 25 24
 5 -99 7 44 40 29 28 26 24 22
 4 -41 5 42 34 28 27 21
 10 -100 12 45 44 42 40 39 38 36 35 34 33 31 30
 8 -2 8 53 44 42 40 35 30 25 24
 3 -42 7 54 47 39 38 36 33 26
 1 -1 7 53 44 40 36 35 33 28
 3 -50 9 53 47 44 43 42 40 38 36 30
 5 -97 5 51 44 38 30 27
 7 -36 8 54 53 43 42 37 36 35 34
 7 -20 6 47 40 39 38 37 33
 1 -64 6 47 45 36 35 33 31
 6 -70 6 54 53 44 42 35 30
 3 -24 9 57 54 52 51 49 47 41 37 36
 2 -80 5 49 38 37 36 33
 5 -30 4 57 51 42 30
 7 -20 5 57 53 47 36 35
 1 -42 3 54 47 30
 7 -74 5 52 51 47 42 35
 5 -40 6 55 52 49 46 41 37
 7 -51 5 55 51 49 41 37
 5 -84 5 62 52 51 49 36
 2 -89 7 62 55 52 51 46 43 41
 1 -8 10 63 62 58 57 55 51 50 49 48 47
 7 -80 9 80 78 63 62 58 55 50 49 41
 2 -77 10 80 69 63 61 60 59 56 55 48 46
 3 -58 11 80 69 63 62 61 60 59 58 56 50 48
 6 -12 8 69 62 61 59 56 55 48 46
 3 -85 8 64 61 60 59 53 51 49 48
 2 -23 11 80 79 78 77 76 69 68 62 61 60 57
 7 -99 9 81 79 69 68 66 64 60 59 56
 3 -1 7 76 64 63 62 61 59 48
 7 -33 5 64 61 59 56 48
 4 -43 8 80 79 78 66 64 60 59 56
 7 -41 6 80 78 69 67 58 55
 8 -40 8 81 79 75 74 71 67 64 58
 6 -97 9 80 78 76 75 74 72 69 66 61
 4 -70 9 79 78 77 74 72 71 68 66 65
 5 -23 6 74 69 68 67 66 65
 3 -7 7 79 74 72 71 68 66 65
 3 -74 5 80 75 71 70 56
 5 -39 5 74 72 68 66 61
 6 -19 4 78 75 66 56
 6 -42 6 78 74 73 69 68 66
 2 -52 6 76 75 74 72 70 65
 1 -86 4 77 76 74 67
 3 -76 3 71 67 66
 2 -86 3 77 76 66
 6 -50 3 77 72 70
 6 -73 3 75 71 70
 3 -68 2 71 65
 6 -10 2 74 65
 3 -42 2 71 65
 1 -24 1 65
 3 -10 1 73
 3 -43 1 70
 4 -24 1 72
 10 -35 1 75
 8 -57 1 71
 7 -61 1 82
 5 -12 1 82
 5 -98 1 82
 9 -36 1 82
 7 -41 1 82
 9 -58 1 82
 5 -4 1 82
 6 -91 1 82
 5 -54 1 82
 4 -67 1 82
 9 -97 1 82
 7 -23 1 82
 0 20255 0
