82
 0 -51 7 2 3 4 5 8 11 13
 3 -27 5 19 17 16 9 7
 8 -63 4 19 18 17 6
 2 -65 4 18 17 16 7
 10 -52 4 17 16 12 10
 6 -26 3 16 15 12
 3 -49 2 15 12
 8 -47 2 15 12
 10 -27 3 20 15 14
 3 -56 3 20 15 14
 7 -9 4 29 20 19 15
 8 -46 3 24 20 14
 5 -28 6 26 24 23 22 21 20
 4 -11 6 29 27 26 23 22 21
 10 -4 5 32 27 24 23 21
 9 -39 5 34 28 26 23 21
 1 -30 6 33 32 30 27 25 23
 5 -78 2 29 20
 5 -71 2 22 21
 9 -31 5 33 31 30 27 25
 9 -89 2 30 25
 9 -4 3 35 34 28
 8 -9 4 42 39 38 31
 6 -77 2 33 30
 1 -68 5 42 39 38 37 36
 6 -53 2 39 32
 5 -34 3 41 35 34
 5 -76 3 41 38 33
 2 -22 2 42 31
 6 -40 2 39 35
 1 -80 2 41 35
 6 -98 2 42 35
 9 -20 3 44 42 37
 1 -68 3 44 42 37
 8 -83 2 44 37
 9 -63 6 51 46 45 44 43 41
 5 -97 4 54 50 46 40
 6 -37 3 54 46 40
 7 -97 4 45 44 43 41
 6 -22 5 53 51 49 45 43
 3 -56 6 54 53 52 49 48 47
 2 -71 6 63 62 56 54 53 47
 1 -96 3 52 48 47
 9 -30 3 62 53 47
 7 -94 2 63 47
 4 -7 8 69 64 63 62 61 60 57 56
 2 -90 6 69 60 59 58 57 55
 5 -19 6 69 64 62 61 60 56
 8 -55 6 69 64 63 61 60 56
 6 -59 5 64 62 60 59 56
 9 -44 7 72 70 69 66 62 61 58
 5 -12 4 62 61 60 56
 5 -3 5 70 69 67 66 59
 5 -61 4 72 66 64 58
 6 -63 6 81 70 68 67 66 64
 2 -48 7 81 77 76 73 72 70 66
 9 -13 6 81 73 72 71 68 65
 2 -2 5 81 76 71 68 67
 2 -12 2 72 61
 3 -49 4 71 70 67 65
 6 -70 4 81 77 71 65
 9 -6 3 81 68 65
 4 -81 5 76 75 74 72 68
 1 -45 3 73 71 65
 5 -18 4 80 76 75 74
 7 -19 3 80 74 71
 7 -95 2 75 73
 2 -48 3 79 78 77
 3 -9 3 80 78 74
 3 -63 3 80 79 78
 2 -4 2 79 75
 4 -18 2 80 78
 8 -30 1 74
 9 -78 1 79
 4 -9 1 78
 7 -31 1 78
 7 -75 1 80
 3 -17 1 82
 9 -12 1 82
 6 -90 1 82
 7 -9 1 82
 0 18290 0
