82
 0 -47 7 2 3 4 6 7 8 18
 7 -75 4 16 14 10 5
 9 -36 4 20 13 12 9
 6 -16 3 16 12 11
 4 -42 4 21 20 17 13
 6 -19 4 21 20 15 13
 7 -75 4 23 19 16 11
 3 -51 3 17 15 14
 7 -48 3 23 21 15
 9 -9 6 25 24 23 22 21 20
 7 -43 6 28 25 24 22 21 20
 5 -58 4 23 22 21 19
 3 -55 3 23 22 19
 8 -17 3 23 20 19
 9 -96 3 25 22 19
 4 -94 5 30 29 28 27 24
 7 -81 4 31 30 25 24
 9 -95 4 30 29 27 24
 2 -14 4 31 30 29 24
 5 -33 6 36 33 32 29 27 26
 5 -49 6 36 33 32 31 30 26
 3 -56 5 36 32 29 27 26
 8 -35 5 36 32 30 28 26
 5 -48 4 36 33 32 26
 8 0 4 36 32 29 26
 8 -27 6 46 42 40 38 35 34
 4 -51 4 40 38 34 31
 7 -16 4 40 35 34 33
 5 -6 4 46 40 38 34
 2 -37 4 46 39 38 37
 1 -20 4 46 43 42 37
 7 -67 5 45 43 42 41 39
 5 -39 4 51 46 45 38
 9 -13 3 43 39 37
 8 -93 3 43 39 37
 3 -5 7 51 49 48 46 45 44 43
 9 -74 5 51 48 47 45 41
 2 -98 5 48 47 44 43 41
 4 -88 9 57 56 55 54 51 49 48 47 44
 3 -55 6 57 56 55 54 47 44
 9 -7 9 60 57 56 55 54 53 52 50 49
 8 -86 5 57 56 55 49 44
 6 -33 8 60 57 56 55 54 53 52 50
 2 -25 6 61 60 59 53 52 50
 6 -66 4 68 59 56 50
 5 -77 6 68 67 63 59 58 57
 4 -34 4 67 63 61 52
 2 -47 4 67 63 59 58
 3 -46 6 70 68 67 66 65 59
 10 -96 5 67 64 63 62 58
 3 -85 5 67 64 62 61 58
 4 -92 8 77 73 70 68 66 65 64 62
 2 -40 7 73 70 68 67 66 64 62
 10 -91 7 77 73 70 66 65 64 62
 6 -34 6 73 66 65 64 62 61
 7 -43 6 72 70 69 67 65 64
 7 -11 6 77 73 72 70 69 64
 6 -11 5 73 72 70 66 65
 6 -1 3 73 64 62
 9 -71 5 81 77 72 70 64
 8 -63 4 72 71 70 69
 9 -35 4 76 75 72 69
 9 -45 2 80 66
 3 -55 3 75 74 71
 3 -32 3 75 74 71
 7 -9 2 75 69
 10 -33 2 77 71
 8 -76 2 74 71
 5 -72 3 81 79 74
 4 -85 3 80 76 75
 8 -2 3 80 79 78
 10 -12 3 80 79 78
 5 -62 2 81 78
 10 -47 1 78
 2 -84 1 78
 2 -33 1 78
 10 -21 1 79
 8 -58 1 82
 1 -90 1 82
 7 -9 1 82
 8 -49 1 82
 0 19245 0
