82
 0 -66 6 2 3 4 7 10 12
 1 -4 5 17 9 8 6 5
 8 -29 2 17 5
 7 -99 3 20 16 8
 8 -71 4 20 19 15 11
 4 -1 4 20 15 14 13
 1 -80 4 19 16 15 11
 1 -43 2 19 11
 9 -27 4 23 19 16 15
 2 -19 4 28 24 23 15
 3 -94 3 23 18 14
 5 -52 3 28 19 15
 1 -17 3 23 19 18
 9 -48 6 31 28 27 25 24 21
 8 -39 2 31 18
 4 -87 5 31 27 25 22 21
 10 -74 5 31 27 25 22 21
 9 -63 4 27 25 22 21
 4 -74 4 31 27 24 21
 8 -10 3 30 27 22
 2 -1 3 33 29 26
 1 -29 8 41 38 37 36 35 33 32 29
 9 -93 3 38 33 26
 10 -37 7 42 39 38 36 34 33 30
 5 -17 7 41 40 38 37 36 35 32
 10 -2 4 41 36 32 30
 4 -12 7 43 41 40 39 36 35 34
 7 -15 4 42 41 38 32
 3 -4 7 46 44 43 42 40 39 34
 7 -83 5 45 43 40 37 35
 8 -21 4 42 39 36 35
 9 -2 4 45 44 39 34
 7 -9 6 51 50 49 47 44 40
 7 -12 7 61 57 51 50 49 48 47
 7 -5 6 61 51 50 49 47 46
 2 -81 4 50 49 45 44
 4 -63 3 50 49 44
 4 -30 3 51 48 43
 10 -86 5 61 56 50 49 47
 9 -73 5 61 58 57 53 48
 3 -32 4 61 53 51 49
 7 -48 3 49 48 47
 2 -62 8 61 60 58 57 56 55 54 53
 6 -61 4 61 57 53 48
 6 -6 6 58 56 55 54 53 52
 6 -28 6 57 56 55 54 53 52
 9 -65 4 55 54 53 52
 4 -36 3 56 54 52
 8 -76 4 60 59 55 54
 1 -77 4 59 58 55 54
 5 -55 3 65 58 56
 10 -40 4 71 66 60 59
 9 -44 4 71 65 63 59
 2 -28 6 81 71 68 66 65 62
 4 -20 5 81 68 65 63 62
 6 -87 4 81 68 63 62
 3 -58 4 71 68 63 62
 5 -18 8 73 72 71 70 69 68 67 64
 5 -82 4 72 68 67 62
 7 -41 5 81 80 70 69 65
 3 -76 6 81 79 78 72 71 66
 8 -84 3 73 70 64
 5 -40 4 78 73 72 66
 10 -56 7 80 79 78 77 76 75 74
 7 -88 3 76 72 67
 8 -58 2 76 67
 4 -15 3 77 75 74
 4 -82 3 77 75 74
 6 -48 3 78 76 74
 1 -54 2 79 75
 7 -87 2 76 75
 5 -5 1 74
 7 -97 1 76
 10 0 1 82
 8 -49 1 82
 10 -30 1 82
 4 -21 1 82
 3 -86 1 82
 5 -78 1 82
 9 -61 1 82
 8 -76 1 82
 0 19135 0
