72
 0 -21 12 2 3 4 5 6 7 8 9 11 18 19 22
 1 -38 11 41 32 30 28 27 26 23 17 16 14 12
 9 -48 9 50 47 31 30 27 26 24 16 10
 6 -41 10 50 32 31 28 26 25 24 21 13 12
 3 -7 11 71 50 46 45 42 36 32 29 21 20 15
 8 -12 12 71 54 50 49 45 42 36 34 32 25 24 15
 5 -69 12 50 49 45 43 42 41 40 31 30 26 24 23
 6 -78 11 71 55 54 49 46 45 42 36 32 27 15
 7 -30 14 50 49 47 45 42 41 40 38 37 36 35 33 30 26
 6 -37 8 71 52 45 42 41 33 32 17
 9 -71 16 71 70 54 53 49 48 46 45 44 43 42 41 40 39 37 27
 3 -14 15 54 53 52 48 45 44 42 40 39 37 36 35 34 33 29
 9 -41 16 71 70 55 54 53 49 48 45 44 43 42 40 39 38 36 35
 4 -92 10 71 70 54 50 49 46 39 36 35 24
 6 -26 13 70 68 53 52 48 47 44 43 41 40 38 35 28
 3 -20 12 71 70 53 52 48 46 45 43 42 36 35 29
 7 -68 8 54 49 48 44 40 38 36 25
 3 -61 12 69 68 54 53 52 51 47 44 40 38 36 33
 1 -26 11 70 68 67 66 55 53 47 46 43 39 30
 10 -32 9 67 54 52 49 48 40 39 33 31
 2 -78 11 70 69 64 63 52 51 48 41 40 38 37
 6 -72 11 70 67 65 62 54 53 52 51 48 38 35
 9 -50 9 70 68 67 51 48 47 39 36 35
 2 -97 9 65 63 55 53 52 51 48 38 37
 6 -68 9 70 69 61 60 58 53 51 39 37
 7 -38 8 71 67 58 54 53 48 46 39
 2 -89 11 69 68 67 65 64 63 62 60 57 52 38
 6 -85 8 67 66 61 60 59 58 57 39
 4 -6 8 68 67 65 64 60 57 51 38
 5 -2 10 71 65 64 63 62 61 60 56 54 52
 1 -92 9 70 69 66 64 63 59 57 55 51
 9 -35 6 69 68 64 60 57 38
 3 -29 9 70 63 62 61 60 59 57 56 55
 1 -23 9 67 66 65 64 63 62 60 58 51
 8 -48 9 69 66 64 63 61 60 58 57 56
 10 -16 6 66 64 63 62 59 56
 5 -28 6 68 67 62 59 57 56
 8 -1 5 66 61 59 58 56
 2 -42 5 65 64 63 62 56
 4 -52 5 65 62 60 57 56
 3 -12 5 66 59 58 57 56
 10 -98 4 61 60 57 51
 7 -14 4 69 62 60 51
 5 -12 4 67 61 60 56
 7 -81 3 64 62 59
 4 -64 3 63 61 60
 10 -4 3 58 57 56
 3 -4 2 57 56
 5 -13 2 68 56
 3 -71 2 65 61
 10 -78 1 56
 4 -33 1 58
 8 -40 1 57
 5 -4 1 59
 5 -3 1 58
 1 -14 1 72
 1 -91 1 72
 1 -70 1 72
 5 -28 1 72
 9 -35 1 72
 7 -73 1 72
 5 -73 1 72
 4 -74 1 72
 8 -75 1 72
 10 -12 1 72
 4 -91 1 72
 7 -93 1 72
 10 -92 1 72
 5 -50 1 72
 1 -61 1 72
 7 -80 1 72
 0 16630 0
