82
 0 -56 6 2 3 4 5 6 10
 10 -5 4 12 11 8 7
 5 -85 4 18 16 9 8
 8 -67 3 18 11 8
 3 -36 6 19 18 16 15 13 12
 10 -53 3 18 17 8
 7 -51 6 18 17 16 15 14 13
 9 -62 7 22 21 20 19 15 14 13
 5 -51 7 22 21 20 19 15 14 13
 7 -15 7 22 21 20 19 15 14 13
 5 -51 5 24 22 21 19 16
 2 -98 5 31 26 21 20 14
 6 -38 9 33 32 31 30 28 27 26 25 23
 5 -34 7 33 30 28 27 25 24 23
 8 -31 8 39 33 31 30 28 26 25 23
 3 -43 5 33 30 27 25 20
 3 -3 4 32 30 21 20
 10 -97 5 32 28 27 26 22
 10 -14 5 39 32 31 26 25
 6 -72 2 28 23
 9 -2 3 39 33 23
 4 -77 3 38 34 23
 2 -42 3 42 35 29
 2 -12 4 47 43 42 32
 8 -55 3 42 37 29
 5 -16 7 47 46 43 40 38 37 36
 6 0 6 47 46 43 40 39 36
 1 -35 4 46 38 36 34
 2 -54 5 47 46 43 40 36
 2 -32 3 42 38 34
 2 -84 5 47 46 43 41 37
 2 -94 4 46 40 37 36
 10 -47 4 47 46 44 36
 2 -38 5 55 49 47 44 40
 3 -7 2 47 37
 4 -55 5 55 53 49 45 41
 6 0 5 57 55 49 45 44
 4 -92 4 55 49 48 45
 10 -8 4 57 50 48 44
 4 -79 1 41
 2 -45 5 57 56 51 50 48
 8 -55 5 57 56 53 51 50
 7 -13 2 48 44
 4 -41 5 65 59 56 53 52
 3 -23 4 59 56 54 51
 8 -65 3 57 54 48
 10 -46 4 65 56 53 52
 1 -31 3 65 59 52
 9 -95 1 50
 7 -23 5 65 62 59 58 54
 4 -10 2 65 52
 4 -50 6 67 63 62 61 60 58
 10 -99 3 62 58 54
 4 0 6 68 67 66 64 63 61
 6 -33 5 68 67 65 63 59
 10 -79 4 68 67 61 58
 5 -61 3 68 64 58
 8 -96 5 75 71 70 69 66
 5 -7 5 81 79 70 69 64
 10 -46 5 79 70 69 68 64
 6 -98 6 81 78 75 71 70 69
 4 -72 5 80 79 76 69 68
 2 -51 6 80 79 78 75 71 69
 2 -17 7 80 78 77 75 74 73 71
 6 -1 7 79 78 77 76 74 73 71
 5 -1 6 81 80 79 78 76 73
 4 -38 3 75 73 70
 9 -37 4 75 74 73 71
 7 -54 4 77 74 73 72
 9 -75 3 76 74 72
 7 -12 1 72
 9 -94 1 82
 3 -73 1 82
 10 -31 1 82
 4 -51 1 82
 5 -11 1 82
 8 -98 1 82
 6 -88 1 82
 2 -70 1 82
 5 -26 1 82
 5 -80 1 82
 0 18935 0
