82
 0 -23 12 2 3 4 6 7 9 10 11 13 14 16 21
 2 -22 6 31 25 22 20 15 5
 3 -68 4 35 30 12 8
 10 -51 7 38 35 30 23 20 19 12
 7 -62 6 38 35 23 19 17 12
 3 -12 8 36 35 30 26 25 23 20 15
 8 -76 7 37 35 31 30 26 18 15
 2 -29 6 38 36 23 20 18 15
 7 -50 9 47 41 38 36 30 26 24 23 19
 1 -96 5 47 35 26 18 17
 7 -39 5 47 38 34 19 18
 1 -59 6 47 37 34 29 26 18
 1 -13 8 38 37 36 34 33 29 25 22
 8 -35 9 46 39 38 35 33 30 29 28 24
 10 -88 8 47 45 39 34 33 29 28 24
 2 -37 8 47 46 39 38 35 29 28 24
 8 -48 9 55 46 44 39 37 33 30 29 28
 7 -100 5 41 33 28 27 24
 5 -27 7 44 42 37 33 29 28 27
 10 -16 11 55 50 49 47 45 44 43 41 39 37 29
 3 -91 13 57 55 53 50 49 48 47 46 45 44 43 40 39
 7 -95 7 55 48 44 43 42 39 28
 3 -11 8 55 49 46 45 44 39 37 33
 8 -17 11 57 55 53 52 50 49 48 44 43 42 40
 5 -63 9 57 55 50 49 45 42 41 40 39
 10 -50 11 63 58 57 55 53 50 49 46 44 42 39
 4 -81 9 63 60 58 57 51 48 46 45 39
 1 -53 5 56 53 50 49 32
 6 -32 7 64 56 54 53 52 48 40
 1 -16 8 66 63 62 57 52 48 45 42
 7 -14 9 72 66 63 62 58 54 53 47 45
 1 -43 5 60 57 54 52 40
 2 -35 8 66 64 63 62 58 51 48 43
 5 -87 8 71 63 62 58 54 51 48 46
 5 -34 8 72 66 63 62 60 58 52 45
 7 -56 6 62 60 53 51 50 45
 10 -32 7 64 63 62 58 57 56 53
 2 -12 6 71 66 61 58 56 52
 5 -87 8 81 71 70 62 61 59 56 54
 4 -76 6 71 66 63 62 58 51
 5 -15 6 71 69 64 61 52 48
 7 -14 4 72 71 54 51
 1 -13 5 81 71 70 59 56
 5 -36 11 81 79 77 76 72 71 70 69 68 67 61
 3 -51 7 81 77 71 70 64 61 59
 9 -38 3 78 66 52
 6 -9 8 80 79 77 70 69 67 61 60
 10 -3 9 80 79 78 75 72 70 68 67 65
 3 -27 6 81 80 79 69 65 60
 6 -26 7 81 79 78 70 69 67 65
 9 -98 5 78 70 69 61 59
 7 -31 4 79 70 65 59
 6 -89 8 81 80 79 78 76 68 67 61
 2 -50 7 80 79 78 74 69 67 65
 9 -38 6 80 79 75 68 65 64
 6 -13 7 79 77 76 72 69 68 67
 6 -88 5 72 71 70 69 67
 7 -16 7 81 79 78 77 76 73 69
 2 -83 6 80 76 75 74 68 67
 8 -36 4 76 74 73 71
 10 -79 3 75 74 73
 4 -2 3 80 79 77
 8 -56 2 81 67
 6 -99 2 74 67
 7 -27 2 77 76
 1 -8 2 77 73
 5 -16 1 73
 7 -1 1 73
 8 -75 1 75
 4 -72 1 74
 10 -77 1 78
 4 -52 1 74
 10 -67 1 82
 2 -39 1 82
 8 -98 1 82
 7 -5 1 82
 8 -5 1 82
 9 -2 1 82
 8 -9 1 82
 8 -81 1 82
 10 -81 1 82
 0 18305 0
