82
 0 -60 12 2 3 4 6 7 8 9 10 11 12 18 19
 1 -3 5 27 24 22 13 5
 10 -83 9 39 35 24 23 22 21 15 14 13
 2 -35 8 39 30 29 22 20 16 15 14
 3 -1 7 39 35 29 20 17 15 14
 4 -7 6 35 31 28 26 24 13
 8 -80 7 39 35 34 31 22 20 15
 1 -24 10 43 40 35 34 31 29 28 26 24 20
 10 -94 5 35 30 24 20 14
 5 -65 8 43 38 35 30 29 24 22 20
 8 -8 6 39 31 26 24 20 17
 6 -14 10 46 43 38 37 35 34 32 31 30 25
 2 -24 7 43 40 38 34 30 29 20
 10 -34 8 43 38 37 34 33 32 31 25
 4 -4 7 81 45 43 40 33 28 26
 3 -14 6 44 43 42 40 35 24
 7 -23 11 81 50 46 45 44 43 42 40 37 32 30
 4 -20 7 45 43 38 36 32 31 29
 8 -53 5 81 43 38 33 26
 8 -84 9 81 48 45 44 42 37 36 33 32
 2 -18 12 81 50 49 48 47 46 45 43 42 38 36 32
 9 -5 9 81 50 48 44 42 40 37 36 32
 9 -67 6 81 45 42 40 32 30
 2 -5 6 81 45 41 37 36 33
 7 -61 11 81 52 50 49 48 47 45 44 42 41 40
 9 -90 8 50 49 48 47 44 42 36 32
 10 -46 11 81 55 52 51 49 48 47 46 42 41 36
 4 -40 9 55 51 50 49 44 42 41 38 36
 1 -45 11 81 64 55 53 52 50 49 48 47 46 41
 5 -15 5 51 49 48 47 36
 2 -38 6 56 50 49 48 42 41
 8 -72 9 64 60 58 56 55 53 52 51 41
 8 -87 9 80 64 63 53 52 51 50 49 46
 10 -45 7 64 63 60 53 49 47 41
 7 -11 9 80 62 60 58 56 55 54 49 48
 4 -28 10 80 78 75 72 64 63 60 58 54 53
 2 -2 8 80 79 74 63 62 60 49 47
 3 -94 10 80 79 77 74 73 64 62 56 54 52
 4 -52 5 62 55 54 50 49
 3 -3 9 79 78 75 74 72 62 60 58 54
 8 -46 9 80 79 77 75 74 73 72 62 54
 3 -1 6 78 75 64 60 59 53
 3 -75 11 79 78 77 76 74 73 72 70 62 61 56
 1 -67 10 78 77 76 74 72 63 62 59 58 57
 7 -67 8 78 76 71 70 62 60 59 55
 3 -8 9 77 76 75 72 70 67 61 60 56
 10 -95 6 77 76 75 73 57 56
 5 -87 9 77 76 75 74 70 67 66 63 59
 4 -8 8 78 75 73 72 71 67 61 59
 5 -11 8 77 74 72 70 67 66 60 59
 2 -10 7 78 73 72 71 62 61 59
 1 -30 10 78 76 75 72 71 70 68 67 65 61
 9 -72 6 79 77 74 69 68 57
 6 -59 3 76 59 57
 4 -9 7 75 74 72 68 67 65 61
 6 -33 3 71 66 59
 4 -35 4 71 70 67 61
 10 -49 4 70 68 65 61
 10 -75 3 69 68 65
 1 -37 3 73 69 65
 7 -71 1 66
 2 -94 1 67
 3 -23 1 65
 7 -49 1 67
 3 -63 1 82
 6 -40 1 82
 3 -71 1 82
 10 -86 1 82
 1 -44 1 82
 9 -31 1 82
 2 -99 1 82
 10 -91 1 82
 6 -18 1 82
 4 -97 1 82
 9 -51 1 82
 5 -13 1 82
 8 -59 1 82
 9 -79 1 82
 10 -46 1 82
 1 -17 1 82
 10 -99 1 82
 0 18345 0
