82
 0 -34 7 2 3 4 5 6 10 15
 5 -77 4 21 13 9 8
 1 -59 4 20 11 9 7
 10 -3 5 26 21 17 16 11
 6 -82 5 26 20 18 16 12
 1 -48 3 17 14 8
 10 -69 5 26 22 19 18 17
 3 -58 4 26 25 20 16
 9 -65 3 19 17 14
 8 -51 5 29 25 22 19 18
 7 -58 2 19 14
 8 -42 4 30 25 19 17
 4 -28 4 25 22 19 17
 3 -3 6 30 29 25 24 23 22
 4 -73 6 30 29 27 25 23 22
 10 -36 2 22 19
 1 -85 4 33 29 24 23
 4 -45 5 34 33 30 28 24
 1 -3 3 33 24 23
 10 -68 3 29 23 22
 5 -41 6 34 33 32 29 28 27
 2 -26 6 38 37 35 34 33 32
 1 -21 4 38 34 31 28
 5 -14 2 32 27
 6 -5 4 46 44 38 31
 9 -20 4 38 37 35 33
 9 -78 3 44 38 31
 7 -70 7 47 46 44 40 37 36 35
 8 -100 2 38 31
 9 -80 3 41 37 32
 8 -45 5 47 40 37 36 35
 4 -31 6 47 46 43 42 40 36
 2 -45 6 47 44 42 41 40 36
 7 -12 5 47 43 42 41 36
 7 -31 5 52 51 42 41 39
 2 -60 4 52 51 45 39
 4 -97 3 51 43 42
 6 -8 3 49 42 40
 9 -22 7 64 58 55 54 53 49 48
 10 -76 4 55 53 48 45
 6 -79 4 55 54 53 45
 7 0 3 54 48 45
 9 -91 5 62 60 55 53 50
 6 -18 2 56 45
 7 -68 5 64 62 61 60 50
 4 -28 7 66 62 61 60 57 56 55
 1 -49 3 62 55 53
 10 -42 5 66 62 60 57 56
 1 -83 5 66 63 61 60 56
 10 -50 5 66 63 59 58 57
 2 -15 5 74 64 63 60 56
 10 -92 5 63 62 61 59 57
 6 -12 4 66 63 61 56
 3 -91 2 63 57
 8 -90 4 74 72 63 59
 7 -57 3 71 65 59
 4 -59 4 74 69 67 65
 2 -82 6 77 76 73 72 71 69
 6 -55 4 77 73 69 67
 9 -18 3 70 68 65
 1 -25 4 77 74 69 68
 6 -29 4 76 74 73 69
 6 -40 3 76 71 69
 4 -94 3 76 73 70
 8 -34 4 81 77 73 72
 9 -54 2 77 70
 1 -90 1 68
 7 -25 4 81 80 76 75
 3 -22 1 70
 3 -37 4 81 80 78 75
 3 -76 4 81 80 79 78
 4 -79 3 80 79 78
 5 -2 2 79 78
 2 -6 2 81 80
 6 -67 1 79
 5 -16 1 78
 4 -36 1 78
 4 -88 1 82
 7 -68 1 82
 6 0 1 82
 6 -49 1 82
 0 19425 0
