82
 0 -33 18 2 3 4 5 6 7 8 9 11 12 13 14 16 17 21 22 27 37
 4 -93 13 51 46 43 36 35 34 33 32 26 24 23 18 15
 8 -40 8 51 48 41 40 36 33 31 10
 7 -75 13 48 47 44 42 41 40 39 38 36 32 30 28 24
 2 -88 9 47 46 44 43 41 38 33 19 18
 6 -39 12 56 51 46 44 41 39 38 33 31 29 26 23
 4 -58 10 54 48 47 46 43 40 35 31 29 15
 9 -84 8 47 46 43 32 31 30 26 15
 2 -33 12 54 51 49 48 47 46 44 42 41 36 29 24
 1 -36 12 56 54 50 49 46 44 43 42 39 38 29 25
 7 -52 5 60 51 36 23 20
 9 -50 4 43 31 23 15
 2 -48 10 67 65 60 49 45 43 42 38 36 29
 5 -16 12 67 65 63 56 53 51 50 49 44 42 41 39
 6 -43 13 81 67 65 64 59 56 53 52 50 49 41 39 38
 2 -79 12 79 65 64 63 59 58 56 54 48 46 41 40
 9 -33 10 81 80 78 65 60 52 49 45 40 30
 2 -44 7 80 66 65 42 39 31 29
 3 -50 11 81 78 67 63 60 59 57 56 55 45 32
 2 -23 10 81 79 67 64 59 58 48 46 39 35
 9 -45 9 66 65 64 56 54 50 47 43 39
 7 -88 9 80 60 59 55 54 51 50 42 31
 9 -54 13 81 76 67 66 63 58 57 55 54 53 52 49 47
 9 -77 14 81 80 79 78 76 67 65 63 62 61 60 57 52 45
 10 -41 12 81 78 76 67 65 63 62 61 57 52 47 45
 2 -11 15 81 80 79 78 76 75 65 64 63 62 59 57 55 52 50
 8 -31 10 79 78 67 63 57 55 54 52 50 48
 4 -98 12 80 78 77 75 74 72 69 63 61 59 56 51
 7 -1 12 81 79 78 77 76 72 62 59 57 55 53 52
 2 -45 12 79 77 76 74 66 64 63 62 58 55 53 50
 2 -38 10 79 78 77 76 73 63 62 61 52 45
 3 0 12 80 79 76 74 73 72 65 64 62 61 54 53
 7 -42 8 81 78 75 66 60 58 55 49
 2 -88 12 80 79 78 77 74 73 72 64 63 62 61 59
 8 -89 10 80 78 75 74 72 71 70 65 56 55
 6 -97 9 80 78 77 75 74 73 71 56 50
 2 -69 8 80 78 75 72 71 56 55 53
 1 -41 8 80 78 77 72 70 66 63 55
 3 -88 8 78 77 76 74 72 70 57 55
 3 -2 7 74 70 67 66 62 57 55
 3 -57 9 80 76 75 74 72 71 69 61 60
 7 -41 8 78 77 75 71 70 62 61 52
 5 -37 7 81 78 76 73 70 63 52
 8 -36 7 76 75 73 72 64 60 59
 9 -62 6 75 74 72 68 64 58
 1 -18 6 78 75 72 71 66 53
 9 -27 8 80 79 75 72 71 70 69 68
 8 -39 8 77 76 75 72 71 70 69 68
 2 -97 5 77 74 71 69 62
 3 -35 4 72 70 69 68
 5 -99 4 81 79 73 68
 7 -38 3 74 69 68
 3 -90 3 70 69 68
 10 -33 3 75 71 68
 9 -53 2 73 61
 7 -92 2 76 62
 7 -5 2 73 69
 3 -66 2 71 70
 7 -40 2 71 70
 4 -37 2 70 68
 10 -79 1 68
 2 -20 1 68
 6 -63 1 71
 10 -72 1 69
 3 -84 1 69
 6 -1 1 69
 5 -3 1 77
 3 0 1 82
 10 -63 1 82
 1 -31 1 82
 8 -52 1 82
 8 -39 1 82
 6 -89 1 82
 1 -98 1 82
 8 -62 1 82
 5 -18 1 82
 3 -4 1 82
 3 -38 1 82
 10 -13 1 82
 4 -38 1 82
 1 -46 1 82
 0 19885 0
