82
 0 -73 21 2 3 4 5 6 7 8 9 11 12 13 14 15 16 17 18 19 20 21 23 26
 8 -69 9 50 40 36 30 29 28 25 24 10
 6 -17 12 58 56 48 45 38 37 36 33 32 31 27 25
 3 -95 8 50 47 45 38 33 25 24 22
 4 -2 13 63 58 56 51 50 49 45 41 40 37 33 29 25
 1 -59 13 81 62 58 51 48 47 46 38 36 35 33 31 30
 5 -10 11 62 51 50 49 48 45 40 36 33 25 24
 6 -30 13 77 62 58 50 46 45 42 41 40 37 36 33 28
 9 -78 12 62 58 51 50 49 48 45 44 40 37 35 28
 8 -81 15 80 78 62 58 57 56 49 48 46 45 43 42 41 39 33
 1 -9 9 62 57 50 45 41 39 36 33 24
 3 -80 12 81 79 77 62 56 50 45 44 41 40 36 25
 2 -70 12 80 78 56 55 50 49 46 45 43 41 39 29
 10 -98 12 81 79 57 56 46 45 44 42 41 40 36 34
 8 -57 9 81 57 56 49 46 42 36 33 29
 1 -30 13 81 80 62 56 52 50 49 48 45 43 42 41 40
 8 -46 10 80 74 62 58 51 48 45 43 42 31
 6 -30 10 80 75 62 57 56 55 46 43 37 33
 2 -15 13 81 80 79 78 75 54 53 48 46 44 43 42 41
 4 -20 8 80 76 56 46 42 39 38 33
 4 -75 8 56 50 46 45 44 40 38 36
 9 -71 11 80 62 58 54 51 48 46 44 43 41 40
 6 -18 9 80 77 56 51 46 45 42 41 36
 3 -72 11 80 77 75 73 72 58 56 55 54 43 37
 6 -89 11 80 78 76 75 74 57 54 53 46 43 42
 8 -4 9 80 78 77 76 75 73 55 52 33
 7 -89 13 81 80 79 77 71 63 60 55 53 52 50 49 44
 5 -80 9 80 78 76 61 56 55 53 43 38
 5 -58 14 79 76 75 73 72 71 70 62 60 59 54 53 48 44
 10 -91 11 80 79 78 77 76 61 55 53 52 45 43
 3 -65 8 79 78 72 61 53 52 50 41
 5 -35 9 79 77 72 71 62 54 52 50 44
 3 -1 9 79 72 71 70 60 59 54 53 44
 1 -82 8 76 75 70 62 61 54 52 49
 4 -88 13 80 78 77 75 73 71 70 69 68 66 65 64 56
 7 -2 7 75 73 72 69 60 53 43
 7 -61 8 81 78 76 68 61 60 53 52
 2 -48 8 79 75 74 68 67 60 57 52
 2 -12 7 81 72 71 68 67 60 52
 7 -97 8 78 76 71 69 68 65 61 53
 1 -9 8 76 73 71 69 68 66 60 59
 8 -97 7 69 68 66 61 60 59 55
 8 -92 7 71 70 68 67 66 64 59
 9 -89 7 74 69 68 66 65 64 61
 6 -3 5 75 70 66 59 54
 3 -57 3 72 60 52
 1 -49 6 75 74 72 66 65 64
 2 -9 5 77 68 67 65 64
 7 -4 5 73 72 68 67 64
 2 -16 4 70 69 66 59
 4 -65 3 66 60 59
 9 -91 3 69 66 59
 4 -57 2 66 64
 2 -74 2 67 64
 9 -32 2 67 64
 3 -47 2 74 67
 8 -78 2 73 65
 4 -22 2 66 65
 4 -33 1 65
 3 -96 1 64
 2 -85 1 67
 10 -17 1 67
 4 -85 1 70
 5 -58 1 82
 2 -98 1 82
 3 -5 1 82
 9 -91 1 82
 1 -85 1 82
 9 -68 1 82
 10 -91 1 82
 7 -100 1 82
 3 -47 1 82
 6 -100 1 82
 1 -81 1 82
 2 0 1 82
 10 -28 1 82
 7 -60 1 82
 7 -68 1 82
 7 -30 1 82
 2 -37 1 82
 6 -17 1 82
 0 21890 0
