82
 0 -79 15 2 3 4 6 7 8 9 10 13 14 15 17 18 20 26
 4 -21 4 33 25 12 5
 4 -92 7 47 35 24 22 21 19 11
 1 -74 10 37 35 33 31 28 27 22 21 19 16
 5 -5 9 47 35 31 28 27 24 23 21 16
 4 -24 4 47 32 24 12
 6 -27 7 47 37 35 32 31 23 21
 5 -15 6 37 35 33 30 28 21
 3 -86 9 47 42 38 37 35 31 30 29 28
 6 -79 8 42 38 37 36 32 31 27 23
 2 -90 7 42 38 37 31 28 27 23
 1 -17 6 37 35 31 30 27 21
 9 -67 10 47 42 38 37 36 34 32 31 29 27
 6 -99 6 47 45 35 34 27 21
 10 -75 9 47 42 41 40 39 37 36 34 31
 9 -95 7 42 41 39 38 32 30 29
 9 -90 7 42 41 39 37 36 30 29
 10 -6 7 47 42 38 35 34 31 29
 6 -14 6 42 39 38 32 30 29
 10 -62 6 45 39 36 35 34 29
 8 -100 6 42 41 39 38 36 29
 3 -85 5 40 39 38 32 30
 4 -26 3 39 30 29
 6 -77 4 42 37 34 29
 5 -11 8 52 51 46 42 41 38 37 36
 9 -94 2 34 29
 4 -22 9 69 51 48 46 44 43 41 40 39
 9 -52 4 55 43 39 32
 8 -81 9 69 59 51 49 48 46 44 43 40
 2 0 5 56 52 48 45 34
 10 -22 8 55 53 49 48 46 45 44 43
 3 -26 12 69 64 62 59 57 56 54 51 50 49 46 44
 10 -43 12 69 63 62 61 59 57 55 54 53 50 48 44
 6 -57 10 69 68 60 59 58 55 54 53 51 43
 3 -62 8 68 62 59 56 53 51 50 41
 5 -30 7 81 69 61 60 59 56 43
 7 -66 11 81 68 64 62 61 59 58 57 53 50 48
 9 -51 10 68 63 62 61 59 58 57 56 54 48
 4 -85 9 68 62 61 60 58 54 53 52 50
 9 -61 12 75 68 67 66 64 63 62 61 60 57 56 53
 6 -96 9 81 78 66 64 63 60 58 57 55
 3 -36 9 77 75 67 66 62 60 57 54 53
 3 -52 7 78 65 64 63 62 57 50
 6 -29 8 81 79 74 68 66 60 58 52
 4 -67 8 80 77 76 75 64 62 60 54
 10 -80 9 81 80 78 76 75 67 63 61 60
 9 -47 9 81 80 78 77 74 66 61 60 57
 7 -91 9 80 78 77 76 75 72 70 67 66
 6 -73 9 81 79 77 75 74 73 72 66 65
 10 -63 8 80 79 77 75 74 72 67 66
 2 -14 6 80 77 75 73 66 61
 6 -44 8 78 77 76 75 73 72 71 65
 9 -85 6 79 78 74 73 71 70
 9 -40 6 81 79 78 74 71 70
 5 -8 5 75 74 72 70 67
 4 -64 4 76 74 73 65
 5 -65 4 76 72 71 70
 1 -2 3 77 72 65
 9 -22 3 76 72 70
 4 -74 2 73 65
 1 -33 2 72 65
 6 -51 2 72 71
 3 -64 2 79 71
 3 -78 2 74 70
 1 -69 1 70
 9 -26 1 71
 7 -46 1 73
 4 -90 1 80
 2 -83 1 71
 3 -67 1 82
 8 -85 1 82
 4 -47 1 82
 1 -62 1 82
 4 -3 1 82
 1 -68 1 82
 3 -47 1 82
 4 -82 1 82
 9 -45 1 82
 3 -88 1 82
 7 -2 1 82
 9 -11 1 82
 0 21835 0
