72
 0 -53 11 2 3 4 5 7 8 9 10 11 12 16
 4 -93 9 45 41 22 21 20 18 15 14 6
 2 -6 12 45 41 39 38 37 36 34 32 31 26 21 15
 7 -10 7 35 33 31 25 19 14 13
 4 -33 11 51 45 41 39 38 37 36 33 32 30 15
 1 -84 9 43 38 33 32 29 28 27 23 17
 6 -73 13 57 43 41 40 38 36 34 32 30 29 28 27 22
 4 -61 7 48 45 39 37 33 31 14
 6 -93 7 48 45 26 25 24 22 18
 2 -74 13 49 48 47 44 43 40 39 38 35 31 29 23 20
 2 -77 13 57 53 51 49 47 44 43 40 39 37 35 33 28
 6 -67 8 54 49 48 41 40 38 37 18
 4 -78 10 57 49 44 42 40 39 36 34 30 26
 9 -43 7 57 46 40 36 34 27 26
 3 -1 10 57 56 48 47 46 44 43 40 35 25
 5 -38 8 54 53 50 49 43 35 31 23
 4 -38 10 65 57 54 50 49 48 40 37 35 31
 8 -55 10 71 66 57 53 50 47 42 34 33 31
 10 -45 9 71 55 54 53 51 46 40 37 32
 8 -41 16 71 70 68 67 66 65 64 63 57 56 55 54 53 52 51 42
 10 -69 12 71 70 68 65 62 54 53 51 50 47 46 42
 6 -56 9 71 70 68 65 62 49 46 44 42
 8 -60 9 71 69 68 66 63 57 56 46 37
 5 -55 9 70 69 62 54 53 52 50 43 40
 4 -83 11 70 66 65 64 63 62 54 53 50 49 42
 3 -55 9 68 67 55 54 53 52 50 47 43
 10 -65 9 70 67 65 63 62 53 51 44 42
 2 -38 9 70 69 67 65 59 58 56 55 48
 5 -67 10 68 66 65 64 63 60 55 54 53 52
 3 -74 8 65 64 63 62 59 56 54 53
 7 -50 6 70 67 56 55 52 51
 3 -86 5 70 65 62 50 42
 8 -79 8 67 65 64 63 60 59 58 55
 3 -92 7 67 64 63 61 59 56 52
 3 -23 4 71 62 52 42
 8 -25 8 71 67 66 65 63 61 60 59
 2 -97 7 70 67 64 62 61 60 52
 9 -98 7 70 65 64 63 60 59 52
 8 -91 5 70 62 61 58 46
 3 -100 7 68 66 64 63 61 59 58
 7 -59 5 69 61 60 53 52
 5 -86 5 69 61 60 59 58
 1 -36 5 66 65 60 59 58
 1 -1 3 66 64 50
 7 -51 3 61 59 52
 10 -2 3 67 60 59
 9 -97 3 63 61 58
 9 -68 3 66 64 63
 3 -99 2 61 52
 1 -11 2 59 58
 4 -81 2 59 58
 10 -65 1 58
 6 -53 1 58
 10 -10 1 58
 4 -23 1 62
 6 -69 1 60
 9 -20 1 58
 9 -2 1 72
 10 -46 1 72
 10 0 1 72
 5 -4 1 72
 7 -56 1 72
 2 -94 1 72
 10 -34 1 72
 7 -28 1 72
 1 -70 1 72
 2 -3 1 72
 2 -43 1 72
 9 -5 1 72
 6 -88 1 72
 4 -31 1 72
 0 18805 0
