82
 0 -91 7 2 3 4 5 7 8 9
 2 -87 3 12 10 6
 8 -75 6 18 17 15 14 13 11
 10 -77 5 18 16 15 12 10
 3 -44 4 18 12 11 10
 8 -92 5 19 18 17 13 11
 10 -82 5 29 24 21 18 14
 10 -45 4 28 20 18 12
 10 -37 7 34 29 24 22 20 19 18
 9 -70 5 25 24 22 19 17
 5 -5 5 34 28 25 22 16
 1 -5 8 34 31 29 27 26 25 24 21
 2 -11 8 34 31 29 28 27 26 24 21
 3 -89 6 34 28 26 25 20 19
 3 -41 7 34 31 29 28 26 24 20
 5 -38 5 31 30 29 26 20
 5 -9 5 34 33 29 28 23
 10 -41 4 33 30 26 23
 9 -27 5 35 32 31 30 27
 4 -94 2 33 23
 10 -22 2 30 22
 6 -18 5 39 37 36 33 32
 2 -67 4 37 36 35 32
 5 -15 4 37 35 33 32
 7 -30 4 37 36 35 32
 2 -22 3 37 36 32
 6 -98 4 46 38 37 36
 7 -82 2 41 30
 9 -77 4 43 39 37 36
 8 -43 4 48 46 38 36
 9 -9 4 48 46 38 36
 10 -15 6 46 44 42 41 40 38
 9 -28 7 48 47 44 43 42 41 40
 2 -100 3 48 46 36
 6 -95 5 47 43 42 41 39
 5 -29 5 60 47 44 42 40
 3 -46 4 48 47 44 41
 1 0 6 60 55 52 47 45 43
 10 -87 6 60 55 54 52 45 44
 7 -94 6 55 54 52 50 49 45
 1 -62 6 60 54 52 50 49 45
 7 -81 5 56 55 52 49 45
 3 -47 5 58 54 51 50 49
 10 -53 4 59 53 51 50
 5 -1 5 66 59 58 53 51
 1 -85 4 60 59 51 50
 8 -34 3 54 51 50
 4 0 6 64 63 59 56 52 51
 5 -52 6 66 62 61 59 57 53
 8 -74 5 70 66 63 57 56
 10 -54 5 70 65 62 61 57
 9 -33 5 70 65 62 61 57
 8 -27 6 72 70 69 68 64 63
 10 -47 3 65 62 59
 5 -56 5 72 70 69 68 63
 2 -48 3 69 67 62
 4 -91 4 72 69 68 67
 9 -48 2 69 62
 6 -6 4 75 72 69 68
 4 -31 2 76 62
 9 -16 4 81 75 74 69
 1 -7 3 75 72 68
 2 -71 6 81 80 76 75 74 71
 9 -62 6 81 80 76 75 74 71
 4 -80 5 81 80 75 74 71
 10 -28 2 74 68
 7 -64 5 81 80 76 75 73
 2 -36 3 81 80 71
 3 -11 3 80 76 71
 9 -67 3 81 80 71
 9 -2 2 78 73
 8 -41 2 74 73
 9 -92 2 79 77
 4 -99 1 77
 10 -85 1 78
 1 -19 1 78
 1 -8 1 82
 9 -48 1 82
 9 -44 1 82
 5 -55 1 82
 7 -93 1 82
 0 19975 0
