82
 0 -6 13 2 3 4 5 6 7 8 10 12 15 16 17 18
 10 -33 8 35 27 26 24 21 19 11 9
 7 -25 9 50 46 42 36 29 25 23 22 14
 8 -65 12 46 42 41 40 39 36 29 27 25 23 22 20
 9 -91 5 42 40 20 19 13
 3 -37 9 50 42 41 39 38 36 29 25 20
 1 -13 7 42 39 31 29 25 23 19
 1 -31 6 50 43 33 26 21 19
 3 -10 9 41 40 38 37 36 33 31 29 25
 8 -71 5 43 40 31 25 19
 4 -70 12 50 48 46 43 42 41 39 38 36 34 31 28
 6 -29 11 50 46 42 40 39 38 36 35 34 30 28
 1 -32 7 39 38 36 33 29 28 25
 1 -83 5 43 40 39 27 20
 7 -30 4 42 40 35 19
 4 -33 10 46 43 40 38 36 35 34 32 31 30
 10 -45 8 48 42 41 38 36 29 28 23
 4 -19 8 50 48 46 31 30 29 28 27
 7 -95 8 48 46 41 38 36 34 32 30
 10 -94 8 56 48 45 35 34 32 31 30
 6 -52 7 48 46 45 42 39 37 34
 10 -76 5 56 48 38 30 28
 2 -48 6 56 49 45 37 34 30
 9 -65 6 56 49 41 37 34 30
 4 -48 5 56 49 48 45 30
 10 -68 6 62 55 53 49 38 36
 9 -36 5 56 49 44 38 37
 3 -75 6 53 51 49 47 45 37
 2 -91 4 56 55 43 34
 2 -80 9 62 59 57 55 53 52 51 47 44
 5 -55 9 62 59 57 55 52 51 49 47 44
 7 -86 5 81 51 49 47 37
 5 -25 7 62 57 53 52 48 47 46
 7 -12 7 62 59 57 53 52 51 44
 2 -5 8 63 62 59 57 54 52 47 44
 5 -12 6 57 56 52 51 47 45
 5 -40 9 66 64 63 62 59 57 55 54 52
 5 -93 6 81 66 60 59 51 47
 1 -6 5 61 59 56 51 49
 1 -4 7 81 65 64 58 57 54 48
 5 -14 5 64 60 57 51 47
 7 -43 7 81 80 69 66 59 54 52
 5 -83 10 81 80 76 69 68 66 64 63 59 54
 5 -53 11 81 80 79 78 77 69 66 65 64 61 58
 4 -91 8 81 80 74 69 68 67 59 54
 10 -14 7 81 80 69 68 67 56 54
 6 -56 8 80 79 77 69 68 65 61 58
 9 -100 8 80 79 69 68 67 66 61 60
 1 -91 7 80 79 68 66 65 60 58
 1 -84 7 80 79 69 66 59 58 56
 1 -7 7 80 76 74 69 65 63 54
 10 -14 5 79 68 65 60 58
 4 -92 8 80 79 76 75 68 65 64 63
 10 -94 8 79 78 77 75 73 72 71 70
 6 -19 4 80 76 70 60
 8 -23 5 77 74 71 70 65
 2 -72 5 78 76 75 72 70
 9 -8 4 75 71 70 67
 3 -43 3 71 70 65
 1 -19 4 77 74 73 71
 5 -32 4 75 74 71 70
 4 -89 4 79 78 77 75
 5 -23 3 73 71 70
 9 -81 3 74 72 70
 6 -21 2 73 72
 4 -32 2 74 70
 5 -5 1 76
 2 -5 1 78
 7 -100 1 72
 3 -18 1 82
 7 -39 1 82
 10 -75 1 82
 4 -73 1 82
 3 -35 1 82
 2 -33 1 82
 3 -95 1 82
 5 -62 1 82
 10 -48 1 82
 2 -31 1 82
 8 -85 1 82
 7 -57 1 82
 0 19740 0
