82
 0 -65 12 2 3 4 5 6 7 8 11 12 14 15 16
 8 -43 11 40 37 35 32 31 29 23 21 20 18 17
 3 -60 8 35 26 24 23 22 21 19 17
 9 -47 5 32 24 22 13 9
 2 -46 3 22 10 9
 3 -38 7 42 33 28 24 19 18 17
 4 -35 2 31 9
 9 -77 9 42 37 35 32 29 27 25 23 22
 8 -63 6 40 35 33 29 21 17
 7 -38 8 46 42 40 34 33 32 25 24
 8 -3 8 42 40 35 34 32 29 25 23
 10 -27 5 45 29 24 21 17
 8 -17 5 47 42 35 33 17
 3 -27 6 49 39 36 34 29 22
 9 -16 9 49 45 44 39 37 34 32 30 29
 6 -100 9 47 46 44 43 42 38 35 34 33
 3 -66 3 46 34 25
 7 -73 9 51 47 46 45 44 43 39 38 34
 3 -26 6 49 44 43 40 36 27
 6 -8 8 50 49 46 44 43 41 36 33
 5 -49 10 63 51 50 48 47 46 44 42 39 38
 8 -5 8 56 50 48 46 44 43 38 33
 6 -18 7 50 48 47 46 44 43 33
 8 -43 9 63 52 51 50 47 41 39 38 37
 4 -74 5 49 44 41 36 30
 8 -19 10 63 56 55 52 51 48 44 41 39 38
 1 -89 10 63 56 55 54 52 51 50 48 45 38
 9 -76 9 63 56 55 54 52 51 49 40 38
 10 -26 5 51 48 47 41 38
 3 -60 5 56 55 51 43 38
 2 -75 6 55 53 51 49 48 45
 6 -19 7 80 57 56 55 54 52 48
 3 -16 6 67 63 54 53 51 45
 9 -72 7 63 61 59 55 54 50 48
 8 -95 5 80 57 56 52 48
 7 -3 8 80 66 65 57 56 55 53 51
 9 -32 5 80 60 56 53 48
 7 -4 11 80 79 78 70 67 66 65 62 60 57 53
 4 -47 11 81 80 75 67 66 65 62 61 60 57 54
 2 -57 6 80 70 61 60 57 48
 3 -32 7 80 65 62 60 57 54 53
 7 -54 6 80 67 65 64 53 52
 7 -27 5 80 62 59 58 52
 5 -36 10 80 79 78 70 67 66 65 60 57 53
 7 -99 8 80 79 78 70 62 60 58 57
 7 -44 10 80 79 78 70 66 65 62 61 59 55
 3 -11 6 81 80 78 77 56 55
 9 -61 6 78 76 69 67 62 58
 2 -88 7 80 78 75 74 64 60 57
 9 -68 9 80 79 77 76 75 74 70 64 60
 2 -20 7 78 77 75 74 70 62 60
 7 -15 7 79 78 75 70 66 61 60
 10 -38 7 81 77 75 74 69 61 59
 5 -34 7 79 78 76 74 70 69 64
 10 -39 5 76 75 74 64 60
 10 -17 6 79 75 72 70 68 59
 4 -16 5 77 72 69 68 59
 7 -89 5 81 75 72 66 65
 9 -47 3 76 73 71
 8 -77 2 69 68
 9 -78 2 72 68
 5 -63 1 64
 9 -98 1 64
 5 -74 2 73 72
 10 -53 2 77 71
 1 -48 2 74 71
 2 -52 1 68
 9 -40 1 71
 5 -51 1 71
 7 -62 1 73
 5 -75 1 82
 3 -10 1 82
 5 -4 1 82
 4 -29 1 82
 9 -60 1 82
 4 -56 1 82
 9 -3 1 82
 3 -82 1 82
 10 -95 1 82
 6 -54 1 82
 9 -42 1 82
 0 18975 0
