72
 0 -43 18 2 3 4 5 6 7 9 10 11 12 13 15 16 17 18 20 21 23
 2 -92 15 48 41 40 36 35 34 33 32 31 29 28 27 26 24 14
 6 -47 7 48 36 35 32 31 27 8
 7 -93 13 53 49 48 39 37 34 33 32 31 28 27 26 22
 4 -71 9 56 48 41 37 36 34 29 25 19
 9 -27 12 56 48 45 40 37 35 34 33 31 30 26 24
 2 -19 16 71 49 48 47 45 43 42 41 40 39 38 34 33 32 30 28
 6 -90 9 53 52 49 41 38 37 33 26 22
 3 -17 10 56 52 48 47 44 43 36 33 30 24
 10 -24 10 70 56 52 49 40 38 37 35 28 26
 6 -10 5 48 35 34 30 19
 1 -17 16 69 56 55 53 52 51 50 47 45 44 43 42 41 40 37 31
 6 -36 11 71 70 53 52 51 49 45 40 38 37 26
 5 -27 12 71 56 55 52 49 47 45 43 42 38 37 30
 3 -60 11 71 53 52 49 47 46 44 43 38 33 28
 6 -38 13 71 69 55 53 52 51 47 45 44 43 41 39 38
 4 0 10 71 69 56 45 42 40 39 38 30 28
 10 -44 12 71 70 69 55 53 52 47 46 43 42 40 28
 1 -26 10 71 70 69 55 53 45 43 40 38 28
 1 -72 10 71 70 52 51 50 47 44 43 40 37
 1 -36 10 71 70 69 67 54 53 47 40 39 36
 6 -83 11 71 70 69 65 62 56 51 45 44 42 40
 2 -16 9 71 68 61 55 52 47 44 43 38
 4 -42 8 71 70 68 55 53 51 39 38
 2 -20 7 52 51 50 49 47 44 39
 6 -1 8 69 68 61 57 55 47 44 43
 8 -3 7 69 66 62 52 51 46 38
 4 -16 11 68 67 66 65 63 62 61 59 54 51 50
 1 -72 8 69 66 62 61 60 52 47 46
 10 -15 8 70 68 66 64 61 53 51 46
 4 -51 10 70 68 67 66 64 63 61 60 58 46
 10 -78 10 66 63 62 61 60 59 58 54 52 50
 10 -21 11 70 69 66 65 64 63 61 59 58 57 55
 7 -44 7 66 61 60 58 54 52 46
 2 -61 4 71 69 63 39
 5 -30 7 68 66 64 62 61 60 46
 10 -16 6 67 64 62 58 54 46
 6 -52 5 63 59 58 54 50
 4 -90 4 62 61 58 46
 6 -42 6 68 66 61 59 58 57
 9 -39 6 68 63 62 59 58 57
 10 -39 5 63 61 59 58 54
 6 -77 4 67 65 62 60
 5 -88 4 66 63 59 58
 10 -68 4 61 60 59 57
 7 -38 3 65 59 57
 8 -52 3 64 63 58
 3 -46 3 63 60 58
 4 -96 2 62 54
 8 -94 2 64 57
 6 -50 2 60 58
 10 -96 2 67 57
 8 -52 2 62 60
 9 -63 1 57
 8 -32 1 60
 9 -4 1 64
 8 -29 1 72
 3 -86 1 72
 4 -17 1 72
 2 -90 1 72
 7 -61 1 72
 9 -17 1 72
 7 -18 1 72
 5 -10 1 72
 10 -73 1 72
 6 -74 1 72
 5 -21 1 72
 3 -36 1 72
 1 -51 1 72
 3 -33 1 72
 9 -84 1 72
 0 16380 0
