72
 0 -22 16 2 3 4 5 6 7 8 9 10 12 14 17 20 22 28 29
 4 -29 12 48 34 32 26 25 24 23 19 18 16 15 13
 10 -79 10 40 37 35 33 31 25 23 21 18 11
 3 -91 7 54 40 35 25 18 15 11
 9 -83 7 48 40 26 23 19 18 15
 4 -77 9 57 48 42 40 39 33 30 21 18
 1 -56 10 48 46 44 41 39 36 34 33 27 19
 6 -76 10 57 55 46 40 39 38 36 31 30 21
 2 -12 10 57 55 48 47 46 44 40 36 33 19
 3 -60 11 71 57 55 54 50 46 44 36 33 30 23
 3 -29 10 71 55 53 48 45 44 36 34 30 26
 3 -57 15 71 57 56 54 53 52 48 47 46 44 41 39 37 36 33
 7 -75 12 71 70 53 50 46 44 42 41 39 37 33 27
 8 -72 7 56 48 42 41 33 26 24
 9 -5 12 71 57 55 53 46 44 41 39 38 37 33 30
 2 -20 12 57 56 54 50 47 46 44 40 39 38 36 31
 1 -47 9 68 64 55 54 50 44 39 38 33
 3 -25 10 71 69 68 55 53 46 45 44 38 36
 10 -72 10 71 69 68 67 54 53 50 45 38 37
 10 -61 9 55 53 52 46 45 44 43 42 30
 4 -88 12 71 70 69 66 64 56 54 52 51 50 44 41
 9 -14 12 71 70 66 65 53 52 50 49 48 46 45 43
 4 -41 10 68 67 66 65 60 56 53 52 45 39
 6 -63 10 71 70 69 57 54 53 51 46 45 44
 6 -26 11 71 70 69 68 66 64 62 51 46 45 44
 9 -49 9 68 66 65 64 60 57 52 46 39
 8 -42 12 69 68 66 65 63 61 59 55 54 52 51 47
 2 -15 9 71 70 67 66 61 52 51 47 44
 6 -32 7 69 64 63 49 45 43 41
 5 -99 9 70 69 67 65 63 61 51 49 47
 9 -60 9 70 68 66 65 64 63 62 45 43
 2 -91 9 69 68 66 65 61 59 53 52 47
 4 -73 7 69 67 66 63 49 45 43
 2 -9 5 67 60 56 51 42
 4 -80 7 69 64 62 61 56 52 49
 1 -19 5 70 66 63 49 43
 3 -55 5 64 63 62 49 43
 7 -29 7 70 66 65 60 59 52 51
 4 -51 5 69 63 62 59 51
 2 -25 3 71 52 49
 10 -62 5 68 67 62 60 58
 5 -48 5 66 65 62 61 59
 5 -61 4 61 60 59 51
 5 -6 4 65 63 59 58
 2 -48 3 61 59 58
 8 -39 3 67 61 58
 2 -89 3 64 62 60
 4 -10 3 62 59 58
 6 -87 2 60 59
 9 -75 2 63 61
 9 -93 1 58
 6 -90 1 58
 6 -21 1 64
 10 -96 1 60
 4 -62 1 58
 1 -59 1 58
 7 -34 1 59
 5 -24 1 72
 8 -72 1 72
 6 -17 1 72
 2 -25 1 72
 10 -74 1 72
 9 0 1 72
 5 -3 1 72
 3 -62 1 72
 8 -71 1 72
 8 -51 1 72
 4 -68 1 72
 6 -84 1 72
 2 -69 1 72
 9 -58 1 72
 0 18335 0
