82
 0 -80 9 2 3 4 5 7 9 10 11 13
 3 -47 5 25 24 17 8 6
 7 -51 9 30 29 28 25 24 22 19 14 12
 4 -57 10 30 29 28 26 25 24 22 20 19 12
 8 -69 8 31 30 29 26 23 22 15 12
 1 -1 8 31 30 29 23 22 20 19 12
 9 -93 7 40 30 28 27 22 21 16
 9 -89 5 30 29 28 20 12
 9 -69 8 40 31 30 28 27 24 22 20
 10 -97 7 53 40 30 28 22 21 20
 7 -35 6 40 36 34 31 21 18
 9 -86 8 51 42 40 37 36 34 27 21
 1 -43 8 42 40 37 36 34 33 26 21
 5 -81 9 52 46 40 39 37 36 33 31 26
 2 -93 4 53 33 28 21
 1 -36 9 53 52 44 36 35 34 32 29 26
 5 -13 8 44 39 37 35 32 31 30 26
 2 -50 8 52 46 42 37 35 33 32 26
 10 -78 11 60 54 53 52 51 49 46 43 42 39 33
 1 -82 9 52 49 46 43 42 39 36 33 32
 1 -29 10 57 55 52 45 44 43 39 38 35 32
 2 -28 9 57 55 52 46 45 43 38 35 32
 10 -86 8 57 55 52 45 43 38 35 32
 9 -86 7 57 55 51 45 43 38 32
 10 -100 9 58 56 51 49 46 44 43 37 36
 7 -84 9 62 60 57 55 54 51 43 41 38
 7 -61 8 60 57 56 53 49 46 43 41
 6 -57 8 54 51 50 48 46 45 42 37
 5 -67 8 62 60 57 55 45 43 42 38
 7 -3 8 58 56 55 54 50 47 46 43
 7 -31 8 70 61 60 54 53 50 43 42
 4 -27 7 62 60 56 54 50 48 41
 2 -30 6 57 50 48 45 44 41
 3 -43 7 69 58 57 55 50 48 46
 7 -52 7 70 65 64 60 56 49 48
 7 -2 8 81 80 70 61 59 57 55 50
 2 -17 8 80 66 65 64 62 60 59 57
 9 -80 7 81 80 69 61 58 56 48
 10 -1 7 80 70 69 65 64 62 48
 10 -38 6 77 70 65 64 54 49
 2 -76 4 81 80 58 47
 2 -54 10 80 79 77 69 68 66 65 64 59 56
 4 -61 5 81 80 69 64 48
 10 -68 11 81 80 79 77 76 68 66 65 64 63 59
 3 -53 9 81 79 77 70 69 68 65 61 56
 7 -86 10 81 80 79 78 77 76 70 65 64 61
 2 -73 8 77 76 70 69 68 64 61 59
 2 -94 8 79 77 76 72 68 66 63 59
 3 -20 6 80 78 75 67 62 61
 5 -19 7 79 77 76 68 66 65 64
 10 -13 6 79 77 76 66 65 63
 2 -6 4 81 72 66 56
 7 -23 4 78 76 74 55
 2 -18 6 75 73 72 68 67 66
 3 -99 6 79 77 75 73 72 66
 10 -23 4 78 76 75 63
 7 -53 4 76 75 72 63
 6 -51 6 78 77 74 73 72 71
 8 -79 5 78 75 74 73 67
 3 -55 5 81 77 73 71 69
 3 -9 2 66 63
 6 -7 4 79 76 72 71
 3 -61 3 74 73 71
 2 -9 3 73 72 71
 3 -34 3 75 72 71
 8 -2 1 71
 6 -10 1 71
 3 -49 1 74
 10 -84 1 72
 4 -53 1 72
 2 -60 1 82
 3 -57 1 82
 7 -8 1 82
 6 -21 1 82
 6 -73 1 82
 10 -33 1 82
 10 -92 1 82
 5 -52 1 82
 1 -51 1 82
 3 -74 1 82
 8 -46 1 82
 0 20405 0
