82
 0 -74 15 2 3 4 5 6 7 8 9 10 11 12 13 16 19 31
 7 -51 9 30 29 28 26 24 22 21 18 15
 2 -10 7 34 26 25 23 22 20 17
 10 -81 6 35 29 22 18 15 14
 4 -89 9 41 35 34 30 29 27 24 22 15
 2 -66 9 43 41 35 34 32 27 25 22 17
 8 -8 9 43 41 35 34 33 27 25 20 17
 8 -25 10 38 34 33 32 30 29 27 24 23 21
 8 -65 9 41 39 35 34 33 30 27 23 20
 5 -74 9 43 41 39 36 35 33 27 25 23
 4 -37 8 43 41 38 35 32 27 24 22
 7 -60 9 43 42 41 37 34 33 30 27 25
 5 -29 6 51 43 34 30 25 22
 5 -26 11 51 45 43 42 41 39 38 37 34 33 30
 10 -55 8 51 48 45 39 38 36 33 32
 5 -2 6 43 39 37 33 25 24
 8 -64 9 52 51 48 45 42 40 38 37 30
 2 -41 8 54 51 47 45 43 42 34 25
 2 -25 6 42 41 39 36 33 27
 7 -8 4 51 46 32 24
 1 -21 13 59 57 52 51 49 48 47 46 45 44 43 42 40
 6 -71 5 49 45 39 37 33
 2 -15 8 57 52 49 48 45 42 40 37
 2 -75 9 59 57 54 52 49 48 45 44 40
 3 -94 6 57 48 46 44 40 38
 9 -81 4 48 47 41 35
 7 -67 8 60 54 52 51 49 47 45 44
 1 -33 8 59 57 56 52 51 46 44 40
 9 0 7 59 57 49 48 43 42 40
 9 -71 4 60 58 47 36
 9 -93 4 54 52 44 38
 8 -36 4 60 47 42 37
 6 -24 5 59 53 52 47 40
 5 -22 8 63 60 59 58 55 52 50 46
 7 -86 7 63 60 58 57 52 50 46
 9 -87 7 81 63 59 57 54 50 46
 5 -3 6 80 58 56 54 53 44
 4 -40 8 81 80 63 60 59 56 53 49
 4 -56 5 81 63 57 50 46
 8 -39 8 81 80 69 63 60 58 55 50
 5 -40 5 63 57 54 53 50
 10 -44 6 81 80 79 69 56 50
 9 -48 4 69 60 53 50
 5 -55 4 69 63 55 50
 1 -80 8 81 80 78 76 66 63 62 53
 8 -91 7 80 76 69 66 62 61 53
 2 -75 7 68 66 65 64 63 56 55
 7 -3 10 81 80 79 76 75 68 67 63 62 61
 7 -61 3 61 58 55
 8 -62 8 77 76 75 68 67 66 62 61
 6 -78 9 79 78 77 76 75 70 65 63 62
 7 -84 8 81 77 75 74 73 72 66 65
 10 -15 6 77 74 72 67 65 64
 7 -57 6 76 74 73 68 66 65
 1 -95 7 79 77 76 75 72 71 67
 5 -36 5 78 77 76 70 62
 3 -85 5 80 78 72 70 62
 8 -41 4 72 66 65 62
 8 -20 4 76 75 66 62
 7 -46 7 79 78 77 74 73 72 70
 7 -54 3 78 70 65
 9 0 3 74 73 71
 10 -42 2 73 72
 8 -38 2 79 75
 8 -70 1 71
 8 -24 1 70
 1 -64 1 70
 5 -59 1 72
 2 -97 1 71
 10 -86 1 82
 1 -46 1 82
 1 -18 1 82
 10 -64 1 82
 6 -95 1 82
 5 -30 1 82
 1 -17 1 82
 6 -70 1 82
 8 -72 1 82
 9 -69 1 82
 4 -77 1 82
 7 -85 1 82
 0 20985 0
