82
 0 -100 7 2 3 5 7 8 9 12
 9 -60 4 21 11 10 6
 2 -86 3 14 6 4
 8 -92 9 27 25 22 21 20 18 17 16 15
 1 -94 2 13 6
 4 -75 8 27 25 23 22 20 18 17 16
 2 -12 5 27 22 17 16 14
 6 -50 5 27 19 17 15 14
 5 -15 7 27 25 23 22 18 17 16
 1 -85 4 18 16 15 13
 5 -43 6 27 23 22 20 18 16
 8 -6 5 25 22 19 18 15
 7 -3 6 30 27 25 24 23 19
 2 -32 5 32 25 24 20 18
 1 -22 6 34 32 30 29 26 23
 8 -84 4 34 28 24 19
 10 -66 5 32 30 29 28 26
 4 -85 5 41 34 29 28 26
 10 -93 4 35 32 29 26
 2 -95 5 41 35 34 33 29
 7 -57 3 33 29 24
 7 -35 2 29 24
 2 -42 3 41 37 28
 9 -3 4 41 36 35 31
 1 -52 4 37 36 34 31
 4 -68 3 37 33 31
 9 -80 5 41 40 38 36 34
 9 -60 3 36 35 31
 6 -16 2 37 31
 10 -27 5 48 45 41 40 38
 7 -61 4 48 45 40 38
 10 -9 4 57 41 39 36
 2 -39 3 57 39 36
 2 -42 5 57 48 46 44 39
 9 -15 10 58 57 53 51 49 48 47 46 44 43
 6 0 8 53 51 49 48 46 45 44 43
 3 -84 6 53 48 45 44 43 42
 5 -52 3 57 44 39
 1 -5 7 58 55 53 51 49 47 43
 8 -48 4 58 46 43 42
 2 -56 5 58 56 53 52 49
 7 -8 5 56 55 52 51 49
 2 -25 4 61 56 52 50
 4 -19 5 61 60 55 54 52
 6 -39 3 58 52 50
 1 -40 4 61 56 55 54
 2 -77 4 64 60 54 52
 2 -96 3 64 56 54
 6 -3 2 60 50
 10 -41 4 65 64 63 54
 7 -8 5 75 66 63 60 59
 3 -39 5 75 67 66 63 62
 9 -10 4 67 65 64 61
 4 -87 4 75 70 66 59
 6 -11 4 75 65 64 63
 9 -99 3 75 63 60
 9 -70 6 75 74 70 68 67 65
 5 -14 4 70 68 66 61
 3 -45 5 74 73 69 68 67
 6 -68 3 74 67 65
 6 -15 6 81 75 74 73 71 69
 4 -61 5 81 74 73 70 68
 5 -98 7 81 80 79 74 73 71 70
 2 -72 3 74 70 68
 3 -29 5 81 80 73 72 69
 7 -88 4 81 80 71 69
 2 -100 4 81 79 78 71
 2 -73 3 80 79 71
 9 -30 4 79 78 77 76
 5 -66 2 78 72
 4 -60 1 72
 1 -29 2 77 76
 1 -64 2 77 76
 5 -32 1 78
 10 -4 1 80
 7 -17 1 82
 7 -44 1 82
 9 -70 1 82
 5 -85 1 82
 3 -75 1 82
 5 -85 1 82
 0 20225 0
