82
 0 -78 7 2 3 5 6 11 13 17
 10 -59 5 21 20 18 7 4
 9 -65 5 21 20 10 9 8
 9 -71 4 16 15 12 9
 8 -44 7 26 24 23 21 20 18 14
 7 -1 5 25 24 21 18 16
 4 -78 3 24 15 14
 8 -19 3 16 15 14
 4 -87 4 26 24 23 14
 5 -36 3 19 18 15
 7 -3 6 27 26 23 22 21 19
 8 -52 5 26 25 24 23 22
 5 -12 5 31 27 26 22 19
 7 -99 4 31 27 22 19
 1 -88 7 37 30 28 27 26 25 23
 10 -50 7 37 33 30 28 27 26 23
 6 -76 3 26 22 19
 5 -84 3 33 27 22
 7 -13 5 37 33 30 29 25
 3 -14 2 32 22
 3 -2 7 40 39 37 36 32 30 28
 6 -15 6 40 37 36 30 29 28
 10 -92 4 38 36 31 29
 8 -29 5 36 34 33 32 30
 1 -94 5 44 40 36 34 32
 5 -32 5 45 44 39 36 32
 3 -42 3 40 34 32
 7 -8 4 44 38 35 34
 7 -77 5 49 44 41 39 34
 1 -26 4 48 45 44 35
 7 -44 4 48 44 40 35
 1 -76 3 48 38 35
 2 -70 6 50 49 46 44 43 42
 1 -18 5 48 46 45 43 42
 1 -76 4 57 49 46 41
 8 -6 4 57 54 46 41
 2 -6 3 57 49 41
 3 -54 4 57 54 50 43
 2 -6 7 60 59 57 54 53 51 48
 1 -73 5 57 54 52 51 47
 1 -83 2 50 43
 10 -26 8 73 60 59 57 56 54 53 51
 5 -45 3 52 51 47
 1 -12 3 54 52 47
 7 -33 6 73 59 56 55 54 53
 6 -75 7 73 61 60 59 58 55 53
 5 -37 6 73 61 60 59 56 53
 9 -28 4 66 56 55 52
 1 -15 3 73 59 54
 9 -85 6 68 66 64 63 61 58
 9 -58 4 64 61 58 55
 7 -52 5 73 68 64 63 58
 7 -2 5 68 66 64 63 62
 3 -79 3 64 61 58
 9 -69 4 68 67 63 62
 10 -40 4 81 68 67 62
 2 -59 2 64 62
 8 -36 3 81 67 62
 4 -52 3 70 68 63
 9 -92 2 63 62
 2 -88 4 81 70 69 65
 7 -33 3 70 69 65
 5 -41 3 81 69 65
 6 -70 3 81 72 67
 8 -17 5 80 77 74 72 71
 9 -67 4 81 76 75 69
 2 -53 2 71 69
 9 -28 2 71 69
 10 -45 4 80 78 77 74
 7 -64 3 80 75 74
 10 -25 2 76 75
 1 -33 2 79 75
 1 -25 2 78 74
 3 -42 1 79
 6 -78 1 78
 2 -26 1 78
 1 -26 1 79
 2 -51 1 82
 6 -90 1 82
 2 -97 1 82
 8 -28 1 82
 0 19400 0
