82
 0 -37 8 2 3 4 5 7 8 10 12
 6 -44 4 18 15 11 6
 10 -61 5 22 15 13 11 9
 7 -66 3 19 18 6
 2 -52 5 19 18 15 13 9
 7 -12 3 22 13 9
 2 -43 3 15 13 9
 2 -1 5 22 16 15 14 13
 8 -56 5 29 23 20 16 14
 9 -51 5 29 27 20 19 14
 2 -29 4 20 19 17 16
 2 -10 4 29 27 23 14
 6 -74 8 39 35 31 30 27 25 24 21
 6 -59 3 35 21 17
 5 -21 8 39 35 31 30 29 25 24 23
 10 -88 7 39 35 32 31 30 27 25
 4 -14 5 39 31 30 25 24
 1 -72 4 36 31 30 21
 3 -89 3 31 26 23
 2 -25 6 36 34 33 32 30 28
 5 -3 4 33 32 28 26
 1 -77 4 36 33 28 26
 5 -43 5 44 36 34 33 28
 7 -49 6 41 37 36 34 33 32
 10 -34 4 44 36 34 28
 1 -18 8 44 43 42 41 40 38 37 34
 8 -6 5 44 41 37 34 33
 10 -32 7 45 43 42 41 40 38 37
 10 -66 6 44 43 41 40 37 36
 4 -30 5 45 44 43 40 38
 3 -3 4 45 44 43 37
 8 -97 5 49 48 46 44 43
 1 -35 3 46 43 40
 5 -69 4 57 49 48 45
 3 -88 4 57 49 48 43
 5 -16 1 38
 10 -59 4 55 49 48 46
 1 -55 4 52 48 47 46
 7 -19 2 47 40
 1 -73 5 57 55 52 51 48
 2 -3 5 57 53 52 50 47
 9 -51 3 50 49 46
 6 -50 3 53 52 47
 6 -60 7 59 57 56 55 54 53 50
 8 -36 1 47
 1 -94 7 61 59 58 57 56 54 53
 2 -36 6 63 61 56 55 54 51
 7 -28 5 59 56 54 53 50
 7 -81 4 63 58 52 51
 3 -98 5 63 62 61 60 58
 6 -72 5 67 64 62 60 59
 6 -35 4 64 61 60 59
 7 -7 5 67 65 63 62 60
 9 -87 4 67 65 62 60
 9 -9 4 72 68 66 58
 9 -54 6 72 71 68 67 66 65
 10 -85 6 72 71 68 67 66 65
 1 -5 5 80 71 67 65 64
 2 -53 4 80 72 68 65
 7 -65 7 81 80 78 72 71 70 69
 2 -49 5 78 71 70 67 66
 3 -19 3 69 68 66
 3 -88 5 80 77 70 69 68
 6 -88 5 81 78 77 76 69
 8 -12 4 78 77 70 69
 10 -53 7 80 79 77 76 75 74 73
 3 -53 3 79 76 69
 6 -72 4 81 78 75 73
 6 -89 3 75 74 73
 4 -15 2 76 73
 4 -97 2 79 74
 8 -95 2 79 77
 7 -49 1 82
 5 -84 1 82
 1 -77 1 82
 5 -44 1 82
 9 -3 1 82
 6 -38 1 82
 5 -25 1 82
 8 -65 1 82
 3 -55 1 82
 0 19775 0
