82
 0 -46 11 2 3 5 7 8 9 10 11 13 14 16
 10 -3 4 24 15 12 4
 2 -68 2 6 4
 8 -98 11 41 31 27 26 25 23 22 21 19 18 17
 7 -80 8 41 36 31 28 27 26 18 17
 2 -12 11 46 43 41 32 31 30 26 25 24 23 20
 1 -86 11 41 37 36 34 33 32 31 30 28 27 24
 1 -90 6 41 36 31 26 21 18
 3 -2 6 37 34 27 25 24 19
 4 -8 7 43 41 37 36 29 27 19
 6 -92 8 46 43 42 41 35 31 26 24
 2 -60 10 55 46 42 41 38 37 35 30 29 27
 10 -75 9 55 46 42 38 37 36 35 29 27
 10 -58 6 46 42 41 35 32 24
 3 0 4 46 29 26 20
 8 -67 4 57 46 31 21
 3 -55 10 55 49 46 43 42 40 38 33 32 30
 5 -5 9 57 55 48 44 43 38 37 34 29
 5 -32 10 57 55 49 46 42 40 38 35 32 30
 7 -90 7 57 55 49 44 39 38 28
 3 -75 6 55 38 37 35 32 29
 10 -89 6 57 55 46 39 36 28
 8 -93 6 57 55 44 37 35 29
 5 -80 7 57 55 48 44 40 38 29
 6 -33 7 57 55 54 40 39 36 35
 3 -86 11 57 55 54 53 51 50 49 45 44 40 39
 2 -4 11 59 57 54 53 51 50 49 48 45 44 39
 7 -17 7 56 54 53 45 42 40 35
 2 -70 8 64 59 53 51 50 49 45 39
 4 -78 11 81 64 62 59 56 54 53 50 48 47 45
 6 -2 5 51 50 45 40 39
 10 -42 5 54 50 45 44 39
 2 -45 10 81 64 62 60 57 56 51 50 47 45
 6 -13 6 56 53 51 47 46 42
 8 -83 10 81 69 64 63 62 61 59 51 50 48
 1 -26 6 61 60 53 50 45 44
 7 -43 4 60 54 45 40
 4 -47 8 81 67 64 62 60 56 50 45
 7 -27 9 81 80 68 66 62 60 58 56 47
 3 -52 12 81 80 76 75 69 68 67 64 63 61 59 58
 7 -54 6 81 80 62 61 59 49
 7 -66 10 81 80 79 77 76 68 67 62 60 52
 6 -62 8 80 76 66 64 63 60 58 51
 7 -28 13 81 80 78 77 76 75 74 73 72 71 67 66 64
 5 -94 5 79 76 75 69 52
 10 -92 7 76 75 73 66 64 63 58
 6 -22 9 79 76 75 74 72 69 67 65 61
 5 -96 9 80 79 78 77 76 68 66 65 60
 4 -85 6 77 76 68 67 60 58
 9 -17 6 80 77 76 74 68 58
 5 -62 9 78 77 75 74 73 72 71 68 67
 10 -1 4 73 66 63 58
 7 -66 8 80 76 75 74 73 72 67 65
 10 -8 8 80 79 76 75 73 72 71 65
 9 -48 6 81 75 73 71 65 63
 6 -97 4 77 71 65 63
 7 -83 5 74 73 72 71 65
 3 -67 4 78 72 71 65
 7 -35 4 79 77 71 66
 5 -4 3 75 73 71
 5 -64 3 77 71 70
 1 -4 3 74 72 70
 3 -53 2 74 72
 7 -24 2 79 70
 7 -38 1 70
 5 -55 1 70
 4 -12 1 70
 8 -42 1 70
 10 -89 1 73
 5 -44 1 82
 7 0 1 82
 3 -6 1 82
 4 -59 1 82
 3 -92 1 82
 9 -39 1 82
 3 -13 1 82
 2 -84 1 82
 4 -41 1 82
 9 -6 1 82
 8 -84 1 82
 3 -65 1 82
 0 20165 0
