72
 0 -41 12 2 4 5 7 8 9 10 11 12 13 14 18
 10 -71 3 20 17 3
 6 -90 5 33 26 21 16 6
 5 -37 9 35 33 32 30 28 26 25 23 16
 8 -18 9 35 32 31 30 28 25 23 22 19
 5 -31 6 32 30 28 23 22 15
 9 -91 7 35 32 31 28 25 21 16
 3 -23 6 35 32 28 26 21 16
 9 -24 9 39 35 34 31 29 27 26 25 21
 4 -22 8 47 35 32 31 26 24 22 21
 3 -71 7 45 35 30 28 25 24 23
 8 -87 4 35 25 23 21
 4 -23 9 45 38 34 33 32 31 30 29 25
 4 -85 10 49 47 45 39 38 34 32 31 30 27
 5 -63 7 45 42 35 34 31 25 24
 10 -99 6 49 47 45 39 29 22
 5 -43 10 48 47 45 42 39 38 36 34 28 27
 8 -91 6 45 36 34 29 28 25
 4 -60 7 49 48 47 45 42 34 26
 9 -64 6 47 42 39 34 31 26
 7 -4 6 50 45 41 38 36 30
 3 -98 5 42 38 36 34 27
 8 -87 4 44 39 34 29
 9 -39 9 71 59 55 50 48 41 39 38 37
 3 -13 12 71 58 56 55 53 49 48 47 46 43 41 40
 4 -18 8 71 59 55 51 50 40 38 37
 6 -71 8 71 59 55 50 43 41 40 37
 7 -69 10 71 61 58 56 55 50 49 46 44 40
 10 -68 9 59 58 55 50 48 46 42 41 40
 5 -93 7 71 55 48 44 42 40 37
 2 -42 10 71 61 58 56 55 51 48 46 44 40
 5 -97 5 51 48 46 42 36
 2 -7 7 71 59 58 55 44 43 41
 5 -66 6 71 59 53 51 40 37
 2 -90 2 37 36
 6 -92 10 71 69 61 60 59 58 57 55 53 52
 10 -86 6 70 61 58 57 56 46
 3 -15 3 57 54 44
 8 -34 3 61 57 46
 7 -68 6 70 63 60 57 54 52
 10 -17 4 61 60 54 51
 1 -66 6 69 66 62 60 57 53
 2 -92 8 69 68 66 63 62 61 60 57
 4 -77 7 69 67 66 64 62 60 53
 6 -89 6 70 69 68 67 59 52
 9 -71 5 67 63 60 54 52
 7 -81 5 70 69 68 57 52
 8 -68 8 69 68 67 66 64 63 62 60
 5 -17 4 70 66 59 57
 9 -99 7 70 69 68 66 65 64 63
 9 -81 2 63 52
 3 -1 4 66 65 64 62
 3 -42 4 70 68 65 63
 4 -88 3 69 68 62
 8 -39 3 67 63 62
 3 -40 3 65 64 63
 2 -38 2 67 64
 10 -67 2 66 62
 6 -20 2 63 62
 9 -31 1 65
 4 -18 1 67
 7 -18 1 72
 1 -2 1 72
 3 -30 1 72
 10 -89 1 72
 4 -76 1 72
 7 -51 1 72
 5 -8 1 72
 10 -54 1 72
 2 -20 1 72
 10 -89 1 72
 0 19350 0
