82
 0 -18 14 2 3 4 5 6 7 8 9 11 12 13 14 16 18
 9 -94 8 39 31 30 27 26 23 19 10
 9 -67 9 39 37 31 30 29 24 23 19 15
 7 -48 10 37 36 35 31 30 28 27 26 22 21
 8 -68 8 41 37 35 30 27 26 22 15
 9 -66 8 39 36 34 31 30 22 20 19
 4 -4 9 41 37 35 34 33 26 25 22 20
 5 -13 6 39 37 31 30 19 17
 7 -32 9 45 41 37 35 34 33 31 27 20
 10 -94 8 41 36 35 34 33 25 22 20
 8 -37 8 45 39 36 35 34 30 26 25
 5 -40 10 45 41 36 35 34 33 32 31 27 25
 10 -52 11 47 41 39 38 37 36 35 34 33 31 29
 2 -23 8 47 41 39 36 35 34 33 23
 10 -39 5 42 36 34 32 25
 5 -17 3 55 31 20
 3 -57 5 47 45 41 33 29
 4 -91 5 55 36 33 31 29
 2 -62 9 55 52 48 47 42 41 38 35 32
 3 -51 5 48 47 40 38 29
 2 -40 5 47 40 38 34 29
 3 -45 8 52 48 47 45 44 42 40 32
 9 -65 7 52 45 44 42 40 38 32
 4 -82 9 55 52 51 50 47 46 44 38 33
 7 -71 10 55 52 51 50 49 48 47 44 40 38
 5 -84 2 40 29
 9 -26 7 55 51 47 44 42 40 38
 4 -47 7 55 52 51 50 48 42 33
 4 -92 5 52 44 43 42 32
 8 -51 5 52 48 46 44 33
 1 -60 6 60 58 54 48 44 42
 6 -83 11 81 65 63 62 58 56 54 53 51 50 46
 4 -33 6 81 62 56 53 49 40
 9 -40 6 61 58 57 53 52 43
 2 -4 6 80 67 60 54 51 44
 8 -5 4 81 63 53 40
 10 -62 8 65 62 58 57 56 54 53 46
 9 -45 4 61 58 57 43
 5 -6 6 65 58 56 54 53 49
 2 -40 11 80 79 78 66 65 61 60 59 58 57 54
 5 -34 10 81 80 65 63 62 61 60 57 54 53
 2 -81 6 81 67 65 61 59 49
 10 -43 10 81 79 78 66 65 63 62 60 59 54
 3 -90 8 81 78 65 63 62 61 56 53
 4 -40 8 81 80 78 66 63 58 57 55
 5 -40 11 80 79 78 74 73 72 67 66 64 61 59
 1 -52 7 78 67 66 65 64 63 54
 7 -25 8 79 78 77 73 72 67 66 57
 3 -55 7 80 79 78 73 72 63 57
 9 -44 8 78 76 74 73 68 66 64 61
 10 -63 6 76 73 72 70 66 57
 5 -6 9 80 79 75 74 72 71 70 68 63
 3 -38 6 75 73 72 70 64 59
 4 -18 9 77 75 74 73 72 71 70 69 68
 7 -16 8 77 76 74 73 72 70 69 65
 1 -9 6 79 74 73 72 69 68
 10 -63 5 75 74 69 68 64
 1 -18 4 73 71 68 67
 4 -72 4 77 76 69 68
 9 -61 3 70 68 64
 8 -56 3 75 71 70
 5 -94 3 72 70 68
 5 -52 2 76 69
 5 -28 1 71
 9 -24 1 68
 1 -20 1 69
 1 -39 1 70
 7 -57 1 82
 8 -81 1 82
 5 -62 1 82
 2 -94 1 82
 2 -39 1 82
 3 -18 1 82
 8 -87 1 82
 2 -65 1 82
 9 -47 1 82
 2 -89 1 82
 2 -4 1 82
 4 -79 1 82
 1 -60 1 82
 9 -78 1 82
 0 19975 0
