72
 0 -59 19 2 3 4 5 6 7 8 9 10 11 12 13 14 15 16 17 18 19 22
 4 0 16 50 46 45 44 40 39 38 36 33 32 31 28 27 26 23 21
 6 -93 10 45 40 39 37 34 28 27 24 23 20
 5 -22 13 54 49 47 45 44 42 39 38 35 33 32 30 29
 8 0 11 50 46 44 40 39 38 36 32 28 24 23
 10 -49 12 54 47 45 41 39 38 37 36 34 31 28 27
 4 -50 8 50 45 44 33 30 25 23 21
 1 -32 8 71 50 44 40 33 30 28 25
 5 -30 10 54 50 47 46 44 42 38 28 27 26
 7 -63 6 50 46 39 36 31 21
 1 -95 9 53 52 49 47 46 42 39 38 28
 1 -91 11 66 54 53 52 49 47 46 45 42 38 33
 9 -24 9 71 70 54 51 44 42 41 36 34
 5 -76 8 70 68 53 50 49 45 42 23
 4 -69 10 70 51 50 49 44 43 42 37 35 34
 3 -57 8 53 52 50 49 46 41 39 28
 10 -95 9 71 54 51 49 47 44 43 35 34
 6 -84 8 71 68 54 46 44 39 33 31
 6 -55 7 70 50 49 42 38 35 33
 9 -4 9 64 54 52 51 50 46 44 42 36
 7 -51 11 71 70 69 63 61 52 51 49 47 43 42
 10 -87 5 71 67 53 50 28
 4 -61 9 71 69 67 65 54 52 51 43 35
 6 -5 6 71 70 49 48 47 33
 1 -100 11 70 69 66 64 61 59 55 52 49 47 42
 10 -17 7 70 53 52 51 49 43 35
 10 -91 12 71 70 69 68 66 65 63 62 61 55 48 43
 8 -67 6 70 68 65 51 43 35
 10 -42 12 68 66 65 64 63 62 61 60 59 50 48 46
 2 -3 5 68 64 59 53 34
 5 -10 11 69 67 66 64 61 60 59 57 51 49 48
 5 -100 10 70 69 66 65 63 61 58 52 51 43
 1 -21 8 67 65 63 62 61 58 51 43
 8 -88 9 67 63 62 61 60 58 56 52 46
 1 -26 9 66 64 63 62 61 60 59 57 48
 7 -79 9 69 66 62 61 60 59 58 56 53
 2 -82 9 69 68 67 66 63 62 59 56 55
 10 -69 7 71 68 65 62 61 55 48
 8 -98 6 70 67 59 57 51 48
 10 -21 6 70 66 63 56 52 51
 1 -51 3 68 55 43
 1 -72 4 67 65 60 48
 3 -79 5 64 60 59 57 56
 1 -60 4 63 61 58 55
 7 -8 4 58 57 56 55
 1 -92 3 69 57 55
 3 -56 3 68 58 57
 6 -30 2 58 56
 1 -13 2 65 62
 8 -68 2 57 55
 8 -100 1 55
 8 -70 1 57
 3 -92 1 55
 7 -82 1 56
 6 -12 1 72
 4 -57 1 72
 6 -18 1 72
 4 -54 1 72
 9 -84 1 72
 3 -9 1 72
 10 -64 1 72
 4 -23 1 72
 8 -11 1 72
 7 -77 1 72
 9 -80 1 72
 5 -70 1 72
 1 -71 1 72
 5 -2 1 72
 6 -58 1 72
 6 -46 1 72
 2 -49 1 72
 0 19120 0
