82
 0 -23 7 2 3 4 5 6 7 9
 2 -91 4 23 17 14 8
 1 -75 5 22 21 18 17 11
 7 -95 4 17 15 13 10
 1 -22 3 16 14 8
 10 -3 4 22 21 17 10
 7 -95 4 16 15 14 12
 2 -75 3 22 15 12
 7 -3 7 27 24 22 21 20 19 18
 5 -17 4 27 23 20 14
 6 -60 4 27 23 20 14
 4 -64 6 30 27 26 24 20 19
 4 -39 7 34 30 27 26 25 24 21
 3 -43 7 34 32 30 29 26 25 24
 5 -68 5 34 26 25 24 21
 9 -32 5 27 25 24 22 21
 3 -82 4 27 26 25 19
 1 -15 6 33 30 29 28 26 25
 7 -21 5 39 34 33 32 28
 7 -58 4 36 33 29 25
 7 -73 3 39 32 28
 4 -60 4 39 37 36 28
 9 -88 4 39 36 29 28
 8 -47 3 39 33 28
 9 -66 5 45 39 38 37 31
 1 -89 5 45 39 38 36 31
 4 -36 4 45 38 37 31
 8 -40 3 45 38 31
 5 -31 3 45 38 31
 7 -21 3 45 38 31
 8 -88 3 43 42 35
 2 -28 3 43 37 36
 3 -46 3 48 42 35
 9 -64 5 56 54 47 45 42
 8 -57 3 47 41 40
 8 -33 5 56 54 51 47 42
 7 -11 4 54 48 47 41
 6 -49 4 51 50 47 43
 7 -83 4 51 50 47 43
 5 -35 4 56 54 51 44
 8 -7 3 56 50 44
 7 -56 2 50 44
 7 -86 7 60 57 56 55 54 53 48
 8 -75 3 55 52 46
 6 -20 3 51 48 46
 3 -68 4 60 57 53 49
 4 -67 4 60 59 58 52
 6 -96 1 49
 5 -69 3 62 59 58
 6 -70 6 71 65 64 63 62 61
 4 0 2 59 57
 6 -83 6 71 69 65 64 63 62
 9 -30 3 69 65 58
 8 -55 3 69 65 58
 8 -29 5 71 68 65 64 61
 5 0 5 71 68 65 64 63
 9 -84 4 71 68 65 61
 4 -24 5 79 71 68 64 63
 7 -98 4 71 65 64 61
 6 -58 4 71 66 65 64
 2 -94 6 80 79 76 69 67 66
 1 -47 6 80 76 70 68 67 66
 4 -33 6 81 80 76 74 70 66
 6 -18 5 76 75 73 70 67
 9 -81 6 79 77 75 74 73 70
 10 -83 3 75 73 72
 4 -73 3 78 77 74
 1 -36 3 81 73 72
 6 -26 2 73 70
 6 -83 1 72
 9 -92 1 76
 10 -2 1 82
 7 0 1 82
 8 -18 1 82
 10 -94 1 82
 7 -60 1 82
 10 -31 1 82
 4 -43 1 82
 9 -89 1 82
 1 -71 1 82
 9 -60 1 82
 0 21175 0
