82
 0 -3 12 2 3 4 5 6 7 8 9 10 11 12 17
 1 -15 9 29 28 27 24 23 20 15 14 13
 3 -36 10 29 28 27 26 25 22 21 20 18 16
 1 -94 6 26 24 22 21 20 13
 8 0 7 31 27 25 24 22 21 20
 10 -62 7 35 34 31 29 28 24 15
 10 -88 7 34 29 28 26 25 19 18
 2 -95 6 31 28 27 26 25 18
 9 -27 6 40 31 30 25 22 19
 6 -92 6 39 34 31 30 22 18
 7 -7 6 34 31 30 25 22 19
 6 -94 4 31 25 24 20
 2 -100 9 57 47 42 40 37 35 34 31 25
 3 -61 6 40 38 35 34 25 22
 1 -96 10 50 43 40 39 38 37 33 32 30 22
 7 -91 12 50 47 44 42 40 39 38 36 35 33 32 30
 6 -12 11 57 44 41 40 39 38 37 36 35 33 24
 3 -20 10 57 50 44 40 38 37 36 35 33 24
 5 -87 10 57 50 41 39 38 37 36 35 33 24
 6 -5 10 51 47 44 42 40 38 37 36 35 30
 3 -45 11 57 56 55 50 47 41 40 39 34 33 32
 7 -7 11 64 59 57 56 51 47 46 45 44 42 36
 4 -79 11 57 55 51 48 47 46 45 44 43 41 39
 7 -99 6 51 47 45 43 42 32
 7 -2 6 50 44 41 39 33 32
 10 -86 12 58 57 56 55 52 51 49 48 46 45 44 39
 9 -30 9 64 59 57 52 51 45 43 41 38
 9 -37 9 64 58 55 54 51 48 47 43 40
 5 -80 6 67 59 47 44 43 36
 2 -66 11 67 64 60 59 57 56 55 54 52 48 41
 9 -94 4 67 64 38 36
 8 -82 9 64 59 58 54 53 52 49 48 46
 9 -2 9 81 64 63 60 58 54 52 51 49
 3 -22 7 63 60 58 52 51 49 44
 7 -4 5 58 55 46 45 43
 8 -98 7 63 60 58 55 52 49 48
 8 -8 10 81 80 77 64 62 60 59 58 54 53
 10 -85 9 81 80 79 77 63 62 60 54 53
 4 -54 9 81 79 77 67 62 60 59 54 53
 4 -22 6 81 79 60 53 52 49
 3 -46 4 81 58 53 49
 3 -64 7 80 77 67 63 60 54 53
 6 -32 8 81 79 78 77 63 60 56 53
 2 -11 5 81 77 62 54 53
 2 -41 10 80 79 77 74 67 66 65 63 62 61
 6 -99 10 79 76 75 74 69 67 65 62 61 60
 1 -45 3 76 75 52
 9 -50 10 81 80 79 76 75 74 71 69 65 62
 7 -41 9 80 78 77 75 70 69 66 62 61
 4 -93 8 78 77 76 74 69 65 62 61
 9 -99 3 77 67 53
 5 -35 7 77 74 69 66 65 62 61
 7 -30 7 76 75 74 69 68 65 61
 3 -40 7 78 75 73 72 71 66 65
 2 -22 7 80 75 74 72 71 69 68
 6 -12 4 75 72 69 61
 4 -35 5 76 74 73 70 69
 7 -60 4 79 74 71 70
 8 -41 4 76 73 70 69
 6 -59 3 72 70 68
 1 -65 2 73 71
 8 -36 2 72 68
 3 -46 2 69 68
 7 -69 2 72 69
 1 -59 1 70
 6 -17 1 68
 7 -100 1 68
 8 -90 1 82
 4 -54 1 82
 10 -79 1 82
 1 -77 1 82
 7 -24 1 82
 6 -94 1 82
 8 -10 1 82
 4 -63 1 82
 10 -54 1 82
 5 -53 1 82
 4 -12 1 82
 1 -17 1 82
 2 -2 1 82
 1 -74 1 82
 0 20685 0
