82
 0 -29 7 2 3 4 5 6 7 9
 6 -79 5 21 19 14 13 10
 3 -61 4 21 19 15 8
 5 -61 4 21 19 15 10
 5 -22 2 14 10
 7 -50 2 15 10
 8 -52 4 27 21 17 12
 2 -98 1 10
 8 -49 1 10
 5 -92 3 27 16 11
 3 -33 5 26 23 20 18 17
 3 -64 4 22 20 18 15
 1 -27 4 26 25 23 17
 10 -74 5 31 29 26 22 20
 2 -74 6 31 29 26 25 24 23
 1 -65 2 23 17
 8 -65 3 31 29 22
 8 -67 5 36 33 32 29 24
 10 -37 5 36 34 33 29 25
 7 -18 4 36 33 25 24
 10 -85 6 39 34 33 32 30 29
 10 -38 3 33 32 24
 1 -14 5 37 36 34 30 28
 5 -65 3 34 30 28
 5 -34 5 39 38 35 32 30
 9 -38 4 39 34 33 32
 8 -52 4 39 37 35 32
 3 -40 4 41 39 38 35
 6 -61 4 41 38 37 35
 10 -89 5 45 43 42 41 40
 8 -52 4 47 46 43 38
 1 -48 4 55 43 42 41
 1 -80 5 47 46 45 42 40
 8 -68 1 35
 2 -36 4 55 47 43 42
 2 -44 4 55 51 44 41
 10 -97 3 46 45 40
 2 -18 3 55 42 40
 3 -7 4 66 59 46 45
 7 -70 4 56 54 52 44
 1 -92 4 56 48 47 46
 5 -82 3 52 49 44
 4 -75 7 66 62 59 56 54 52 51
 9 -19 3 53 50 48
 8 -37 5 58 56 55 53 49
 8 -1 3 54 52 49
 4 -42 5 66 62 60 57 54
 10 -5 5 68 66 60 59 58
 2 -64 6 74 68 63 62 61 57
 5 -2 6 69 68 66 62 61 59
 10 -1 5 74 68 65 63 57
 7 -79 3 68 60 58
 3 -45 3 68 60 57
 1 -11 5 74 69 68 64 61
 8 -30 5 69 68 67 64 61
 7 -30 3 74 63 57
 4 -100 5 72 71 69 67 64
 4 -84 5 72 71 67 65 64
 7 -28 5 74 72 67 65 64
 2 -35 4 81 70 69 63
 6 -23 4 80 72 71 65
 10 -27 5 81 80 72 70 67
 1 -65 4 80 77 72 67
 10 -62 5 81 80 78 75 70
 2 -70 4 81 78 73 70
 3 -29 3 77 72 67
 2 -41 4 79 78 76 73
 7 -22 4 80 77 76 73
 3 -4 3 77 76 73
 9 -94 3 79 77 76
 10 -79 3 77 76 75
 2 -86 2 78 75
 5 -26 1 75
 3 -88 1 80
 1 -62 1 82
 1 -72 1 82
 4 -3 1 82
 6 -62 1 82
 4 -63 1 82
 10 -85 1 82
 2 -40 1 82
 0 20590 0
