82
 0 -77 6 2 3 5 6 7 9
 3 -12 5 16 15 12 8 4
 8 -54 7 23 21 19 18 14 13 11
 7 -95 4 23 21 11 10
 9 -62 7 23 21 20 19 18 15 13
 3 -51 7 20 19 18 17 16 13 12
 7 -85 6 21 18 16 14 13 11
 6 -94 6 31 23 22 19 18 14
 5 0 5 20 16 15 13 11
 2 -87 3 18 14 13
 3 -65 8 32 31 29 28 27 26 25 24
 4 -15 5 36 28 27 25 22
 3 -67 4 31 28 27 22
 5 -5 4 32 28 24 20
 9 -85 4 31 28 25 22
 4 -10 4 36 27 25 22
 7 -57 2 31 22
 8 -88 6 36 32 29 27 26 24
 10 -76 6 36 32 29 26 25 24
 6 -63 5 36 29 27 26 25
 9 -99 5 36 29 27 26 24
 1 -10 4 32 29 26 24
 10 -17 7 45 40 36 34 33 32 30
 9 -82 6 46 40 37 35 34 30
 1 -3 9 46 43 41 40 39 38 37 35 34
 8 -5 5 45 41 39 34 33
 7 -72 5 45 44 40 39 33
 1 -37 5 44 41 40 39 33
 3 -5 2 40 30
 2 -89 7 51 44 43 42 41 39 38
 5 -20 5 48 46 44 42 36
 2 -42 6 51 48 44 43 42 38
 10 -5 4 51 43 42 38
 10 -36 4 51 49 48 44
 5 -3 4 57 49 48 45
 9 -55 4 57 51 49 43
 1 -7 3 57 48 42
 10 -44 3 57 49 47
 2 -70 3 57 56 48
 6 -84 3 56 51 48
 2 -63 2 48 47
 8 -12 2 60 47
 8 -32 2 60 47
 10 -65 2 60 47
 5 -16 2 60 47
 6 -32 2 57 47
 3 -41 4 56 54 52 50
 2 -23 4 60 54 52 50
 10 -12 5 60 59 54 53 52
 3 -51 3 59 55 53
 1 -68 3 77 63 52
 1 -77 5 75 70 64 62 61
 2 -12 4 77 66 63 58
 7 -10 7 77 75 71 68 65 63 62
 1 0 7 76 75 70 68 65 64 62
 3 -80 6 77 71 70 67 63 61
 9 -63 2 61 58
 6 -16 5 76 71 70 65 62
 8 -51 5 76 73 71 70 67
 6 -9 5 77 76 73 68 65
 2 -51 4 76 73 68 65
 8 -32 3 73 72 67
 2 -68 3 76 72 69
 9 -30 2 71 69
 2 -23 2 72 69
 6 -69 2 72 69
 3 -2 1 69
 2 -24 1 69
 3 -65 3 81 80 74
 2 -89 3 81 80 74
 2 -24 1 72
 1 -9 2 80 74
 8 -22 3 80 79 78
 6 -29 2 79 78
 4 -23 2 81 78
 3 -77 1 79
 10 -14 1 78
 5 -79 1 82
 3 -12 1 82
 7 -78 1 82
 3 -8 1 82
 0 17470 0
