82
 0 -6 15 2 3 4 5 7 8 9 10 11 13 14 17 19 21 28
 1 -86 8 32 31 29 27 24 23 22 12
 8 -5 10 32 31 27 26 25 24 23 20 18 16
 4 -1 9 31 26 25 23 22 20 18 16 15
 8 -54 2 25 6
 6 -78 9 42 33 31 29 26 23 22 20 15
 4 -51 6 32 31 30 27 23 12
 1 -58 8 44 42 33 31 27 23 20 15
 3 -41 6 37 32 30 29 27 12
 4 -16 7 52 37 31 26 22 18 16
 3 -61 10 52 42 41 34 32 30 29 27 26 23
 9 -73 5 52 33 26 25 18
 9 -30 5 51 45 36 32 20
 4 -5 3 51 31 18
 7 -88 10 52 51 45 41 39 37 36 35 34 32
 6 -7 10 51 45 44 41 39 38 36 35 34 33
 9 -85 3 45 33 20
 7 -75 10 54 45 44 42 41 40 39 38 36 35
 1 -80 9 52 48 45 44 41 39 36 32 27
 9 -51 7 52 43 40 39 37 35 30
 9 -44 9 56 51 49 48 45 42 39 38 37
 9 -68 7 48 47 46 45 43 38 34
 2 -37 7 56 54 51 47 46 37 36
 4 -45 5 50 49 47 42 30
 9 -63 5 56 42 41 39 36
 3 -51 5 54 51 46 44 36
 5 -57 5 56 54 46 43 38
 5 -65 4 56 46 39 36
 3 -25 5 56 49 46 45 39
 3 -1 5 62 56 54 48 38
 2 -96 5 62 56 54 49 38
 5 -48 4 56 50 46 43
 3 -55 5 56 54 50 49 46
 8 -3 9 81 66 63 59 58 56 55 54 50
 2 -70 5 58 55 50 48 47
 2 -36 4 66 58 50 43
 7 -36 11 80 79 66 65 63 62 61 60 59 58 53
 9 0 7 66 60 59 58 57 55 53
 9 -76 6 63 60 59 58 55 50
 3 -18 8 80 66 65 63 62 61 56 53
 10 -54 7 81 79 66 62 60 55 49
 2 -94 3 61 57 46
 8 -13 6 79 78 65 60 55 49
 1 -70 11 81 79 78 76 73 72 66 65 62 61 60
 3 -6 8 80 79 66 63 61 60 59 58
 1 -64 10 81 77 76 72 66 65 64 62 60 58
 2 -94 10 80 78 76 73 71 66 65 63 62 61
 2 -46 9 81 78 77 76 73 72 63 61 60
 3 -73 7 76 74 73 71 63 61 59
 2 -87 7 80 77 76 74 69 64 57
 10 -15 8 79 77 75 74 73 72 63 60
 7 -78 8 81 76 73 72 70 63 62 61
 9 -80 11 81 77 76 75 74 73 72 71 69 67 64
 1 -56 11 80 79 77 76 75 74 72 70 69 67 64
 3 -34 7 80 76 73 71 70 69 61
 4 -30 6 78 77 74 72 64 60
 3 -20 7 79 73 72 71 68 67 65
 5 -46 5 78 73 71 68 67
 10 -33 5 77 72 70 69 67
 5 -97 4 71 70 69 67
 10 -7 3 75 67 64
 9 -1 3 74 69 67
 4 -20 1 64
 9 -38 1 68
 4 -9 1 70
 6 -30 1 69
 6 -82 1 82
 7 -34 1 82
 3 -81 1 82
 4 -14 1 82
 1 -45 1 82
 7 -14 1 82
 7 -74 1 82
 7 -41 1 82
 6 -43 1 82
 9 -6 1 82
 4 -66 1 82
 1 -35 1 82
 10 -62 1 82
 7 -67 1 82
 3 -29 1 82
 0 18665 0
