82
 0 -45 5 2 3 5 6 7
 8 -20 3 16 12 4
 6 -25 5 13 11 10 9 8
 4 -73 7 26 18 17 15 13 11 10
 7 -79 7 26 18 16 15 13 12 11
 1 -15 5 20 12 11 10 8
 1 -4 4 26 24 15 10
 8 -63 7 26 25 24 23 19 18 14
 2 -82 5 20 19 18 16 14
 6 -100 4 25 23 19 14
 7 -20 4 28 25 24 14
 3 -30 3 28 25 14
 5 -68 5 33 29 23 22 21
 6 -33 5 33 31 29 22 21
 2 -21 5 31 30 28 27 20
 1 -88 5 33 28 25 22 21
 1 -8 5 31 30 28 27 20
 1 -97 5 33 32 30 29 27
 6 -86 7 39 37 35 33 32 29 28
 9 -54 6 39 37 35 33 32 29
 7 -99 5 38 34 32 30 27
 10 -12 5 38 35 34 32 27
 9 -95 5 38 37 36 31 30
 4 -94 4 37 34 32 30
 1 -87 4 38 37 36 30
 6 -70 5 39 37 36 35 34
 7 -40 5 44 40 39 37 36
 2 -2 5 44 42 40 38 36
 8 -37 4 44 43 36 34
 4 -23 3 40 39 35
 8 -50 6 50 49 44 43 41 40
 8 -71 4 44 43 40 36
 9 -44 3 49 38 36
 1 -29 4 50 42 41 40
 8 -78 5 50 49 44 43 41
 3 -58 5 50 48 47 45 41
 8 -57 4 52 47 43 42
 2 -10 5 55 50 47 45 43
 10 -27 6 55 52 50 48 46 45
 9 -89 5 57 55 47 46 45
 3 -69 5 57 55 52 51 46
 4 -77 5 61 55 49 48 46
 2 -84 4 61 51 48 46
 6 -51 3 61 55 46
 4 -82 6 63 61 60 54 53 51
 1 -75 5 63 60 58 54 53
 5 -98 5 61 60 58 54 53
 7 -68 5 62 60 58 57 54
 10 -83 3 63 62 54
 10 -86 6 69 67 63 60 59 58
 3 -28 3 62 58 56
 5 -75 6 69 68 65 63 61 59
 9 -69 3 65 62 56
 8 -2 2 65 56
 8 -8 4 67 65 62 59
 5 -82 5 71 69 68 67 59
 10 -65 5 74 68 67 65 64
 1 -7 5 78 68 66 65 64
 5 -85 4 80 74 66 64
 6 -37 3 74 66 65
 1 -26 5 81 77 73 70 67
 7 -79 4 80 78 68 66
 2 -63 3 78 71 64
 6 -65 3 77 73 70
 6 -68 3 80 73 71
 10 -2 4 79 77 76 72
 8 -45 4 80 78 76 75
 10 -82 3 81 76 75
 8 -90 3 81 78 77
 10 -50 2 79 72
 10 -31 2 77 75
 8 -70 1 75
 6 -84 1 76
 6 -61 1 78
 10 -36 1 82
 4 -15 1 82
 10 -29 1 82
 10 -35 1 82
 4 -25 1 82
 2 -65 1 82
 6 -14 1 82
 0 21745 0
