72
 0 -42 16 2 3 4 5 6 8 9 10 12 13 15 16 19 20 21 22
 9 -51 8 50 40 31 30 27 18 14 7
 8 -36 10 40 35 33 32 30 29 26 25 18 14
 3 -51 10 50 42 40 37 34 32 30 25 23 14
 1 -28 8 44 42 33 32 30 28 17 14
 3 -35 8 48 41 37 33 32 31 27 11
 4 -36 12 53 52 48 44 42 41 38 37 33 32 28 25
 6 -23 13 71 67 52 50 49 48 47 41 39 38 35 26 24
 9 -70 11 53 52 51 41 40 39 38 36 29 28 26
 3 -20 11 52 50 48 44 41 38 35 33 32 26 25
 1 -41 10 71 54 52 50 44 42 39 38 28 25
 1 -75 8 70 67 50 44 37 36 31 30
 5 -40 10 67 53 52 49 44 41 38 36 33 26
 1 -57 16 70 67 56 55 54 53 52 51 49 48 47 43 41 39 38 36
 5 -89 14 71 69 67 66 54 52 51 49 48 47 44 39 38 35
 3 -54 6 67 53 52 48 31 25
 8 -37 13 71 70 69 68 67 66 56 52 50 47 43 41 37
 7 -75 10 68 67 52 51 48 47 44 43 39 36
 7 -68 10 68 67 54 53 48 47 44 39 38 36
 1 -8 7 67 64 51 47 38 36 30
 7 -100 10 68 67 66 62 55 54 51 43 40 39
 2 -76 12 70 67 65 62 61 55 54 52 50 46 45 40
 8 -97 9 71 70 67 56 54 53 52 51 36
 7 -72 7 64 63 55 54 51 42 36
 2 -78 6 70 62 56 51 43 36
 3 -41 9 70 68 65 62 61 56 55 54 43
 8 -92 9 70 69 68 67 66 63 60 59 44
 3 -11 8 70 67 63 61 58 49 47 45
 5 -8 8 70 69 67 65 64 60 46 44
 4 -43 7 71 62 61 54 53 52 43
 7 -93 7 71 68 66 64 54 45 38
 6 -20 7 70 68 67 62 55 46 39
 9 -17 6 71 64 55 54 51 43
 6 -42 4 64 54 45 38
 9 -78 4 64 62 61 43
 8 -88 6 69 66 65 61 46 45
 4 -42 3 62 51 39
 3 -94 7 65 63 62 61 59 58 57
 5 -80 7 64 63 61 60 59 58 57
 7 -23 7 71 64 63 60 59 58 57
 7 -53 4 64 62 58 45
 6 -37 4 62 61 60 46
 5 -13 3 63 46 45
 10 -20 4 62 61 56 55
 10 -86 3 60 59 57
 8 -45 3 59 58 57
 2 -18 3 65 62 57
 5 -84 3 61 59 58
 4 -26 3 68 64 57
 8 -93 3 60 58 57
 10 -40 2 59 58
 7 -7 2 58 57
 2 -11 2 66 57
 9 -6 1 57
 8 -66 1 57
 8 -97 1 58
 8 -19 1 72
 2 -89 1 72
 2 -18 1 72
 4 -82 1 72
 4 -23 1 72
 2 -97 1 72
 9 -62 1 72
 9 -90 1 72
 8 -72 1 72
 6 -13 1 72
 10 -88 1 72
 6 -1 1 72
 8 -34 1 72
 8 -67 1 72
 4 -22 1 72
 0 18050 0
