82
 0 -51 7 2 3 4 5 7 8 13
 4 -87 6 16 15 11 10 9 6
 9 -78 6 16 15 12 11 10 6
 6 -41 4 21 15 10 6
 6 -89 4 21 16 10 6
 6 -77 6 32 23 20 18 17 14
 1 -25 5 32 24 23 15 14
 4 -81 4 24 23 20 14
 1 -55 4 24 23 22 21
 2 -11 4 27 24 23 19
 6 -8 4 25 24 23 20
 2 -92 4 26 24 22 21
 10 -93 4 33 28 23 17
 4 -52 3 27 26 19
 5 -89 6 33 29 28 27 26 25
 9 -92 3 34 32 22
 10 -93 4 29 27 25 24
 1 -64 4 29 28 27 24
 10 -24 2 34 22
 3 -21 2 34 22
 10 -85 4 34 33 27 25
 7 -98 4 33 31 29 28
 1 -26 4 36 35 29 26
 3 -62 6 38 36 35 34 31 30
 1 -42 5 38 36 35 31 30
 1 -7 5 45 42 38 34 31
 3 -86 5 43 42 40 38 36
 5 -7 4 40 39 36 35
 9 -38 3 45 38 30
 9 -62 5 48 44 43 42 37
 4 -19 4 48 44 43 37
 4 -55 4 52 45 42 38
 3 -32 3 42 39 37
 8 -29 2 39 37
 9 -33 5 52 46 44 43 42
 5 -76 3 46 44 41
 2 -65 3 52 47 40
 4 -45 3 47 46 39
 2 -13 4 53 50 49 48
 1 -66 3 56 50 46
 7 -57 3 52 47 45
 10 -23 2 50 47
 1 -27 2 58 47
 1 -50 4 62 55 53 50
 8 -89 3 58 56 49
 1 -1 2 53 49
 4 -80 2 56 49
 4 -25 3 56 55 51
 2 -31 3 62 55 51
 3 -7 1 51
 5 -72 5 66 65 60 59 54
 8 -15 6 70 66 65 62 61 57
 4 -57 6 71 67 65 64 60 58
 6 -94 3 70 61 57
 6 -80 5 71 67 65 64 60
 3 -76 4 69 65 63 62
 1 -62 4 69 67 64 63
 10 -14 3 70 69 63
 4 -7 6 81 75 74 73 71 70
 8 -53 4 81 74 69 68
 2 -65 3 71 68 64
 3 -95 4 75 73 72 67
 3 -53 4 81 78 74 68
 9 -26 4 79 74 73 72
 6 -54 4 80 79 78 72
 10 -82 3 77 73 72
 1 -71 4 81 80 78 77
 2 -71 3 80 77 72
 8 -45 3 79 77 73
 7 -64 3 80 79 76
 9 -84 1 72
 4 -34 1 76
 10 -46 1 78
 8 -73 1 77
 4 -54 1 79
 9 -40 1 82
 7 -16 1 82
 9 -37 1 82
 8 -73 1 82
 5 -76 1 82
 4 -2 1 82
 0 21250 0
