82
 0 -42 8 2 3 4 5 7 9 10 11
 2 -22 3 17 14 6
 6 -66 5 17 16 15 14 12
 6 -76 5 18 15 14 13 12
 8 -94 5 20 19 18 14 12
 2 -81 2 15 8
 4 -8 5 23 22 21 19 15
 4 -53 3 22 20 12
 4 -72 4 23 21 15 14
 4 -56 4 21 20 16 14
 7 -93 5 24 21 20 18 17
 6 -34 5 30 25 24 23 21
 3 -46 8 36 34 32 30 27 26 25 23
 8 -72 9 36 34 33 32 30 28 27 26 25
 6 -81 4 30 26 25 20
 3 -36 6 36 34 32 28 25 24
 8 -61 7 36 34 33 32 27 26 25
 7 -6 7 36 34 33 32 28 27 26
 4 -38 5 34 28 26 25 24
 2 -34 5 34 33 32 28 27
 2 -88 6 37 36 35 34 32 26
 6 -28 5 35 34 32 28 25
 1 -71 5 40 37 35 33 28
 9 -82 3 33 29 27
 10 -39 4 42 40 37 31
 8 -59 2 40 29
 10 -100 6 47 41 40 39 37 35
 7 -9 1 29
 7 -16 2 42 31
 10 -29 5 47 41 39 38 37
 5 -11 5 51 47 41 39 38
 4 -29 4 47 42 40 38
 6 -91 4 51 47 44 38
 3 -51 8 53 52 51 48 47 46 45 44
 3 -9 6 53 52 48 45 44 42
 3 -18 3 46 44 38
 6 -69 6 53 52 51 48 44 43
 4 -93 6 53 52 49 48 45 43
 8 -37 5 59 55 53 48 45
 1 -31 5 56 52 51 49 46
 5 -86 2 46 44
 3 -34 4 56 55 51 46
 8 -23 7 61 59 58 56 55 54 50
 4 -11 5 65 57 56 55 49
 2 -76 5 61 58 56 54 50
 5 -8 4 61 59 54 50
 1 -17 7 65 64 62 61 58 57 54
 10 -21 3 61 54 50
 8 -71 5 64 62 61 58 54
 2 -77 5 65 64 62 60 57
 5 -41 6 73 71 64 63 62 60
 8 -75 4 64 63 61 60
 6 -58 6 73 71 69 64 63 62
 7 -92 4 73 71 63 60
 8 -28 6 73 71 70 69 67 66
 7 -44 4 71 70 69 63
 2 -35 3 71 70 63
 4 -75 3 71 69 63
 8 -54 3 70 64 63
 2 -27 4 70 69 67 66
 6 -100 4 81 73 71 66
 5 -12 3 81 70 66
 7 -23 2 67 66
 6 -61 2 67 66
 9 -89 3 71 70 68
 1 -8 3 78 72 68
 7 -7 3 81 78 68
 8 -50 5 80 79 76 75 74
 9 -70 3 79 74 72
 2 -72 2 77 72
 4 -34 3 78 76 75
 2 -89 2 76 75
 7 -71 2 78 75
 10 -37 1 77
 9 -95 1 82
 9 -78 1 82
 2 -71 1 82
 9 -37 1 82
 5 -47 1 82
 5 -25 1 82
 2 -100 1 82
 0 20800 0
