82
 0 -45 11 2 3 4 5 6 7 8 9 10 12 13
 10 -18 8 29 26 21 20 18 15 14 11
 9 -15 7 24 21 19 18 17 16 15
 9 -43 10 37 27 26 25 24 23 22 21 19 18
 5 -1 8 36 29 25 23 19 18 17 14
 5 -46 10 42 37 35 26 25 24 22 20 19 18
 8 -15 6 35 29 22 19 18 14
 9 -42 8 30 29 28 25 21 19 17 16
 7 -38 7 46 36 35 33 29 18 16
 7 -23 12 46 43 42 37 35 32 31 30 28 26 23 19
 3 -69 11 48 46 38 37 36 35 32 27 25 23 19
 3 -90 8 43 38 37 33 30 25 22 21
 6 -69 6 46 42 35 31 19 18
 2 -28 11 57 46 43 41 38 37 34 33 32 27 24
 7 -58 8 53 43 42 41 35 34 25 22
 6 -30 8 57 51 49 48 43 34 27 26
 4 -99 10 53 49 46 45 41 40 39 38 35 31
 9 -96 7 49 43 38 34 32 30 28
 7 -3 8 57 51 47 45 41 39 34 33
 4 -14 8 57 48 46 45 39 34 33 32
 9 -31 9 63 61 55 53 46 45 42 35 34
 9 -20 9 62 54 50 49 48 46 45 39 36
 10 -99 9 63 59 57 55 53 47 45 41 34
 9 -94 7 62 61 53 50 49 39 31
 3 -82 6 62 61 50 45 39 31
 7 -15 6 54 53 47 41 40 39
 10 -94 8 63 59 55 54 45 44 42 40
 10 -71 9 63 59 57 54 53 48 47 44 40
 8 -66 8 63 58 54 50 49 48 47 41
 10 -17 7 65 63 61 55 54 45 40
 8 -10 8 65 60 58 55 54 51 47 44
 1 -40 13 71 70 65 64 63 62 61 59 58 56 55 53 52
 3 -65 9 71 65 63 62 61 58 53 49 44
 3 -69 3 65 54 40
 6 -40 8 71 70 64 58 57 56 52 51
 2 -92 8 70 64 61 60 58 56 52 51
 7 0 7 62 60 59 58 55 52 49
 9 -78 8 65 64 62 60 59 55 54 52
 2 -9 5 63 59 58 55 44
 10 -71 7 71 70 62 58 56 52 50
 7 -50 7 70 65 64 61 60 56 52
 10 -92 5 70 65 62 58 47
 9 -32 7 69 68 67 64 62 58 54
 3 -13 4 70 64 56 52
 9 -65 8 81 79 77 70 69 68 64 60
 3 -86 6 77 68 67 65 64 56
 9 -75 3 64 56 52
 10 -57 5 77 68 67 64 56
 4 -91 4 70 68 67 56
 7 -50 8 79 78 77 74 69 67 66 64
 2 -84 6 81 80 78 75 68 59
 3 -56 9 80 78 77 75 74 73 72 68 67
 5 -40 9 80 79 78 77 75 74 73 68 66
 8 -99 7 81 79 77 76 73 71 66
 9 -70 6 80 79 76 69 67 66
 3 -4 6 80 79 78 74 69 66
 10 -29 3 75 67 62
 7 -70 6 79 78 76 75 74 66
 4 -36 6 79 77 76 74 73 66
 1 -64 5 78 75 73 71 66
 2 -2 6 80 78 75 74 73 72
 2 -42 5 81 77 74 73 72
 8 0 4 77 75 73 72
 4 -83 3 80 76 75
 9 -43 2 75 72
 6 -7 1 72
 2 -52 1 81
 7 -60 1 76
 5 -18 1 73
 4 -82 1 75
 7 -70 1 74
 5 -50 1 82
 2 -40 1 82
 3 -59 1 82
 9 -29 1 82
 3 -78 1 82
 9 -19 1 82
 9 -89 1 82
 3 -22 1 82
 10 -26 1 82
 2 -40 1 82
 0 19895 0
