72
 0 -77 14 2 3 4 5 6 7 8 9 10 13 14 15 18 22
 3 -2 13 44 38 34 31 30 29 27 26 25 24 20 19 17
 7 -71 9 50 46 35 33 30 28 23 21 12
 7 -92 12 44 43 39 38 34 33 32 31 30 26 25 17
 9 -6 10 53 47 44 39 38 37 35 33 26 11
 7 -50 10 44 39 38 32 31 29 26 25 20 17
 1 -75 7 47 44 39 30 27 26 11
 2 -11 12 71 49 46 44 42 38 36 35 34 30 29 24
 6 -25 11 71 50 49 47 44 40 36 33 30 28 16
 6 -54 10 68 52 50 47 46 45 41 35 28 23
 5 -87 13 71 69 54 50 49 45 41 40 36 34 32 31 29
 8 -44 8 54 49 42 41 39 36 29 24
 9 -41 13 71 69 67 53 49 45 44 41 39 37 35 34 26
 1 -98 12 71 70 54 49 46 43 42 37 36 35 33 30
 6 -80 15 71 70 69 68 53 52 50 49 45 44 42 41 40 37 32
 2 -37 9 69 53 52 48 45 42 41 37 29
 2 -76 14 71 69 68 67 62 54 53 52 51 50 49 45 41 36
 2 -95 11 71 70 67 64 53 52 51 46 41 38 32
 4 -7 9 53 52 50 47 46 41 40 37 28
 6 -94 9 71 69 68 67 53 52 41 37 35
 8 -38 9 70 53 52 51 47 44 43 40 32
 4 -24 9 71 69 52 51 48 45 42 40 29
 3 -96 10 71 70 69 66 48 44 42 40 37 36
 4 -26 8 69 61 53 52 45 40 37 32
 10 -35 8 71 68 65 63 53 42 37 35
 10 -88 11 70 66 65 64 58 57 52 51 48 46 40
 8 -39 12 70 69 64 61 59 58 57 53 52 51 48 45
 5 -30 10 65 64 63 61 59 58 57 54 51 48
 10 -7 9 70 67 65 61 60 59 58 57 43
 6 -94 9 69 68 66 64 62 59 58 57 41
 6 -89 8 68 61 60 59 57 56 52 42
 2 -40 8 66 65 63 62 59 58 57 48
 3 -2 8 67 62 61 59 57 56 52 51
 10 -85 8 68 65 63 62 57 56 55 51
 4 -12 5 66 58 57 48 40
 3 -27 8 65 64 63 61 60 58 57 55
 10 -44 7 64 62 59 58 57 55 51
 7 -50 3 68 57 40
 6 -98 5 63 62 61 58 56
 7 -52 4 62 59 56 55
 6 -85 4 65 63 61 56
 4 -75 4 67 64 58 55
 4 -76 4 68 64 62 56
 6 -58 4 65 61 60 58
 8 -53 3 63 60 56
 1 -4 3 63 61 55
 9 -81 3 67 57 55
 3 -73 2 56 55
 6 -69 2 59 55
 10 -46 2 61 55
 4 -70 1 60
 8 -35 1 55
 4 -20 1 66
 5 -26 1 60
 2 -93 1 72
 3 -78 1 72
 5 -4 1 72
 8 -77 1 72
 3 -93 1 72
 9 -54 1 72
 5 -84 1 72
 5 -92 1 72
 10 -74 1 72
 8 -15 1 72
 1 -11 1 72
 8 -56 1 72
 9 -3 1 72
 4 -89 1 72
 5 -70 1 72
 5 -8 1 72
 3 -5 1 72
 0 18875 0
