82
 0 -13 4 2 3 4 12
 7 -9 4 14 10 7 5
 4 -11 4 13 11 10 9
 10 -28 4 17 10 9 8
 3 -94 1 6
 10 -62 3 21 20 8
 3 -67 7 26 21 20 19 17 16 15
 9 -93 5 23 19 16 15 13
 8 -73 6 29 26 21 20 19 18
 7 -34 3 20 16 15
 9 -77 4 23 18 17 15
 3 -18 3 29 20 16
 2 -63 3 29 26 18
 7 -10 3 29 25 18
 1 -21 4 29 28 25 22
 5 -77 1 18
 7 -64 5 31 28 27 25 24
 7 -86 4 32 28 24 22
 9 -31 3 28 25 22
 10 -1 2 27 23
 5 -82 3 30 27 25
 7 -65 4 34 33 31 27
 10 -50 5 38 33 32 31 30
 8 -33 4 38 34 33 30
 6 -62 3 38 33 32
 7 -28 3 38 33 30
 8 -31 4 40 38 36 35
 4 -6 2 33 30
 4 -88 2 33 32
 1 -36 4 41 40 39 35
 1 -81 4 41 40 39 35
 10 -91 4 50 41 40 35
 6 -56 3 40 39 35
 3 -76 5 43 42 41 39 37
 7 -93 3 43 42 37
 10 0 6 54 53 52 49 43 39
 4 -41 7 54 51 49 48 47 45 44
 9 -9 3 53 41 39
 10 -26 5 58 51 50 48 45
 5 -37 4 58 51 48 45
 7 -55 3 54 51 45
 9 -89 3 58 52 46
 6 -36 2 58 46
 10 -1 7 69 63 59 58 57 56 55
 4 -33 1 46
 6 -66 6 69 63 59 57 56 55
 1 -1 4 69 59 56 53
 3 -54 5 69 61 59 56 55
 7 -51 6 81 69 62 61 59 56
 8 -26 6 69 63 62 61 59 56
 8 -54 7 81 71 69 62 61 60 59
 6 -78 4 69 62 61 56
 8 -62 3 63 60 55
 8 -16 3 81 61 58
 2 -58 8 81 80 79 78 67 66 64 62
 10 -6 4 78 77 71 60
 8 -67 3 71 64 61
 3 -65 2 78 60
 10 -25 4 78 70 67 64
 6 -43 5 80 79 70 66 65
 9 -64 3 68 67 66
 7 -92 4 76 74 70 68
 1 -74 4 76 74 70 67
 9 -67 2 75 65
 5 -74 4 76 74 73 72
 7 -93 4 75 74 73 72
 5 -39 3 77 73 72
 1 -19 3 75 73 72
 10 -81 3 75 74 72
 5 -63 1 72
 7 -75 1 76
 5 -85 1 82
 7 -28 1 82
 10 -22 1 82
 4 -28 1 82
 7 -67 1 82
 4 -89 1 82
 3 -76 1 82
 4 -24 1 82
 7 -54 1 82
 3 -48 1 82
 0 20355 0
