82
 0 -13 6 2 3 5 6 7 9
 5 -50 4 15 13 10 4
 10 -20 5 15 13 12 10 8
 7 -91 3 18 12 8
 4 -19 5 21 18 16 14 12
 3 -36 4 21 14 12 11
 10 -84 4 21 18 14 11
 6 -83 3 21 14 11
 8 -36 6 24 21 19 18 17 16
 10 -63 5 27 24 20 19 16
 2 -4 4 20 19 17 16
 3 -100 6 33 24 23 20 19 17
 1 -35 7 33 27 26 23 22 21 18
 8 -17 6 33 24 23 22 20 19
 9 -94 6 33 27 26 22 21 18
 1 -55 5 35 33 28 23 22
 8 -83 6 35 30 28 27 26 25
 3 -47 3 30 25 20
 10 -59 5 35 34 30 26 25
 5 -49 7 40 39 37 35 34 31 29
 8 -37 7 40 39 37 35 34 31 29
 10 -34 6 40 39 34 31 30 29
 2 -50 7 45 40 39 38 37 32 31
 8 -96 7 45 42 39 37 35 32 31
 7 -12 5 45 40 39 38 31
 2 -82 4 45 40 38 32
 7 -59 5 44 38 37 36 34
 1 -91 5 45 44 42 38 31
 4 -73 4 45 42 38 32
 3 -34 5 45 44 42 37 36
 2 -63 2 43 36
 10 -74 2 44 36
 3 -67 2 43 36
 4 -8 5 50 47 46 42 41
 7 -5 2 50 38
 3 -81 5 50 48 47 46 41
 6 -97 5 50 48 47 46 41
 8 -11 3 48 43 41
 8 -95 4 52 50 47 41
 7 -9 4 60 55 51 42
 9 -28 5 60 56 55 51 49
 10 -64 5 57 56 54 49 48
 10 -5 3 52 49 47
 8 -82 6 61 60 59 55 54 51
 7 -13 4 60 56 51 49
 3 -18 4 61 54 52 51
 1 -64 3 59 54 51
 5 -46 2 53 52
 10 -3 4 61 59 58 53
 10 -74 4 60 58 56 53
 10 -100 4 73 62 57 53
 2 -69 6 67 64 63 62 59 58
 10 -46 7 81 70 67 66 65 64 63
 1 -51 4 70 68 64 58
 9 -16 7 81 80 72 70 68 67 64
 10 -14 3 70 64 63
 1 -23 5 81 80 76 72 68
 5 -80 4 76 73 72 65
 1 -12 4 72 70 68 66
 4 -94 4 72 68 67 64
 5 -12 4 80 72 71 66
 10 -47 4 80 76 75 69
 10 -11 4 80 79 78 72
 9 -81 2 76 69
 9 -50 2 80 69
 2 -11 4 79 76 75 74
 3 -2 3 78 75 71
 6 -88 1 69
 3 -82 2 78 71
 4 -96 2 76 74
 1 -49 2 79 74
 8 -50 2 75 74
 9 -41 2 80 77
 9 -25 1 77
 6 -82 1 77
 3 -54 1 78
 5 -29 1 82
 8 -82 1 82
 3 -48 1 82
 2 -33 1 82
 2 -37 1 82
 0 20140 0
