72
 0 -65 17 2 3 4 5 6 7 8 9 10 11 12 13 14 15 18 20 24
 10 -33 11 71 57 48 36 34 33 32 31 23 22 16
 5 -62 11 44 40 37 34 32 31 29 28 26 23 19
 5 -28 9 44 43 42 36 31 30 29 23 17
 9 -86 13 57 47 46 44 42 37 36 33 32 31 29 28 27
 9 -83 9 57 48 44 42 39 33 32 30 19
 3 -80 10 71 57 56 48 43 42 33 32 25 23
 1 -42 11 71 70 57 48 47 46 44 42 37 29 26
 10 -3 7 57 52 46 44 42 29 21
 9 -28 10 69 56 48 42 39 36 34 32 30 29
 4 -91 8 57 48 47 46 37 34 29 26
 6 -65 14 70 69 57 56 52 49 47 46 45 41 39 35 34 32
 7 -42 12 71 70 52 49 46 45 44 39 38 37 34 33
 2 -43 5 41 39 29 28 23
 8 -76 8 71 70 52 46 36 34 33 29
 8 -92 10 70 69 56 55 52 47 46 44 43 29
 9 -46 9 57 56 49 47 45 41 39 32 28
 4 -97 6 71 69 67 49 41 23
 4 -23 13 71 69 67 56 55 54 52 49 46 45 43 41 36
 5 -2 8 71 69 55 52 47 46 41 29
 2 -51 10 71 70 68 66 56 48 47 45 39 33
 5 -13 12 70 69 68 67 65 55 54 53 52 50 49 45
 9 -3 9 70 68 55 53 52 47 46 45 38
 10 -69 6 71 53 52 51 46 32
 5 -18 10 70 68 67 64 62 55 54 49 46 39
 5 -61 7 69 52 45 41 39 38 36
 10 -91 8 71 67 55 53 52 51 45 38
 7 -96 10 71 70 69 68 67 64 63 60 53 38
 8 -66 8 68 67 64 53 51 49 45 38
 9 -21 8 71 70 67 63 54 52 50 46
 4 -25 7 68 65 62 51 49 45 39
 7 -89 6 68 67 65 63 60 38
 2 -41 6 69 65 61 55 53 41
 10 -82 9 68 67 66 65 63 60 55 53 50
 10 0 7 67 65 63 62 61 60 50
 3 -89 6 64 63 62 61 58 51
 3 -87 6 69 68 65 62 56 54
 8 -36 5 66 62 61 54 50
 7 -96 5 63 61 60 53 50
 8 -98 5 61 60 59 58 52
 4 -41 4 64 62 58 51
 9 -5 4 67 62 61 50
 2 -24 4 68 64 53 50
 4 -45 4 65 61 59 53
 4 -60 4 63 61 60 58
 5 -54 4 65 61 60 58
 10 -49 4 65 63 61 59
 4 -84 4 67 61 60 58
 8 -81 3 66 60 58
 10 -38 2 59 58
 2 -62 2 60 59
 6 -17 2 64 62
 10 -58 1 58
 3 -57 1 59
 2 -20 1 59
 7 -80 1 58
 6 -52 1 60
 10 -26 1 72
 10 -76 1 72
 10 -40 1 72
 8 -14 1 72
 10 -30 1 72
 6 -71 1 72
 5 -95 1 72
 7 -64 1 72
 10 -2 1 72
 3 -5 1 72
 2 -41 1 72
 10 -82 1 72
 3 -15 1 72
 4 -99 1 72
 0 18530 0
