82
 0 -64 6 2 4 5 6 8 10
 7 -42 4 16 14 7 3
 5 -51 5 21 18 15 12 11
 3 -3 4 21 15 11 9
 5 -97 5 21 18 17 13 11
 9 -36 5 21 20 18 16 11
 7 -48 4 21 18 17 11
 1 -12 4 24 21 18 12
 10 -16 6 29 25 24 19 18 17
 5 -81 6 25 24 23 22 21 16
 10 -54 6 36 29 25 24 23 19
 5 -36 6 29 28 25 23 19 17
 7 -63 5 36 29 25 23 19
 10 -29 5 36 25 23 22 21
 6 -26 5 33 29 25 23 22
 10 -64 6 36 34 30 29 28 26
 1 -92 4 36 34 33 22
 6 -88 3 34 33 22
 8 -66 2 33 22
 2 -81 2 34 22
 4 -16 5 38 34 33 30 27
 7 -65 4 38 37 30 26
 8 -82 3 35 34 26
 4 -82 4 37 33 28 27
 5 -26 4 38 37 32 30
 2 -92 2 31 27
 9 -61 3 52 46 32
 9 -30 3 52 46 32
 6 -82 5 52 50 41 40 38
 1 -99 3 40 39 35
 6 -24 8 52 50 47 46 45 43 42 41
 9 -6 4 50 41 40 39
 6 -17 4 52 50 41 39
 10 -17 3 50 47 37
 9 -2 8 52 51 50 47 45 44 43 42
 9 -89 6 50 46 45 43 42 41
 5 -85 4 52 45 43 41
 7 -18 5 51 47 44 43 42
 4 -12 4 51 47 43 42
 6 -66 3 47 45 43
 2 -43 5 58 54 51 48 44
 7 -16 5 58 54 53 49 48
 9 -9 4 66 60 53 49
 4 -100 7 66 63 60 57 56 55 53
 8 -26 7 66 60 59 57 56 55 54
 7 -37 6 66 61 58 57 55 53
 1 -47 6 66 62 61 60 59 58
 4 -42 6 66 63 62 61 60 59
 2 -97 4 63 57 56 55
 9 -65 4 63 61 57 53
 3 -12 3 66 61 53
 2 -83 4 67 66 62 59
 6 -16 2 62 59
 10 -39 5 77 70 65 64 61
 4 -65 4 70 67 64 62
 3 -99 4 77 67 62 61
 2 -63 5 77 76 68 67 62
 10 -60 5 77 76 69 68 63
 1 -14 6 77 75 74 72 70 64
 6 -18 5 73 70 69 67 65
 7 -84 5 76 75 72 69 68
 4 -48 3 73 69 65
 6 -25 3 73 67 65
 7 -20 3 76 69 68
 8 -9 5 78 75 74 72 71
 4 -31 2 72 68
 3 -79 4 81 78 74 72
 7 -9 3 78 73 71
 2 -48 3 81 79 78
 9 -35 3 81 80 79
 7 -88 2 80 79
 8 -57 2 80 79
 9 -6 2 81 80
 4 -88 2 80 79
 7 -54 2 81 79
 2 -86 2 81 79
 9 -70 2 81 79
 1 -24 1 80
 9 -93 1 82
 1 -62 1 82
 2 -17 1 82
 0 20020 0
