82
 0 -46 21 2 3 4 5 6 7 8 9 10 11 12 13 15 17 18 19 23 25 26 32 33
 5 -80 17 81 56 53 52 51 48 47 44 42 39 36 34 31 30 29 28 22
 9 -10 11 55 53 49 47 46 45 44 41 39 27 14
 10 -12 10 81 49 48 42 39 37 36 35 22 16
 6 -78 16 81 58 56 54 53 52 50 47 43 40 39 38 37 36 30 22
 5 -37 10 47 43 39 38 37 36 30 24 22 21
 1 -71 15 58 56 53 51 47 44 43 42 41 40 38 36 31 30 24
 6 -94 8 52 45 40 37 30 28 27 20
 10 -56 16 56 55 54 53 52 51 47 45 44 43 42 41 39 38 35 24
 3 -15 12 81 56 53 47 44 42 40 39 37 34 28 22
 3 -68 12 58 54 52 51 47 45 44 41 39 30 27 24
 2 -68 8 54 53 49 48 46 43 41 21
 9 -97 13 81 61 58 57 56 54 51 46 45 42 41 39 35
 7 -71 9 58 56 54 52 51 43 42 35 24
 7 -38 9 54 53 52 51 50 47 40 39 28
 8 -66 10 56 54 53 50 47 46 44 43 41 34
 9 -43 8 53 52 51 50 49 44 39 27
 2 -29 10 79 77 58 57 52 49 46 44 41 40
 6 -20 9 74 60 58 57 54 52 49 45 39
 8 -58 8 78 61 57 56 54 41 39 38
 9 -7 10 79 77 75 63 58 56 51 50 44 40
 7 -71 8 79 77 62 61 57 46 45 41
 4 -46 8 80 79 77 58 52 50 47 46
 8 -86 11 80 79 78 77 76 63 61 59 57 50 48
 9 -88 11 79 78 77 69 63 62 61 59 57 50 41
 3 -50 9 80 79 76 73 57 56 50 46 42
 5 -92 14 81 80 78 77 76 74 71 66 63 62 61 60 57 56
 6 -91 10 80 75 74 70 63 62 61 60 58 43
 9 -14 16 80 79 78 77 76 75 74 71 69 68 66 63 62 61 59 57
 5 -99 9 77 75 74 71 65 63 62 49 46
 7 -9 10 80 78 75 73 72 62 60 57 54 50
 5 -92 10 80 79 77 74 71 67 65 63 62 46
 4 -87 9 79 75 74 71 67 65 62 58 46
 1 -22 12 78 77 75 71 67 66 65 63 62 61 60 59
 1 -50 9 79 77 76 73 72 62 60 59 50
 4 -37 14 77 76 75 74 71 70 69 68 67 66 65 63 62 61
 7 -79 7 78 77 76 72 71 59 51
 4 -88 10 80 76 75 74 71 70 67 65 62 60
 7 -20 9 80 79 76 68 66 65 63 62 59
 10 -91 7 76 70 67 65 62 61 60
 3 -47 10 80 76 75 74 71 68 67 66 65 64
 7 -52 9 75 74 72 70 68 67 66 65 62
 3 -34 7 79 77 72 71 68 66 57
 9 -53 8 74 73 71 70 67 66 65 62
 9 -80 8 75 72 71 69 66 65 64 63
 8 -29 5 78 72 66 60 59
 6 -42 8 75 74 73 69 68 66 65 64
 5 -1 7 75 72 71 69 67 65 62
 6 -76 6 78 76 73 67 66 59
 8 -74 7 74 71 70 68 67 66 65
 10 -80 6 74 73 69 66 65 62
 9 -24 5 75 66 65 63 62
 9 -18 6 79 78 72 67 66 64
 6 -68 5 77 71 69 66 65
 3 -88 4 75 69 65 64
 1 -36 2 67 59
 5 -99 3 67 65 64
 6 -68 3 76 68 66
 2 -48 2 70 64
 2 -1 2 69 68
 6 -13 2 72 64
 10 -83 1 64
 6 0 1 73
 8 -73 1 82
 3 -94 1 82
 3 -80 1 82
 1 -77 1 82
 6 -6 1 82
 4 -32 1 82
 6 -52 1 82
 2 -76 1 82
 2 -5 1 82
 10 -85 1 82
 8 -56 1 82
 5 -29 1 82
 10 -39 1 82
 5 -8 1 82
 2 -96 1 82
 10 -78 1 82
 1 -8 1 82
 8 -1 1 82
 0 21425 0
