72
 0 0 16 2 3 4 5 6 8 9 10 11 12 14 16 17 22 23 26
 6 -60 10 43 40 32 31 30 29 24 21 18 7
 6 -29 10 40 35 34 33 31 30 27 21 20 18
 4 -71 8 50 35 29 25 24 19 18 15
 2 -30 6 40 37 33 27 20 13
 4 -84 8 45 41 37 35 34 28 25 20
 1 -66 6 56 35 33 25 20 15
 8 -89 13 70 56 55 50 46 45 41 40 39 33 32 28 25
 8 -57 9 50 42 39 38 34 30 29 27 18
 8 -13 8 46 41 37 36 30 25 24 21
 2 -35 8 47 45 43 42 41 34 30 20
 3 -79 9 70 56 46 42 41 40 34 28 25
 2 -37 9 71 55 50 46 45 38 34 30 24
 2 -29 9 70 54 50 49 45 40 39 35 25
 7 -15 11 70 69 54 48 47 46 45 44 42 38 34
 9 -19 10 71 56 55 54 50 44 42 40 38 31
 6 -73 15 71 69 67 66 65 63 56 54 53 52 50 47 46 44 42
 3 -53 13 71 70 69 67 66 65 54 53 48 47 46 44 41
 8 -98 11 71 70 69 68 55 54 47 43 41 40 38
 7 -91 9 70 68 55 54 53 50 46 39 38
 10 -64 14 71 67 66 65 64 63 55 53 52 50 49 48 44 42
 1 -43 9 70 69 67 65 53 49 47 44 38
 4 -69 14 70 67 66 65 64 63 62 55 54 53 52 51 50 48
 7 -72 12 70 69 66 65 63 62 61 54 53 52 47 44
 5 -12 8 69 67 65 53 51 48 44 38
 3 -52 9 69 68 67 65 60 56 53 49 41
 6 -55 7 71 66 54 49 48 47 45
 10 -6 8 71 68 66 63 54 49 48 47
 3 -99 12 71 70 68 67 65 64 63 62 61 55 52 51
 9 -29 9 68 67 64 63 53 52 51 49 48
 5 -39 8 68 66 65 63 60 53 51 46
 4 -90 10 67 65 63 62 61 60 57 53 52 51
 10 -28 7 69 66 64 59 51 49 48
 2 -80 9 66 65 64 63 62 60 57 53 52
 7 -24 9 71 66 63 61 60 59 55 53 51
 10 -4 9 70 67 66 64 61 60 59 57 51
 6 -70 7 66 65 63 60 57 56 51
 4 -32 7 66 64 63 62 60 57 52
 1 -29 7 69 67 65 63 60 57 51
 10 -39 7 67 65 61 60 59 57 53
 4 -91 6 64 63 61 57 52 51
 8 -39 6 68 61 60 59 57 51
 4 -56 5 64 62 60 57 53
 6 -67 5 68 60 59 58 57
 2 -75 4 67 65 57 52
 6 -78 3 61 59 49
 5 -48 3 64 57 51
 8 -24 3 61 60 58
 7 -82 2 62 57
 4 -10 2 61 58
 6 -12 1 58
 9 -20 1 59
 7 -91 1 58
 2 -56 1 59
 3 -94 1 57
 2 -52 1 62
 7 -12 1 72
 8 -21 1 72
 3 -12 1 72
 8 -53 1 72
 3 -90 1 72
 10 -33 1 72
 2 -54 1 72
 7 -64 1 72
 3 -16 1 72
 5 -70 1 72
 4 -21 1 72
 1 -18 1 72
 9 -34 1 72
 1 -10 1 72
 6 -27 1 72
 0 16970 0
