72
 0 -77 16 2 3 4 5 6 7 8 9 10 11 15 16 18 19 26 28
 3 -28 9 49 44 41 39 35 34 25 17 13
 8 -97 11 49 43 42 40 39 32 31 29 24 20 12
 1 -50 11 48 45 43 42 39 36 33 31 27 23 21
 2 -57 12 55 49 48 45 42 41 40 34 33 29 25 23
 2 -55 10 48 45 44 42 39 31 29 27 25 21
 7 -52 8 49 45 44 43 41 34 27 14
 10 -37 12 55 54 52 49 44 43 42 41 37 35 32 22
 6 -85 9 55 54 45 44 43 42 31 21 20
 6 -84 12 56 55 54 52 49 48 44 42 41 39 30 29
 10 -85 11 69 53 52 49 48 45 43 42 40 39 25
 1 -79 8 56 53 48 45 41 38 33 25
 10 -7 6 55 54 43 40 33 20
 5 -90 9 55 53 52 51 48 42 40 38 25
 5 -70 8 56 54 52 49 43 41 30 29
 7 -10 11 71 56 55 54 53 52 51 49 48 38 30
 1 -47 8 53 52 48 43 42 38 32 30
 10 -20 14 69 66 65 55 54 53 52 51 49 46 44 43 39 35
 9 -80 10 71 68 67 55 52 49 44 40 38 31
 3 -20 7 71 67 53 52 48 38 30
 3 -38 12 71 70 69 68 67 53 52 50 49 47 41 37
 8 -32 6 68 67 56 50 46 29
 1 -97 10 70 68 65 64 53 51 47 46 44 38
 9 -63 9 70 69 55 53 51 50 47 41 37
 6 -43 3 71 54 30
 10 -1 11 71 66 65 64 62 54 53 51 50 46 39
 4 -52 8 69 63 62 55 54 53 50 37
 2 -83 9 70 65 62 53 51 50 48 47 46
 5 -74 8 71 70 65 64 53 51 47 38
 8 -76 7 70 68 62 60 50 47 37
 9 -9 6 69 62 53 51 50 37
 8 -9 9 70 68 65 64 62 61 56 47 45
 8 -4 11 68 67 65 64 63 62 61 58 57 52 51
 5 -65 10 71 67 66 65 64 63 62 59 58 50
 6 -70 6 68 67 62 60 57 47
 2 -74 6 70 63 61 58 57 52
 7 -14 5 66 65 64 58 46
 9 -18 6 69 66 62 60 58 57
 5 -20 6 68 67 61 60 58 57
 2 -44 4 62 59 58 50
 1 -45 5 63 62 60 58 57
 8 -56 5 67 63 59 58 57
 6 -56 5 67 64 62 60 57
 1 -22 3 63 58 50
 4 -9 2 63 51
 1 -11 3 61 59 57
 1 -93 3 63 59 58
 7 -81 3 64 59 57
 4 -86 3 62 61 60
 3 -48 2 61 57
 10 -85 2 60 59
 6 -82 2 60 59
 9 -25 1 57
 2 -66 1 67
 6 -22 1 61
 4 -20 1 58
 6 -43 1 72
 3 -62 1 72
 7 -100 1 72
 2 -34 1 72
 3 -48 1 72
 7 -86 1 72
 1 -82 1 72
 4 -11 1 72
 9 -62 1 72
 2 -85 1 72
 6 -13 1 72
 4 -31 1 72
 2 -1 1 72
 6 -86 1 72
 5 -26 1 72
 0 17965 0
