82
 0 -96 13 2 3 4 5 6 7 8 9 11 12 13 17 23
 2 -32 7 29 25 24 20 19 18 10
 2 -56 7 28 25 24 21 19 18 10
 4 -67 7 38 28 22 21 18 16 14
 6 -65 9 33 30 29 27 26 22 19 18 15
 8 -35 9 44 42 40 36 33 28 25 22 15
 7 -74 7 40 30 29 28 27 19 15
 9 -92 7 44 42 36 29 28 22 15
 9 -20 11 46 42 37 36 35 34 33 30 28 27 25
 5 -72 12 57 46 45 43 40 37 35 34 33 31 30 27
 6 -21 10 46 45 42 38 37 36 35 30 28 27
 6 -39 12 49 46 44 43 42 40 38 37 36 34 31 29
 2 -30 8 45 43 40 34 33 31 29 26
 2 -27 8 46 45 40 35 34 30 29 27
 4 -95 11 56 49 46 45 43 38 37 35 34 32 31
 4 -63 11 50 45 44 43 42 40 39 37 36 33 29
 10 -83 11 57 54 53 49 46 45 44 42 39 36 31
 9 -80 9 57 56 46 45 42 40 37 35 31
 2 -77 9 53 52 49 44 43 38 36 34 31
 7 -75 11 57 56 53 47 46 44 43 42 41 40 39
 8 -99 7 53 49 45 43 40 33 31
 6 -81 9 62 57 54 52 50 49 45 37 35
 1 -88 9 62 56 54 50 47 44 42 39 32
 1 -16 7 56 53 52 49 43 41 38
 5 -67 7 70 62 57 54 49 47 32
 10 -26 6 60 49 46 42 41 37
 2 -22 5 62 54 47 39 32
 4 -88 5 62 56 53 39 31
 2 -64 5 62 57 56 54 32
 1 -91 7 70 62 56 50 49 47 44
 3 -35 4 70 50 47 41
 3 -9 4 60 53 52 41
 1 -19 4 70 62 56 41
 9 -60 2 54 39
 4 -86 2 53 39
 4 -16 5 70 69 58 56 47
 3 -13 4 58 53 48 47
 8 -38 8 81 80 69 62 58 57 55 50
 5 -69 6 70 63 60 58 55 48
 1 -42 9 81 80 69 65 63 58 55 54 51
 8 -84 5 65 63 58 55 48
 2 -94 5 70 58 55 52 48
 3 -66 5 70 63 58 55 48
 3 -23 4 63 58 55 48
 7 -90 4 63 58 55 48
 4 -69 7 80 69 65 62 58 55 51
 5 -55 6 81 80 65 59 55 51
 9 -40 5 81 80 69 59 51
 1 -32 6 79 77 69 61 59 55
 1 -16 7 79 68 64 63 61 60 59
 1 -98 8 79 78 77 76 68 66 64 61
 3 -91 8 80 78 77 76 75 68 64 61
 1 -84 4 78 63 61 59
 7 -41 4 78 77 61 59
 7 -82 6 78 75 73 72 66 64
 4 -94 6 80 78 76 75 72 63
 5 -61 6 78 77 76 75 72 61
 9 -93 6 77 76 75 74 71 68
 8 -26 5 76 75 74 72 71
 1 -61 5 77 75 73 72 71
 9 -9 3 74 73 71
 4 -39 3 74 73 72
 8 -15 2 73 67
 7 -86 2 74 71
 2 -33 2 74 71
 6 -74 1 67
 3 -75 1 71
 6 -53 1 72
 3 -26 1 72
 1 -74 1 73
 3 -32 1 82
 3 -64 1 82
 3 -17 1 82
 7 -54 1 82
 2 -40 1 82
 4 -44 1 82
 9 -69 1 82
 1 -70 1 82
 2 -85 1 82
 6 -80 1 82
 8 -47 1 82
 0 23070 0
