82
 0 -52 10 2 3 4 5 6 7 8 11 12 14
 3 -46 8 23 22 21 18 17 15 13 10
 9 -59 8 45 38 28 24 23 22 18 10
 8 -36 7 36 35 28 21 20 16 9
 9 -5 10 45 38 35 32 31 30 28 27 25 13
 9 -78 11 42 36 35 34 32 31 29 27 25 21 18
 7 -50 9 45 42 36 32 27 22 21 20 19
 10 -79 6 45 35 28 25 17 16
 5 -56 12 48 45 39 38 37 34 33 32 30 29 25 22
 4 -69 10 42 39 36 35 33 32 29 26 25 20
 4 -59 7 48 45 41 38 34 32 16
 2 -62 9 44 39 38 33 32 31 27 25 20
 1 -89 5 48 43 41 34 16
 3 -27 6 43 39 37 28 27 20
 1 -41 8 49 44 39 37 35 31 30 26
 10 -89 8 54 49 42 39 37 33 29 26
 4 -88 8 53 52 47 38 37 32 31 30
 10 -31 7 49 48 39 37 33 30 26
 4 -25 6 48 44 39 37 33 26
 2 -21 6 51 49 48 47 41 30
 10 -34 6 54 47 43 38 37 30
 10 -83 5 53 49 44 40 31
 5 -50 6 46 43 40 39 36 34
 4 -20 5 53 51 47 40 31
 6 -10 10 65 58 56 55 54 53 52 51 50 46
 6 -12 8 65 55 53 52 51 50 46 40
 6 -14 7 67 65 57 55 53 46 41
 10 -2 9 67 61 58 57 55 53 52 50 49
 8 -52 7 67 65 55 50 47 46 44
 4 -26 6 65 57 55 50 46 40
 10 -9 5 57 56 55 46 41
 6 -58 7 64 61 58 57 54 49 43
 7 -37 5 65 50 47 46 40
 2 -35 8 65 64 61 57 56 55 54 53
 7 -97 8 67 63 62 58 55 51 50 48
 6 -10 7 67 62 61 60 58 54 50
 10 -59 6 63 61 60 58 57 50
 8 -14 6 81 67 62 61 55 51
 8 -20 9 70 68 65 64 63 62 61 59 58
 5 -58 5 64 62 59 58 56
 10 -41 3 58 54 50
 10 -55 7 68 64 63 62 60 59 58
 9 -95 6 81 68 67 62 59 55
 7 -15 4 81 61 58 51
 8 -64 4 67 62 58 50
 1 -52 6 70 64 63 62 61 60
 3 -28 7 70 69 68 66 63 61 60
 9 -21 7 81 80 70 68 66 61 59
 8 -8 6 70 68 66 65 60 59
 2 -6 7 80 77 70 68 66 64 59
 3 -69 7 80 77 70 68 66 64 59
 3 -60 6 78 70 69 68 63 62
 6 -48 6 76 70 69 68 66 60
 7 -13 3 66 63 59
 6 -3 4 76 70 66 60
 4 -32 6 81 78 70 69 68 67
 6 -98 10 81 79 78 77 76 75 74 73 72 69
 6 -56 9 80 79 78 77 75 74 73 72 71
 2 -1 7 79 78 76 75 74 72 69
 4 -5 7 80 78 77 75 73 72 71
 9 -24 7 79 77 75 74 73 72 71
 6 -4 3 73 72 66
 9 -28 6 81 77 76 75 73 71
 3 -60 5 76 74 73 72 69
 10 -92 5 78 76 73 72 71
 5 -57 4 79 75 74 71
 9 -54 4 77 76 73 71
 2 -56 2 72 71
 2 -3 1 71
 7 -98 1 74
 8 -49 1 82
 2 -40 1 82
 2 -53 1 82
 8 -65 1 82
 9 -31 1 82
 8 -69 1 82
 7 -85 1 82
 8 -64 1 82
 4 -61 1 82
 6 -57 1 82
 8 -99 1 82
 0 18405 0
