82
 0 -57 14 2 3 4 5 6 7 8 10 11 13 14 15 16 23
 1 -94 9 31 28 27 25 20 19 18 17 12
 10 -15 7 37 31 24 22 21 17 9
 5 -99 7 32 25 24 21 19 18 17
 7 -46 11 41 40 39 37 32 29 27 26 25 24 22
 4 -47 11 41 40 39 31 29 27 26 25 24 22 19
 6 -56 5 37 32 22 18 17
 3 -4 9 40 39 37 36 31 30 25 24 22
 6 -86 7 41 35 34 32 29 27 18
 6 -8 9 47 41 39 37 35 32 29 27 25
 1 -51 4 44 35 26 17
 6 -65 8 42 40 39 37 36 33 32 24
 1 -44 5 34 28 27 25 24
 2 -85 11 47 46 44 42 41 39 37 34 33 32 30
 5 -57 9 47 44 42 40 36 35 34 31 26
 6 -49 7 42 41 39 34 33 29 24
 4 -34 8 56 49 47 41 40 39 38 29
 4 -42 7 49 44 40 39 38 36 26
 4 -32 9 56 48 47 46 45 44 42 35 34
 10 -3 8 56 46 44 41 39 38 35 33
 2 -70 6 56 48 46 35 34 33
 1 -40 7 56 48 46 45 42 35 34
 6 -22 6 50 45 42 40 36 34
 8 -66 7 49 48 47 45 44 38 35
 4 -80 6 56 54 53 48 44 33
 6 -64 3 53 33 30
 5 -13 8 59 54 53 48 46 44 42 38
 10 -44 7 56 54 50 48 46 42 39
 10 -41 6 81 59 53 50 43 36
 7 -90 9 68 59 55 54 51 50 48 45 43
 3 -14 7 68 54 53 50 48 45 38
 1 -100 7 81 68 56 54 53 48 38
 1 -45 8 68 60 59 55 51 50 45 43
 6 -67 4 68 54 49 38
 10 -87 10 81 68 67 61 59 57 54 53 52 50
 2 -84 7 68 63 55 54 51 48 46
 1 -93 6 68 60 56 52 51 49
 5 -35 7 79 63 60 57 55 52 51
 1 -51 5 68 57 55 53 45
 9 -58 6 81 68 60 57 52 51
 9 -4 9 80 77 74 66 63 62 61 57 54
 9 -33 12 81 80 79 77 76 74 68 67 63 61 58 57
 10 -66 10 80 77 76 74 67 66 63 61 58 57
 5 -11 10 80 79 77 76 74 67 63 60 58 57
 5 -72 8 81 79 78 77 67 66 65 52
 4 -87 9 80 78 77 74 66 62 61 60 58
 10 -21 7 78 77 67 66 65 61 53
 4 -50 5 79 77 67 65 52
 3 -70 8 78 77 75 71 66 64 61 59
 7 -67 8 79 78 77 74 72 66 65 63
 1 -72 7 77 74 71 67 65 62 61
 7 -54 5 80 76 74 73 58
 2 -26 5 79 76 74 73 58
 4 -47 4 79 73 60 58
 3 -3 6 77 75 71 66 64 62
 3 -90 5 80 79 74 72 64
 8 -59 5 78 73 72 71 65
 2 -87 4 75 72 71 64
 4 -46 4 74 72 70 69
 9 -53 3 71 70 65
 5 -92 3 73 70 69
 7 -85 3 76 72 70
 4 -90 3 73 71 69
 10 -59 2 70 69
 4 -96 1 69
 8 -44 1 70
 5 -56 1 69
 9 -99 1 71
 5 -46 1 82
 1 -81 1 82
 5 -41 1 82
 5 -82 1 82
 3 -4 1 82
 1 -14 1 82
 2 -91 1 82
 1 -6 1 82
 1 -56 1 82
 7 -39 1 82
 9 -100 1 82
 8 -22 1 82
 3 -87 1 82
 0 22230 0
