82
 0 -52 12 2 3 4 5 6 7 8 11 12 16 17 20
 4 -1 8 31 29 27 22 19 18 14 9
 9 -14 9 32 31 27 26 24 23 22 15 10
 5 -31 6 33 32 24 23 22 13
 8 -25 6 35 31 27 26 24 10
 10 -34 5 35 32 24 21 10
 6 -69 10 45 40 39 34 33 32 31 30 25 24
 9 -16 6 36 34 27 26 19 15
 5 -67 5 39 36 32 30 21
 10 -36 9 48 43 40 39 36 34 33 30 28
 2 -99 5 43 39 35 30 21
 6 -68 8 45 40 39 37 35 32 30 26
 5 -21 6 39 36 35 31 28 27
 3 -72 4 43 38 36 21
 1 -58 9 49 48 45 43 42 40 38 35 33
 6 -45 7 45 43 40 36 35 33 30
 9 -79 8 49 45 43 42 40 38 35 33
 9 -82 5 45 43 35 33 26
 7 -32 8 49 48 46 45 43 40 35 33
 7 -66 7 49 44 40 39 38 35 32
 4 -25 4 45 40 33 26
 1 -57 7 48 47 45 42 41 40 34
 1 -31 7 47 45 43 41 40 38 36
 10 -26 6 47 43 41 38 37 36
 6 -52 6 51 48 44 43 37 35
 10 -44 10 60 57 53 51 49 48 47 46 42 41
 7 -44 6 53 48 43 41 40 38
 8 -83 10 60 57 56 53 51 47 46 45 42 41
 6 -27 8 55 53 51 49 47 43 41 40
 10 -51 7 57 53 49 47 44 41 38
 2 -8 8 60 57 55 51 49 47 41 37
 3 -99 13 71 62 60 59 58 55 54 53 52 51 50 48 43
 4 0 5 55 51 47 44 37
 6 -33 11 81 71 59 58 57 56 54 53 51 50 46
 9 -86 7 71 58 56 55 53 47 41
 7 -13 10 71 65 62 59 58 56 54 53 50 46
 5 -7 11 81 71 65 62 59 58 56 54 53 52 50
 4 -4 9 80 71 65 63 60 59 58 51 46
 7 -60 10 71 63 62 61 60 59 58 55 53 51
 7 -41 9 81 80 71 62 60 59 58 57 52
 9 -19 8 81 80 77 65 59 54 52 50
 5 -84 6 71 62 59 58 52 50
 2 -39 10 81 79 78 70 69 68 67 65 57 56
 1 -60 9 81 80 79 70 68 63 60 58 56
 1 -47 9 80 79 77 71 69 65 63 59 58
 9 -7 4 77 64 55 52
 9 -65 7 80 79 78 75 67 65 61
 6 -13 5 78 68 67 63 56
 6 -3 7 81 80 76 74 71 69 64
 2 -14 6 78 75 73 68 67 63
 9 -33 6 78 77 76 74 66 64
 4 -99 5 79 75 74 69 61
 9 -88 5 80 79 67 66 64
 7 -74 5 75 73 70 67 63
 3 -48 6 76 75 73 70 67 66
 8 -32 4 77 74 66 64
 4 -27 4 76 75 73 63
 2 -23 5 78 75 74 73 67
 8 -39 4 78 73 72 68
 7 -100 4 77 74 73 66
 7 -93 2 68 66
 1 -91 3 77 73 72
 4 -96 2 74 66
 10 -82 2 75 73
 10 -75 2 74 73
 2 -47 1 72
 4 -39 1 72
 7 -17 1 76
 9 -97 1 72
 4 -77 1 72
 4 -66 1 73
 6 -46 1 82
 2 -19 1 82
 10 -12 1 82
 10 -3 1 82
 8 -82 1 82
 6 -13 1 82
 4 -85 1 82
 3 -90 1 82
 4 -21 1 82
 7 -26 1 82
 0 19245 0
