82
 0 -100 17 2 3 4 5 6 7 8 9 10 11 13 15 17 18 22 23 25
 2 -2 5 40 24 19 14 12
 3 -98 8 40 34 30 28 27 26 21 16
 10 -23 6 40 34 26 21 16 12
 7 -48 8 49 40 35 34 33 31 29 20
 5 -12 7 49 40 36 34 28 20 16
 10 -2 6 40 36 32 28 26 14
 1 -71 5 42 40 36 31 19
 6 -59 5 45 40 36 26 19
 4 -89 4 49 36 31 20
 1 -43 7 51 38 35 34 32 31 30
 3 -62 6 50 38 35 32 30 27
 2 -95 5 49 41 36 30 28
 7 -36 5 51 38 34 31 30
 4 -62 9 55 51 50 49 46 41 40 39 30
 9 -31 8 51 50 45 42 41 38 35 32
 4 -18 8 51 50 48 46 40 39 32 30
 8 -22 5 53 51 41 40 28
 4 -97 4 49 34 32 28
 2 -44 7 51 48 46 39 38 32 30
 6 -12 8 64 50 48 46 41 39 36 32
 5 -60 12 55 53 50 48 47 46 45 44 42 41 39 37
 9 -84 7 55 53 51 47 42 39 31
 6 -91 5 51 45 38 35 32
 9 -80 13 64 53 51 50 49 48 47 46 45 44 43 41 37
 8 0 11 55 53 51 50 48 47 44 43 42 41 37
 10 -46 11 64 55 53 51 49 47 46 44 41 39 37
 1 -80 8 59 55 50 44 39 38 37 35
 3 -32 11 59 56 54 52 51 50 48 47 44 43 42
 5 -53 7 59 53 47 45 44 42 37
 1 -21 9 64 62 52 50 48 46 45 43 41
 6 -57 7 59 55 53 47 44 43 37
 8 -72 7 59 54 52 50 46 43 42
 5 -61 4 55 44 39 37
 8 -31 7 64 63 57 54 52 48 46
 4 -94 7 71 62 59 56 54 51 43
 8 -21 7 81 63 58 57 56 54 52
 7 -58 5 64 63 58 54 47
 8 -90 5 71 70 62 60 43
 7 -45 6 81 69 60 58 57 56
 7 -70 8 70 69 65 63 61 60 59 58
 7 -59 8 70 69 68 65 64 61 58 57
 4 -44 6 81 69 65 63 61 58
 4 -33 7 81 72 68 65 62 61 60
 7 -17 4 71 68 58 54
 9 -64 5 81 80 67 60 56
 9 -8 7 77 72 71 70 68 62 61
 1 -48 6 76 70 68 61 60 58
 10 -43 8 79 78 72 71 69 68 67 66
 5 -52 6 81 72 71 69 67 61
 1 -39 6 76 72 70 67 61 60
 5 -40 9 80 79 78 77 76 72 70 68 66
 5 -5 5 76 74 69 67 61
 2 -80 4 76 69 65 60
 5 -26 6 78 76 72 68 67 66
 1 -59 4 76 70 68 61
 8 -18 3 80 78 62
 2 -13 5 78 75 74 72 67
 5 -5 3 78 68 67
 4 -30 5 79 77 75 74 73
 4 -65 3 79 78 66
 6 -49 3 76 74 66
 7 -22 3 79 76 68
 10 -19 3 76 74 66
 2 -85 2 80 67
 4 -3 2 75 73
 8 -91 2 77 73
 10 -74 2 74 73
 4 -20 2 80 73
 4 -46 2 75 74
 4 -14 2 80 76
 8 -40 1 73
 9 -39 1 82
 8 -6 1 82
 1 -89 1 82
 2 -35 1 82
 6 -58 1 82
 10 -13 1 82
 1 -50 1 82
 3 -45 1 82
 7 -27 1 82
 0 18725 0
