82
 0 -54 5 2 3 5 9 13
 2 -24 5 15 10 8 7 4
 4 -42 4 15 8 7 6
 4 -58 5 20 17 16 14 12
 8 -92 5 20 17 16 14 12
 8 -60 4 17 16 14 11
 2 -1 6 25 21 19 18 17 14
 4 -9 5 28 21 20 18 16
 9 -91 2 19 12
 7 -49 4 27 22 17 16
 10 -90 1 12
 1 -24 7 33 28 25 24 23 21 18
 8 -82 4 27 25 20 19
 5 -59 9 35 34 33 28 27 26 24 23 22
 4 -29 5 33 29 25 22 21
 6 -30 3 25 24 19
 8 -50 8 36 34 33 32 28 26 24 23
 6 -60 5 34 29 27 26 22
 3 -27 8 37 36 35 34 33 32 31 23
 6 -96 6 37 36 33 32 24 22
 2 -70 5 35 34 30 27 26
 2 -39 5 47 41 39 38 30
 5 -59 5 47 41 39 38 30
 10 -60 3 48 40 29
 4 -61 5 47 42 38 34 32
 6 -9 5 47 43 42 39 37
 10 -44 4 47 38 36 32
 6 -80 3 47 39 30
 1 -36 3 41 38 31
 1 -3 6 49 48 46 43 42 40
 7 -10 5 47 46 45 43 39
 6 -68 5 49 48 46 45 39
 2 -10 4 46 42 41 39
 10 -69 5 49 48 46 45 41
 6 -30 4 49 46 45 39
 10 -72 3 48 42 39
 10 -41 4 48 46 44 41
 4 -27 2 49 44
 7 -94 2 54 44
 6 -7 2 51 45
 1 -36 5 55 54 53 51 50
 8 -49 1 45
 10 -33 1 44
 8 -40 4 55 53 51 50
 7 -64 4 55 54 53 50
 1 -15 4 55 54 53 50
 8 -75 2 51 49
 5 -81 5 58 57 56 54 53
 1 -84 4 58 56 54 53
 8 -56 4 58 57 56 52
 3 -13 5 70 65 59 58 57
 9 -20 5 71 70 65 62 60
 10 -98 4 71 62 61 59
 7 -99 4 71 70 65 60
 2 -55 7 80 70 69 67 64 63 62
 2 -89 6 71 68 66 64 63 61
 7 -75 3 80 62 60
 10 -80 5 80 71 69 63 62
 8 -24 8 81 80 79 69 68 66 64 63
 8 -89 7 79 69 68 67 66 64 63
 1 -42 9 80 79 78 77 76 72 70 69 67
 3 -10 5 81 79 75 68 66
 2 -43 6 78 77 76 75 73 72
 7 -77 6 78 77 76 75 73 72
 8 -66 6 80 77 76 75 73 72
 10 -30 3 76 74 73
 10 -77 3 75 74 73
 1 -87 2 73 72
 1 -35 2 74 73
 7 -46 2 75 73
 4 -8 2 78 77
 4 -99 1 74
 7 -70 1 82
 10 -19 1 82
 8 -26 1 82
 9 -33 1 82
 7 -29 1 82
 6 -85 1 82
 5 -52 1 82
 4 -48 1 82
 1 -60 1 82
 0 20665 0
