82
 0 -90 12 2 3 4 5 6 7 8 9 10 11 14 15
 3 -26 6 21 20 19 16 13 12
 8 -56 12 34 32 31 30 29 28 25 23 22 20 18 17
 7 -23 10 31 30 29 27 25 23 21 20 19 18
 5 -22 10 41 37 36 34 31 29 28 25 22 17
 5 -66 8 35 32 30 29 27 25 21 18
 10 0 7 38 35 34 30 26 21 18
 1 -56 6 31 28 27 25 18 17
 9 -35 5 28 26 25 18 17
 1 -94 4 25 21 20 18
 9 -34 7 42 38 35 30 29 27 18
 10 -25 5 48 42 29 24 18
 7 -28 10 46 44 41 38 36 34 33 30 29 28
 3 -98 9 51 42 40 38 37 36 35 33 28
 9 -54 7 40 38 37 33 32 31 29
 5 -43 6 41 40 34 32 31 26
 5 -19 10 54 53 51 47 46 42 40 38 35 33
 8 -68 9 51 50 47 41 40 39 37 36 33
 2 -57 9 51 47 46 43 42 41 39 36 33
 9 -47 8 54 51 47 42 40 39 35 33
 7 -92 7 54 51 45 43 42 40 28
 1 -47 5 51 42 40 27 26
 5 -2 8 54 50 48 47 43 40 39 33
 7 -34 5 55 45 38 34 30
 6 -50 10 59 55 54 53 52 47 46 45 44 38
 2 -25 6 54 53 48 47 44 33
 1 -12 12 62 59 56 55 54 53 52 50 49 48 45 44
 4 -30 9 65 59 57 55 50 49 48 47 39
 10 -64 7 59 57 54 51 50 47 39
 4 -42 8 57 54 53 52 50 49 47 43
 10 -82 8 62 55 54 53 50 49 47 43
 5 -86 8 66 59 57 55 54 51 48 43
 8 -81 11 63 62 60 59 58 57 56 55 52 49 45
 1 -72 9 65 60 59 57 56 53 52 51 49
 1 -8 6 66 58 52 50 49 43
 3 -26 9 73 72 66 65 62 56 54 53 49
 5 -92 7 65 62 61 59 56 53 46
 5 -49 6 73 62 58 57 49 43
 4 -69 9 81 66 64 62 61 60 56 53 52
 1 -23 6 63 62 61 60 56 44
 8 -87 9 81 71 65 63 60 58 57 56 52
 1 0 8 73 65 63 62 58 57 55 50
 7 -31 9 81 72 71 65 64 63 61 60 56
 1 -31 9 81 80 79 73 72 71 67 65 57
 1 -14 9 80 73 72 69 68 67 66 64 61
 8 -31 8 81 80 79 73 72 68 64 60
 8 -29 5 73 72 71 60 56
 9 -4 9 80 79 78 71 69 68 67 64 61
 7 -45 8 81 79 78 71 69 68 67 61
 9 -9 5 80 72 71 68 60
 2 -70 5 78 73 71 61 58
 9 -16 7 79 76 73 72 70 69 68
 1 -5 4 71 68 63 58
 7 -71 6 80 75 71 70 67 64
 7 -14 6 80 78 71 69 68 67
 6 -10 7 80 79 78 76 74 69 68
 5 -35 5 78 76 69 68 64
 3 -85 6 80 79 77 75 74 67
 6 -74 6 80 79 78 76 75 70
 3 -20 4 74 70 69 67
 9 -86 3 75 74 70
 4 -70 3 79 74 67
 4 -17 3 76 75 74
 10 -5 2 77 74
 9 -90 2 78 77
 6 -30 2 79 74
 7 -52 1 76
 10 -16 1 75
 4 -4 1 75
 1 -37 1 77
 1 -10 1 74
 9 -4 1 78
 6 -45 1 74
 3 -46 1 82
 7 -39 1 82
 7 -97 1 82
 9 -29 1 82
 2 -35 1 82
 5 -93 1 82
 4 -15 1 82
 8 -82 1 82
 0 17550 0
