82
 0 -55 4 2 3 6 13
 2 -69 6 17 11 10 8 5 4
 6 -38 7 22 17 15 12 11 10 9
 5 -5 4 22 19 9 7
 2 -14 3 22 19 7
 3 -31 6 22 19 17 16 15 14
 9 -49 4 27 16 15 14
 4 -78 6 27 23 22 21 18 16
 1 -61 4 27 26 16 14
 2 -81 4 26 20 19 14
 3 0 2 20 14
 8 -40 7 29 28 26 24 23 21 19
 9 -64 5 26 23 21 20 18
 7 -6 4 29 23 21 18
 5 -10 6 36 30 29 28 26 24
 7 -25 5 36 33 30 29 20
 7 -99 9 38 36 35 34 33 30 29 28 25
 8 -3 5 36 35 30 28 24
 6 -44 8 38 37 36 35 34 33 31 30
 2 0 5 38 35 34 28 25
 9 -66 6 37 35 34 33 31 30
 3 -11 6 38 37 33 32 31 26
 8 -80 6 38 37 36 33 31 30
 8 -51 4 38 34 33 25
 10 -54 6 45 43 41 40 39 37
 3 -13 4 45 43 41 35
 9 -36 4 40 38 37 32
 5 -87 2 32 31
 4 -26 2 44 31
 9 -8 2 45 32
 2 -19 7 52 46 45 43 42 41 39
 5 -76 7 52 51 46 44 43 42 39
 4 -39 7 52 50 46 44 43 42 41
 4 -94 7 52 51 46 45 43 42 39
 4 -36 5 52 46 44 40 39
 3 -21 6 52 50 46 44 43 42
 8 -35 6 58 53 52 49 46 44
 1 -8 5 58 52 51 46 42
 1 -93 7 58 56 55 53 50 49 48
 2 -39 2 47 42
 9 -16 4 55 51 49 48
 4 -64 4 56 53 49 48
 1 -61 4 60 58 56 48
 2 -83 3 60 55 48
 6 -94 3 60 56 49
 2 -17 2 59 47
 6 -44 4 60 57 56 54
 7 -89 4 62 59 57 54
 6 -83 4 62 59 57 54
 6 -85 4 62 60 59 54
 6 -16 3 60 56 54
 6 0 5 63 62 61 60 59
 5 -65 5 64 63 62 61 60
 1 -91 4 65 64 63 61
 1 -62 4 72 65 61 59
 5 -80 5 72 68 67 64 62
 7 -95 5 80 72 65 64 61
 3 -98 3 67 63 62
 2 -30 5 70 69 68 67 64
 5 -27 6 81 79 72 71 67 65
 6 -24 5 81 79 69 67 66
 4 -20 5 80 79 69 66 65
 8 -33 7 79 78 77 76 72 70 68
 2 -6 7 81 79 77 76 75 74 73
 8 -12 6 78 77 76 75 73 70
 7 -96 4 77 75 73 70
 7 -47 4 78 76 75 74
 6 -16 4 80 75 74 73
 10 -76 1 71
 2 -38 1 74
 6 -62 1 73
 10 -97 1 73
 2 -12 1 82
 9 -61 1 82
 2 -59 1 82
 10 -1 1 82
 5 -46 1 82
 4 -70 1 82
 5 -92 1 82
 4 -63 1 82
 3 -84 1 82
 0 19395 0
