82
 0 -5 11 2 3 4 5 6 7 8 12 14 17 21
 10 -30 9 39 25 24 20 18 15 13 11 10
 8 -63 8 39 33 24 23 16 15 13 10
 7 -72 8 46 38 34 33 27 26 24 9
 8 -66 7 39 33 27 20 19 15 13
 7 -67 8 39 34 29 28 27 26 19 18
 3 -36 8 46 39 36 29 27 25 18 15
 8 -67 7 46 39 30 28 22 16 15
 8 -86 8 45 40 39 32 31 30 28 16
 9 -85 6 45 34 31 28 27 19
 8 -21 6 40 38 34 32 27 16
 3 -58 7 49 42 40 38 32 28 24
 5 -60 6 54 40 34 28 26 22
 2 -35 7 49 43 38 37 36 34 32
 9 -92 8 54 47 45 43 41 40 38 26
 7 -74 6 49 44 37 36 35 29
 10 -20 7 54 47 43 41 40 35 26
 3 -78 3 37 30 22
 3 -44 7 49 47 46 43 40 37 36
 8 -73 7 54 53 49 44 40 35 28
 5 -17 6 54 47 45 42 32 30
 3 -67 9 61 57 49 48 47 43 41 38 35
 4 -83 7 54 47 44 42 41 35 32
 3 -10 5 57 48 47 36 30
 1 -48 5 45 43 40 38 32
 9 -80 3 44 42 32
 10 -63 2 57 30
 9 -63 4 61 56 43 37
 4 -14 7 63 51 50 48 47 43 42
 5 -52 5 61 53 44 41 35
 9 -63 6 63 61 57 53 43 41
 2 -29 11 81 69 63 61 59 57 56 55 52 50 48
 7 -42 6 68 63 57 55 52 41
 9 -78 3 47 42 41
 8 -39 10 81 69 68 63 59 56 55 52 51 50
 6 -3 9 69 68 61 56 55 54 53 51 50
 1 -75 5 63 58 57 48 41
 2 -8 5 59 53 52 50 44
 6 -27 9 80 69 63 59 58 56 53 51 50
 5 -83 7 81 80 64 63 62 51 50
 3 -86 6 81 80 69 59 51 50
 7 -79 7 80 78 70 69 68 56 53
 6 -90 6 81 68 65 59 55 52
 10 -3 7 81 80 70 68 63 62 51
 10 -63 5 70 68 64 57 51
 4 -38 9 79 78 77 70 68 67 64 60 57
 9 -44 8 80 75 74 70 67 65 64 58
 8 -97 8 80 79 78 77 67 64 62 60
 7 -51 8 81 77 76 69 67 66 63 60
 4 -4 8 79 78 77 70 67 66 65 60
 4 -66 7 79 78 77 76 67 66 60
 10 -32 5 80 75 74 66 58
 4 -63 7 81 77 75 74 73 66 65
 2 -82 6 80 78 77 74 73 64
 6 -94 6 80 77 75 74 67 66
 5 -64 3 79 67 62
 8 -85 3 80 73 62
 8 -75 7 79 78 77 76 73 72 71
 8 -32 3 78 74 64
 8 -19 5 75 74 73 72 71
 5 -41 5 77 74 73 72 71
 2 -20 3 75 74 66
 5 -25 4 78 73 72 71
 10 -31 2 76 66
 2 -5 3 76 72 71
 6 -92 2 72 71
 4 -83 2 73 71
 10 -86 2 75 72
 1 -62 2 79 71
 7 -10 1 71
 3 -65 1 82
 2 -41 1 82
 10 -48 1 82
 5 -87 1 82
 2 -5 1 82
 6 -45 1 82
 6 -52 1 82
 8 -45 1 82
 9 -36 1 82
 8 -70 1 82
 5 -71 1 82
 0 21315 0
