72
 0 -26 18 2 3 4 5 6 7 8 10 11 12 13 14 15 17 19 20 21 27
 6 -45 11 44 42 33 32 31 29 26 24 22 18 9
 7 -36 8 47 45 44 43 38 30 23 16
 6 -1 9 55 48 43 41 37 33 29 28 18
 10 -34 10 56 55 47 44 42 41 35 32 29 22
 9 -23 10 48 47 43 41 39 38 35 34 29 28
 1 -73 15 56 55 54 52 47 46 45 43 42 41 40 38 37 36 32
 4 -73 12 71 56 55 54 53 47 45 41 38 33 32 29
 6 -9 10 52 50 47 45 43 37 36 35 34 25
 1 -54 6 70 50 44 35 26 22
 6 -56 16 71 70 56 52 50 48 47 46 45 44 43 42 41 40 38 35
 4 -64 12 71 55 54 53 47 45 42 41 37 35 33 29
 2 -29 15 70 56 55 54 53 52 48 47 46 45 42 41 40 38 37
 8 -74 9 71 55 54 50 45 41 33 30 29
 7 -82 11 71 50 48 46 45 42 41 40 38 36 33
 4 -74 9 56 55 54 46 41 40 39 35 32
 9 -39 9 71 67 54 53 50 47 45 41 29
 6 -22 12 71 68 56 54 53 52 50 49 47 46 40 38
 8 -58 12 71 70 67 65 55 53 52 47 46 41 40 35
 4 -92 8 55 54 50 48 45 41 38 33
 3 -27 6 55 54 53 47 38 29
 6 -83 9 71 69 66 54 53 45 40 39 38
 2 -43 9 71 67 66 53 52 50 48 42 37
 3 -64 14 70 69 67 66 65 62 61 55 54 53 52 51 49 48
 5 -30 12 70 69 68 67 65 63 61 55 53 48 46 41
 8 -90 9 69 67 65 49 47 46 45 41 40
 7 -61 9 68 67 64 54 52 50 41 38 37
 8 -76 5 71 50 45 42 36
 2 -11 10 70 69 68 66 65 61 52 49 46 40
 9 -32 10 70 68 67 65 64 61 53 52 49 46
 8 -54 10 69 68 65 64 61 56 54 52 49 41
 4 -35 10 70 69 67 66 62 61 60 51 50 48
 6 -36 10 69 67 65 64 62 61 58 52 51 49
 8 -47 10 71 70 66 64 63 61 59 58 54 46
 1 -80 9 68 66 64 62 61 59 58 51 49
 4 -69 8 68 67 64 61 59 53 51 49
 8 -55 5 62 61 59 51 49
 5 -35 6 63 62 61 60 58 51
 5 -85 4 65 57 52 49
 9 -3 6 64 63 62 60 59 58
 4 -64 5 66 60 59 58 57
 6 -86 5 69 65 62 59 58
 6 -76 4 65 61 59 51
 8 -87 4 62 60 58 51
 4 -70 4 68 59 58 57
 6 -55 3 62 60 51
 6 -13 3 66 61 51
 3 -76 3 64 59 58
 10 -17 2 63 60
 8 -71 2 65 58
 3 -7 1 57
 10 -74 1 59
 5 -7 1 58
 10 -2 1 57
 9 -85 1 60
 2 -81 1 67
 2 -85 1 72
 8 -79 1 72
 2 -46 1 72
 10 -90 1 72
 7 -28 1 72
 6 -16 1 72
 7 -63 1 72
 8 -3 1 72
 10 -95 1 72
 9 -28 1 72
 4 -84 1 72
 6 -93 1 72
 5 -71 1 72
 10 -34 1 72
 10 -48 1 72
 0 18570 0
