82
 0 -60 8 2 3 4 8 9 11 12 17
 4 -11 7 18 16 14 13 7 6 5
 6 -3 10 36 32 31 28 23 20 19 18 15 14
 1 -7 11 36 32 31 30 28 25 24 23 21 15 13
 5 0 4 34 20 19 10
 9 -46 13 39 36 34 33 32 31 30 29 28 27 25 24 21
 5 -17 8 36 32 28 27 26 25 23 15
 6 -42 7 36 32 30 27 26 23 15
 3 -66 6 39 32 26 24 19 13
 10 -21 11 47 42 41 39 36 32 30 29 28 26 23
 1 -63 4 32 20 18 15
 1 -16 6 47 36 32 28 27 19
 4 -33 10 53 47 46 44 42 41 40 37 33 27
 4 -79 5 42 41 30 29 22
 6 -3 8 47 44 42 41 39 38 35 29
 4 -37 11 51 47 46 45 44 43 42 40 39 38 37
 6 -91 7 47 46 44 38 35 31 29
 2 -80 5 47 41 40 29 26
 7 -76 6 51 46 42 40 30 29
 9 -58 6 60 53 52 41 35 30
 6 -51 9 60 53 47 46 44 43 41 38 37
 1 -58 8 60 57 53 52 47 46 38 35
 5 -16 8 60 53 52 50 46 45 40 33
 9 -25 8 60 51 50 47 44 43 38 37
 10 -12 8 62 60 51 44 43 41 40 38
 1 -29 5 60 53 49 46 35
 10 -86 5 62 60 52 49 35
 4 -48 11 64 60 57 55 53 52 51 49 48 46 43
 6 -75 6 64 61 56 53 50 37
 1 -30 4 62 44 43 38
 5 -64 9 65 64 60 55 53 52 51 48 43
 5 -52 6 62 60 56 50 45 38
 9 -68 5 62 57 48 43 38
 9 -16 9 65 64 60 59 55 50 49 48 43
 2 -94 8 65 64 59 51 50 48 45 43
 3 0 12 81 62 61 59 58 57 56 55 52 50 48 46
 4 -89 9 81 62 59 58 57 55 52 49 48
 5 -2 9 81 65 64 61 59 58 55 54 49
 6 -61 8 81 80 64 57 55 53 50 48
 9 -9 8 81 77 64 59 56 55 54 49
 10 -30 6 64 59 56 55 50 48
 2 -90 7 79 64 63 61 60 57 54
 8 -62 7 81 79 76 63 61 58 56
 7 -100 4 64 61 57 48
 3 -72 5 80 76 67 63 55
 6 -92 11 80 79 78 77 76 75 73 72 69 68 67
 5 -84 9 78 77 76 75 72 70 67 66 63
 1 -35 3 77 68 54
 1 -88 10 80 78 76 75 74 73 72 70 67 66
 1 -49 9 77 76 75 74 73 72 71 68 66
 4 -37 9 79 78 77 76 75 73 70 67 66
 10 -85 7 80 79 77 72 68 66 63
 2 -50 4 77 75 68 62
 7 -45 8 76 75 74 73 72 70 67 66
 8 -57 7 79 78 74 72 71 68 66
 6 -46 6 75 73 72 68 67 66
 10 -3 6 77 75 73 71 68 66
 3 -17 7 77 75 73 72 71 70 69
 4 -38 5 80 79 72 69 63
 1 -73 6 78 76 74 73 70 69
 1 -96 5 78 72 70 69 67
 9 -91 4 74 72 67 66
 10 -75 2 74 73
 4 -93 2 76 69
 1 -5 2 74 71
 10 -78 1 69
 4 -6 1 71
 8 -6 1 70
 7 -25 1 82
 4 -22 1 82
 9 -63 1 82
 9 -59 1 82
 10 -85 1 82
 9 -49 1 82
 5 -96 1 82
 3 -17 1 82
 2 -29 1 82
 5 -67 1 82
 3 -27 1 82
 8 -10 1 82
 10 -61 1 82
 0 19535 0
