82
 0 -26 16 2 3 4 5 6 7 8 9 10 12 13 14 15 16 17 21
 7 -61 7 38 31 29 27 26 23 11
 8 -74 9 40 34 33 30 29 28 22 20 19
 6 -55 3 25 19 11
 10 -72 4 38 29 26 11
 5 -15 10 40 38 37 34 31 30 28 24 22 20
 2 -95 9 38 37 34 30 29 28 24 22 18
 3 -40 3 29 27 11
 9 -31 7 36 33 29 27 26 22 19
 1 -45 9 40 38 37 36 34 30 28 25 22
 8 -84 6 37 34 30 28 22 18
 7 -42 6 38 37 30 26 24 18
 9 -10 10 47 41 37 36 34 33 32 30 29 28
 5 -23 9 47 42 41 40 37 36 32 30 28
 10 -5 6 44 40 38 36 35 22
 2 -86 6 40 39 37 35 30 25
 3 -36 9 60 53 47 44 42 41 40 37 28
 5 -46 8 47 44 42 40 36 35 33 32
 3 -52 8 53 50 44 41 38 37 35 31
 2 -72 6 51 44 43 36 32 25
 1 -74 6 46 41 40 37 30 29
 10 -76 8 53 51 50 47 43 42 41 32
 2 -80 13 56 53 51 50 49 48 47 46 45 44 43 39 36
 10 -21 8 60 51 50 46 45 43 42 41
 10 -48 8 60 58 53 50 47 46 42 41
 1 -39 10 61 58 56 55 53 52 51 47 46 42
 2 -60 7 60 58 56 47 46 45 40
 2 -45 6 58 55 50 48 46 35
 4 -94 5 60 59 50 42 35
 1 -20 11 65 64 60 58 56 53 52 49 48 44 43
 8 -54 4 51 43 42 39
 2 -22 6 55 52 49 46 45 39
 9 -22 11 69 65 64 61 56 55 53 52 49 48 46
 9 -31 6 59 56 52 49 45 43
 8 -4 8 69 68 61 57 56 52 51 45
 1 -11 11 69 67 65 64 62 61 60 59 57 55 54
 10 -98 8 69 65 64 59 57 56 52 48
 1 -61 5 61 52 49 48 46
 7 -79 10 69 65 64 62 61 60 59 58 57 54
 10 0 3 64 49 43
 9 -7 8 68 65 63 59 57 56 55 52
 5 -8 4 64 57 49 48
 4 -68 11 81 80 79 72 69 68 67 62 61 57 55
 4 -78 9 81 80 79 72 69 66 62 61 55
 6 -36 9 81 78 76 73 66 65 64 63 54
 5 -100 6 79 67 63 62 59 57
 6 -12 8 80 78 69 68 67 66 64 59
 6 -13 7 79 78 73 66 63 62 54
 8 0 8 81 78 77 72 68 67 66 62
 10 -9 5 78 75 74 68 52
 3 -2 10 81 80 77 76 75 74 73 72 70 66
 8 -96 5 80 79 73 72 62
 3 -65 4 77 66 63 62
 7 -39 7 80 77 75 74 72 71 70
 7 -53 7 78 77 76 75 74 73 70
 6 -68 6 80 76 73 72 71 67
 6 -12 5 78 76 75 73 66
 4 -9 4 78 77 71 63
 8 -28 4 81 77 72 71
 10 -99 4 79 74 72 70
 2 -18 2 78 63
 10 -47 3 76 71 70
 10 -74 2 75 70
 9 -80 2 79 70
 6 -1 2 72 71
 4 -77 1 71
 5 -20 1 74
 2 -76 1 73
 5 -62 1 70
 4 -60 1 82
 9 -27 1 82
 1 -42 1 82
 7 -77 1 82
 3 -9 1 82
 9 -56 1 82
 2 -21 1 82
 2 -49 1 82
 3 -87 1 82
 8 -21 1 82
 6 -26 1 82
 10 -93 1 82
 0 18670 0
