82
 0 -45 9 2 3 4 5 6 7 9 10 22
 6 -64 7 32 23 18 15 13 12 8
 1 -14 9 29 28 27 25 20 18 16 14 11
 6 -39 12 38 32 29 28 27 26 25 21 19 17 15 14
 7 -83 6 28 27 20 18 16 15
 7 -17 8 36 32 27 26 24 21 20 19
 2 -43 6 32 28 27 25 18 14
 2 -38 7 38 34 30 29 27 25 14
 10 -83 5 38 30 23 15 14
 7 -65 5 38 34 32 30 14
 2 -85 7 38 36 35 34 33 24 21
 6 -78 7 48 47 36 35 33 28 24
 10 -7 1 14
 10 -21 9 51 48 47 43 37 36 35 33 24
 3 -38 7 47 36 35 34 33 31 24
 5 -88 9 63 48 41 40 37 36 34 32 30
 7 -100 8 51 47 43 37 36 35 33 24
 8 -80 8 63 49 48 46 41 39 33 26
 5 -98 8 48 46 42 40 37 35 33 30
 9 -50 12 57 50 48 47 46 44 43 42 41 39 35 34
 8 -75 9 63 49 48 47 46 44 41 37 31
 9 -5 6 51 43 42 37 33 24
 6 -36 9 63 56 51 49 48 43 42 37 33
 9 -86 9 63 57 55 53 50 46 41 40 39
 6 -48 8 63 60 53 52 47 46 43 37
 9 -40 5 58 57 55 42 30
 9 -14 9 63 57 56 51 50 48 43 40 39
 5 -46 6 55 44 43 41 40 34
 1 -81 6 63 60 56 55 42 37
 5 -64 8 56 53 52 51 47 45 44 43
 7 -77 5 57 53 43 42 40
 5 -20 10 66 61 59 58 55 54 51 46 45 44
 10 -27 8 58 57 54 53 52 50 45 44
 6 -50 9 81 60 59 58 54 53 52 51 45
 10 -98 8 81 60 59 58 55 53 52 49
 9 -10 6 67 66 60 58 56 42
 9 -40 3 57 50 39
 6 -39 8 79 68 63 61 60 54 52 50
 6 -98 8 81 68 67 66 61 58 54 45
 6 -53 8 81 79 68 60 59 58 54 52
 5 -26 11 81 80 79 68 67 66 64 62 60 59 58
 7 -79 6 81 68 61 59 54 45
 4 -86 8 79 74 67 66 62 61 59 54
 8 -44 9 81 79 78 68 67 65 64 62 60
 1 -77 11 80 79 78 77 76 75 74 73 65 64 62
 1 -65 8 81 79 76 68 65 64 62 56
 8 -2 8 80 78 75 74 73 65 61 59
 3 -73 8 79 78 77 73 65 64 62 60
 1 -5 6 80 76 74 67 62 54
 7 -52 6 81 80 75 67 64 59
 10 -41 8 79 76 74 73 71 69 68 64
 4 -85 6 78 67 66 65 64 62
 8 -31 5 79 75 65 62 61
 4 -24 5 78 75 72 70 65
 10 -64 5 74 70 69 68 67
 6 -99 6 80 74 72 71 70 69
 4 -13 5 76 75 74 73 69
 5 -79 3 78 75 65
 8 -57 4 76 71 70 69
 7 -24 4 76 75 74 70
 5 -76 2 77 64
 7 -58 3 71 70 69
 7 -62 3 73 70 69
 6 0 2 72 70
 9 -37 2 71 69
 2 -70 2 72 71
 10 -5 1 73
 1 -57 1 77
 8 -13 1 82
 8 -79 1 82
 9 -66 1 82
 8 -31 1 82
 3 -5 1 82
 2 -86 1 82
 7 -11 1 82
 6 -42 1 82
 3 -87 1 82
 1 -58 1 82
 3 -67 1 82
 4 -5 1 82
 6 -69 1 82
 0 20765 0
