82
 0 -31 5 2 3 4 5 6
 10 -83 5 14 12 10 9 7
 4 -9 4 14 12 9 7
 2 -25 7 20 18 14 13 12 10 9
 10 -66 4 15 14 9 7
 10 -23 4 14 10 9 7
 1 -32 4 26 18 11 8
 1 -47 6 24 22 21 20 19 17
 6 -16 3 19 17 16
 5 -6 4 26 22 21 17
 5 -29 3 28 19 16
 3 -87 3 24 19 15
 8 -7 3 28 19 16
 3 -37 5 27 26 24 22 21
 10 -61 5 32 28 27 22 21
 2 -85 4 32 23 22 21
 8 -43 5 38 32 28 25 23
 10 -12 3 28 23 22
 1 -9 6 35 34 32 31 30 25
 10 -50 8 40 38 35 33 32 31 30 29
 5 -2 5 38 35 34 30 25
 9 -3 4 38 35 31 25
 10 -1 4 34 31 30 27
 10 -17 2 30 25
 3 -73 3 40 33 29
 9 -70 3 34 32 30
 1 -47 4 43 37 35 33
 2 -11 2 43 30
 9 -68 6 44 43 42 39 37 36
 8 -4 5 44 42 39 37 36
 1 -74 4 43 42 39 36
 9 -96 9 58 54 53 52 47 45 43 42 41
 9 -47 4 53 47 42 36
 8 -47 4 54 50 44 39
 6 -87 3 54 44 39
 3 -12 6 58 54 52 50 45 41
 1 -37 6 58 54 52 50 45 41
 3 -86 7 58 54 53 52 51 49 42
 5 -15 6 58 53 52 49 47 45
 10 -65 6 58 56 52 50 49 46
 3 -84 5 60 57 51 49 48
 1 -62 4 60 56 50 48
 4 -75 4 60 56 50 49
 9 -58 4 58 57 51 48
 4 -3 2 56 46
 9 -27 4 62 60 59 51
 10 -76 3 63 56 48
 2 -58 5 65 62 61 59 55
 5 -20 5 65 63 61 59 55
 1 -29 5 65 63 62 61 57
 1 -6 4 65 63 61 55
 10 -93 4 73 65 60 55
 3 -31 4 73 65 63 55
 7 -12 3 65 61 57
 10 -17 6 72 70 69 67 66 64
 7 -61 6 73 72 71 70 69 64
 6 -50 5 73 72 70 66 64
 7 -22 4 72 70 69 61
 7 -87 4 79 73 69 66
 7 -10 4 78 71 69 68
 5 -82 3 80 68 66
 10 -79 3 72 68 66
 2 -25 7 81 80 79 78 77 75 71
 10 -26 4 80 78 76 68
 10 -14 4 81 78 76 69
 5 -35 3 78 77 71
 1 -36 3 77 75 71
 3 -40 4 81 79 75 74
 6 -97 4 80 77 75 74
 4 -56 4 79 76 75 74
 1 -94 2 76 74
 1 -14 1 75
 3 -50 1 77
 2 -91 1 82
 1 -57 1 82
 6 -81 1 82
 10 -43 1 82
 6 -49 1 82
 10 -65 1 82
 8 -6 1 82
 1 -92 1 82
 0 18165 0
