72
 0 -76 12 2 4 5 6 7 8 9 11 12 17 23 25
 9 -16 6 32 21 19 15 13 3
 2 -26 11 55 34 30 29 28 27 24 20 16 14 10
 2 -2 9 56 55 43 42 31 18 16 14 13
 7 -27 16 56 55 46 43 42 40 37 36 35 34 33 31 29 28 26 22
 5 -17 11 55 40 38 37 34 33 29 28 26 22 19
 7 -59 11 46 43 38 37 35 31 29 28 26 22 16
 3 -98 9 55 46 39 38 32 31 26 21 20
 10 -8 12 56 51 50 49 46 45 43 42 39 38 34 21
 4 -87 9 56 53 46 42 37 33 31 26 22
 1 -83 15 71 56 54 53 51 48 46 45 44 43 42 41 39 36 26
 8 -68 13 71 56 54 52 50 47 46 43 42 39 36 35 29
 1 -76 8 71 51 46 40 37 36 29 28
 7 -71 9 71 51 46 45 44 41 38 37 26
 4 -68 10 65 55 54 52 45 43 41 39 35 31
 8 -75 13 71 64 54 53 50 48 47 45 44 41 40 39 36
 8 -29 11 71 55 52 49 48 47 46 45 44 37 36
 10 -59 6 44 41 38 37 36 26
 1 -64 11 64 53 52 48 47 46 45 44 42 39 36
 8 -38 10 70 68 53 52 50 48 47 45 42 37
 10 -54 9 71 68 67 53 47 41 40 37 36
 3 -56 10 71 70 69 65 64 52 51 49 47 39
 2 -79 7 68 54 50 46 42 40 36
 4 -47 9 68 65 64 54 52 48 47 45 41
 1 -66 8 66 64 62 53 46 44 41 36
 2 -9 12 70 69 68 67 65 64 61 59 52 50 49 47
 6 -72 11 71 70 69 65 62 61 58 54 53 44 43
 8 -47 9 70 64 63 61 53 52 48 45 39
 10 -24 7 65 63 57 49 45 44 41
 9 -93 7 71 54 53 45 44 42 41
 9 -2 10 71 67 66 64 63 62 61 48 47 44
 4 -29 7 70 65 61 53 52 49 45
 1 -41 6 67 64 63 62 48 41
 5 -87 5 67 66 62 44 41
 4 -2 7 68 66 63 61 59 58 53
 6 -63 7 70 65 63 61 59 58 57
 5 -37 6 63 61 60 58 57 54
 8 -55 6 70 63 62 61 60 53
 8 -22 6 68 67 62 60 59 58
 7 -4 4 63 60 58 52
 8 -78 4 70 69 61 59
 8 -65 4 62 59 58 57
 1 -45 4 66 63 60 57
 6 -11 3 68 60 59
 10 -61 3 69 67 62
 7 -51 3 69 58 57
 4 -86 2 60 58
 10 -69 2 60 57
 5 -39 2 66 58
 10 -14 2 66 57
 10 -66 2 63 61
 5 -79 1 62
 8 -19 1 57
 2 -51 1 59
 1 -20 1 64
 7 -98 1 64
 7 -11 1 72
 5 -52 1 72
 10 -36 1 72
 5 -29 1 72
 10 -34 1 72
 9 -42 1 72
 7 -32 1 72
 2 -93 1 72
 4 -32 1 72
 4 -4 1 72
 7 -53 1 72
 6 -29 1 72
 4 -69 1 72
 6 -71 1 72
 3 -62 1 72
 0 17185 0
