82
 0 -95 8 2 3 4 5 7 8 10 11
 7 -43 4 14 12 9 6
 3 -40 5 16 15 14 13 9
 2 -92 4 16 13 12 9
 4 -20 2 12 6
 4 -77 6 22 19 18 17 16 13
 1 -80 6 22 19 18 17 14 13
 9 -68 7 23 22 20 19 18 17 13
 2 -61 7 26 23 22 20 19 18 17
 3 -57 4 19 17 14 13
 8 -73 5 26 23 19 18 17
 5 -87 4 26 23 22 18
 8 -59 8 36 34 33 28 27 26 24 21
 5 -24 7 36 30 29 27 24 23 20
 7 -50 3 33 23 19
 5 -62 5 36 30 29 23 20
 5 -68 8 36 35 34 33 31 30 29 25
 7 -20 6 36 35 30 29 27 24
 2 -41 5 36 28 27 25 21
 2 -12 5 35 34 33 31 25
 4 -48 3 32 31 30
 1 -85 5 47 38 37 35 33
 5 -82 3 45 34 31
 6 -22 1 25
 2 -51 4 47 41 37 32
 1 -29 3 47 35 32
 1 -11 2 32 31
 5 -92 6 47 46 43 39 38 35
 8 -97 3 47 41 32
 1 -28 6 47 43 41 40 38 37
 2 -38 7 47 46 43 41 40 39 38
 4 -79 7 51 46 45 43 40 39 38
 2 -13 5 45 44 43 41 40
 10 -29 3 47 43 37
 2 -47 5 52 45 44 41 40
 7 -42 5 52 47 46 44 42
 2 -52 3 46 44 39
 5 -77 4 52 49 44 42
 4 -86 5 56 54 52 49 42
 1 -59 2 54 42
 4 -98 5 59 57 53 51 49
 5 -88 4 58 55 50 48
 5 -30 4 55 53 52 50
 7 -61 6 60 59 57 56 54 53
 5 -19 6 59 57 56 55 54 53
 7 -80 5 60 58 57 56 48
 5 -24 4 60 58 53 49
 9 -43 3 64 59 53
 3 -97 4 67 64 62 55
 2 -19 3 60 59 57
 1 -39 3 60 58 55
 4 -49 6 67 66 64 63 62 58
 1 -73 4 70 67 63 61
 3 -62 4 67 66 63 58
 10 -25 3 70 63 61
 4 -24 5 81 70 66 64 63
 7 -41 5 81 73 70 66 63
 4 -70 8 81 80 74 73 70 69 68 65
 7 -81 3 81 68 62
 1 -44 8 81 80 78 74 73 72 67 66
 4 -23 6 81 74 73 68 66 65
 2 -85 8 80 79 78 74 73 72 70 69
 10 -4 4 80 69 68 65
 9 -9 5 80 73 72 69 68
 6 -20 4 79 76 72 71
 4 -43 2 77 69
 6 -41 4 79 77 76 75
 5 -10 3 78 77 75
 10 -31 2 76 71
 5 -96 2 77 71
 4 -46 1 75
 8 -90 1 75
 2 -88 1 76
 4 -43 1 75
 1 -31 1 82
 10 -59 1 82
 10 -23 1 82
 9 -48 1 82
 7 -18 1 82
 8 -23 1 82
 5 -21 1 82
 0 20575 0
