82
 0 -34 6 2 3 4 5 7 8
 7 -21 3 20 10 6
 1 -19 6 18 17 15 14 13 11
 5 -86 5 20 18 15 12 9
 3 -14 5 20 18 15 13 10
 9 -96 4 18 17 12 9
 5 -58 5 21 19 18 14 12
 5 -8 3 18 15 10
 8 -85 5 30 21 19 16 14
 3 -21 3 21 19 12
 1 -6 3 23 21 12
 6 -22 4 30 26 24 16
 2 -33 3 30 24 16
 7 -65 7 36 33 31 26 24 23 22
 1 -3 5 33 28 27 24 19
 4 -16 7 36 33 31 28 27 25 22
 2 -14 3 28 24 19
 8 -10 5 31 30 28 27 26
 4 -8 4 36 31 29 22
 9 -10 4 36 35 29 23
 10 -66 4 36 28 27 24
 1 -37 7 50 45 38 37 35 34 32
 10 -2 3 32 28 27
 9 -77 6 50 38 37 35 34 32
 4 -44 5 50 45 42 35 29
 6 -49 4 39 37 32 29
 5 -64 6 50 49 40 39 38 37
 1 -79 4 50 49 37 34
 7 -69 4 49 41 38 34
 7 -91 4 49 42 39 38
 4 -17 4 49 43 42 39
 7 -75 4 49 44 41 40
 5 -19 4 50 49 41 40
 3 -4 3 44 43 40
 9 -51 2 46 39
 8 -13 4 52 48 46 43
 10 -35 2 42 41
 6 -10 3 52 46 43
 5 -34 2 48 41
 2 -34 5 58 53 52 48 46
 6 -88 6 58 56 53 52 51 47
 6 -89 5 58 53 52 51 46
 2 -29 4 58 53 51 47
 5 -26 3 52 51 46
 2 -80 3 56 48 47
 5 -16 5 66 59 56 55 54
 10 -36 4 66 59 55 54
 8 -85 2 57 51
 6 -42 6 71 66 65 59 57 55
 2 -88 5 66 63 59 57 53
 1 -90 6 71 66 65 60 59 55
 9 -25 6 73 71 66 65 64 57
 9 -91 8 73 71 70 65 64 62 61 60
 5 -75 3 71 65 57
 4 -18 7 73 70 67 64 63 62 61
 6 -20 5 73 70 63 62 60
 3 -14 4 70 62 61 60
 4 -42 5 73 68 67 65 62
 6 -46 5 76 73 70 69 67
 9 -68 4 81 76 69 67
 5 -75 4 81 75 69 68
 4 -69 5 81 76 75 74 72
 1 -52 3 81 75 68
 10 -52 4 76 75 74 72
 8 -13 3 76 74 69
 7 -82 4 78 76 75 72
 8 -87 3 75 74 72
 2 -64 2 74 72
 7 -26 2 78 72
 10 -41 3 81 78 75
 9 -44 2 79 74
 6 -51 3 80 79 77
 3 -51 2 81 75
 8 -96 2 78 77
 6 -12 1 77
 10 -40 1 79
 9 -78 1 82
 8 -60 1 82
 8 -64 1 82
 6 -86 1 82
 8 -54 1 82
 0 18820 0
