82
 0 -99 5 2 3 4 7 8
 6 -92 5 15 11 9 6 5
 4 -16 5 18 15 14 6 5
 9 -72 5 21 18 15 10 6
 9 -37 5 24 22 21 17 12
 1 -18 4 24 22 17 13
 1 -88 2 14 12
 1 -88 4 21 20 16 14
 8 -16 3 22 16 13
 9 -12 2 24 12
 2 -83 4 27 21 20 19
 7 -49 2 16 13
 10 -16 3 29 20 19
 3 -20 3 29 27 19
 10 -48 1 16
 6 -26 2 29 19
 2 -44 2 29 19
 9 -37 1 19
 6 -74 3 26 25 23
 8 -8 3 26 25 23
 3 -94 3 29 26 23
 2 -84 3 27 26 23
 4 -83 5 40 33 32 31 28
 10 -73 3 40 38 25
 6 -28 5 46 33 32 31 30
 3 -80 6 46 40 35 34 31 30
 4 -8 5 46 40 35 32 30
 1 -82 3 46 38 30
 4 -32 7 46 45 44 41 40 39 37
 2 -99 7 45 44 42 41 39 37 36
 2 -52 6 51 48 44 43 42 39
 2 -84 3 50 45 34
 9 -59 3 49 47 35
 8 -41 3 48 43 39
 2 -24 5 63 51 50 48 43
 10 -79 7 63 62 57 52 50 48 47
 9 -54 6 57 53 52 50 49 47
 10 -57 6 57 53 52 51 50 47
 6 -59 5 57 53 52 49 47
 8 -51 2 57 42
 4 -77 3 54 48 43
 1 -43 4 58 52 50 49
 5 -95 5 62 58 57 56 52
 8 -92 7 62 61 60 59 58 56 54
 7 -8 6 61 60 58 57 56 54
 3 -3 6 62 61 60 58 57 55
 3 -69 5 60 59 58 56 54
 1 -65 5 61 59 56 55 53
 6 -48 5 67 63 62 59 54
 3 -75 5 70 60 59 56 55
 8 -95 4 67 62 60 54
 3 -70 4 70 61 60 55
 6 -61 3 66 64 58
 7 -9 1 55
 8 -28 5 81 71 66 65 64
 8 -81 5 71 67 66 65 64
 10 -65 2 65 59
 10 -70 8 81 80 74 71 70 69 68 67
 2 -34 4 81 68 66 64
 7 -40 3 75 65 64
 7 -9 3 75 65 64
 9 -81 4 75 74 69 65
 2 -70 5 80 74 70 69 68
 3 -15 5 80 79 74 72 69
 1 -32 3 80 76 68
 9 -72 4 79 78 77 75
 9 -17 4 79 78 76 72
 3 -91 3 79 78 72
 2 -83 3 77 76 73
 9 -46 3 79 77 76
 6 -33 2 76 72
 3 -49 1 77
 5 -7 1 78
 1 -78 1 76
 10 -38 1 76
 4 -76 1 82
 9 -65 1 82
 5 -10 1 82
 5 -29 1 82
 3 -37 1 82
 10 -36 1 82
 0 21340 0
