72
 0 -56 17 2 3 4 5 6 8 9 10 11 12 13 14 15 16 18 19 24
 3 -24 12 45 42 40 37 34 31 30 27 25 21 20 17
 3 -38 8 50 41 38 36 31 27 23 7
 9 -48 12 50 45 40 38 36 35 34 33 32 29 27 26
 2 -30 11 58 48 45 42 41 39 36 34 29 27 25
 10 -93 12 58 56 50 49 46 45 44 43 42 40 37 35
 7 -89 9 57 45 43 42 40 39 37 33 20
 7 -16 11 58 57 50 48 43 42 41 40 39 38 33
 7 -89 10 58 50 49 48 46 42 41 40 35 34
 10 -53 8 50 47 44 43 42 40 37 20
 1 -70 8 57 45 44 42 37 36 32 28
 7 -60 7 48 46 43 42 40 27 21
 4 -35 10 58 49 48 47 44 42 41 40 39 28
 3 -91 7 58 46 45 43 42 40 22
 4 -42 10 71 58 49 48 47 46 42 41 39 33
 4 -98 8 58 50 48 42 41 40 38 27
 4 -97 7 71 57 55 51 49 46 32
 5 -64 7 70 58 57 44 40 38 31
 9 -23 7 69 58 54 51 44 36 31
 2 -12 12 70 69 67 61 58 56 55 54 51 49 48 46
 4 -63 10 71 66 63 56 54 50 49 47 44 39
 6 -14 12 71 68 67 66 65 63 56 54 50 49 47 44
 2 -72 10 68 66 63 56 54 52 49 47 44 42
 5 -53 11 71 69 67 64 63 57 54 53 48 46 44
 9 -20 11 70 68 66 65 64 63 54 52 51 50 43
 4 -82 14 70 68 67 66 65 64 63 62 61 56 55 54 52 51
 1 -60 12 70 67 64 63 62 61 56 55 54 52 51 47
 6 -83 11 71 70 68 64 63 62 61 56 55 51 46
 6 -77 9 70 68 65 63 56 54 52 47 44
 9 -75 10 70 69 67 63 62 61 56 54 49 46
 10 -75 9 67 64 63 61 56 55 53 48 46
 8 -63 7 61 60 58 56 54 48 41
 9 -89 9 69 67 64 63 56 54 53 52 44
 8 -84 9 70 67 66 65 64 56 54 52 44
 9 -85 8 66 65 64 63 61 60 51 47
 4 -77 6 67 62 61 53 49 46
 8 -44 7 67 64 63 61 60 53 48
 5 -10 7 71 64 63 60 56 54 46
 5 -60 8 70 65 64 62 61 55 53 52
 2 -31 6 71 65 64 63 61 54
 5 -70 6 69 67 66 63 62 52
 8 -14 4 70 61 55 51
 7 -26 5 71 67 62 61 59
 5 -61 4 62 61 59 55
 4 -65 4 67 66 60 59
 5 -39 3 66 65 52
 7 -70 3 69 57 53
 10 -51 3 68 65 62
 4 -63 2 64 60
 9 -60 2 61 60
 2 -41 1 53
 1 -28 1 59
 5 -67 1 59
 3 -61 1 59
 1 -11 1 60
 6 -18 1 59
 3 -74 1 59
 6 -60 1 63
 5 -90 1 72
 3 -40 1 72
 6 -77 1 72
 10 -92 1 72
 7 -36 1 72
 3 -27 1 72
 4 -63 1 72
 7 -7 1 72
 9 -29 1 72
 1 -13 1 72
 7 -50 1 72
 7 -28 1 72
 8 -72 1 72
 0 19240 0
