82
 0 -87 18 2 3 4 5 6 7 8 9 10 11 12 14 15 16 17 20 25 36
 6 -56 11 48 42 41 40 39 37 32 30 27 18 13
 5 -55 12 66 61 50 48 42 39 35 34 30 24 21 18
 9 -51 12 53 48 44 39 38 37 31 30 28 24 23 18
 4 -38 11 61 52 50 48 43 39 38 33 24 21 19
 2 -36 10 66 61 50 48 40 39 31 30 21 18
 9 -95 17 81 61 60 53 50 49 47 44 43 41 40 39 38 33 31 27 23
 9 -41 12 61 52 50 48 47 44 43 39 37 35 30 26
 7 -6 10 57 48 43 42 41 38 30 28 27 24
 8 -7 9 58 57 47 44 43 39 29 24 22
 2 -81 12 66 61 57 55 52 48 47 42 41 40 37 30
 5 -53 12 81 66 61 52 47 44 42 41 40 39 33 30
 5 -1 13 81 80 79 66 65 61 60 56 53 50 46 35 34
 5 -74 9 58 51 50 48 44 43 41 39 24
 10 -97 10 80 61 57 56 52 51 46 44 41 26
 10 -40 15 81 79 78 66 61 60 57 56 54 53 52 50 46 44 42
 4 -23 15 80 79 78 64 63 60 59 58 57 56 55 52 50 47 41
 4 -9 13 80 79 65 62 59 57 55 52 51 49 47 46 43
 7 -81 8 65 56 55 54 51 45 40 30
 8 -5 11 79 78 66 64 59 57 55 52 51 43 41
 10 -49 9 80 78 63 56 53 47 44 41 37
 6 -48 11 81 79 64 63 61 56 55 51 50 49 41
 7 -45 12 80 79 78 77 65 62 59 58 57 54 46 42
 10 -27 8 62 60 56 55 54 46 45 40
 7 -60 6 81 79 66 58 52 34
 1 -47 13 79 78 70 66 65 64 62 60 59 58 55 54 45
 10 -65 11 80 79 78 77 64 63 62 56 54 51 45
 8 -68 10 79 77 75 66 63 62 61 50 49 47
 8 -6 14 80 78 75 74 73 71 66 65 64 63 62 61 59 56
 1 -37 9 80 77 72 71 62 59 58 49 46
 2 -39 8 79 78 64 62 59 54 52 42
 4 -67 9 80 77 70 66 65 64 58 55 45
 2 -33 7 79 78 77 65 57 46 45
 9 -82 7 77 75 64 59 54 51 44
 2 -76 8 78 77 76 70 62 57 54 45
 5 -46 9 78 77 72 71 64 63 59 52 51
 7 -68 8 81 75 74 65 62 60 54 51
 9 -100 6 80 66 63 62 51 45
 2 -17 10 80 78 77 76 75 73 71 70 62 54
 4 -63 10 79 78 75 74 72 71 70 64 63 59
 5 -58 6 77 70 69 65 62 45
 7 -74 8 76 75 74 72 71 69 63 51
 9 -11 6 77 73 71 63 56 54
 7 -90 4 74 70 62 55
 8 -56 7 75 74 73 72 71 68 67
 8 -55 5 75 70 69 64 63
 5 -44 4 76 71 68 54
 8 -81 5 74 71 70 68 63
 8 -9 5 78 74 73 70 67
 2 -3 5 73 71 70 68 67
 1 -67 4 73 70 68 67
 4 -95 4 76 70 68 67
 3 0 4 77 69 68 67
 5 -81 3 72 69 67
 1 0 3 71 69 67
 2 -3 3 76 68 67
 1 -44 3 74 71 68
 3 -72 3 76 75 68
 9 -7 2 69 67
 7 -11 2 77 68
 6 -84 2 72 70
 3 -14 1 68
 3 -51 1 67
 10 -100 1 68
 2 -17 1 67
 1 -65 1 69
 4 -2 1 82
 1 -59 1 82
 5 -8 1 82
 8 -75 1 82
 7 -88 1 82
 4 -87 1 82
 7 -90 1 82
 10 -2 1 82
 10 -18 1 82
 9 -71 1 82
 9 -39 1 82
 5 -83 1 82
 3 -37 1 82
 2 -44 1 82
 1 -91 1 82
 0 19825 0
