82
 0 -89 5 2 3 4 6 7
 2 -17 7 17 16 13 12 11 10 8
 7 -90 5 17 12 11 9 8
 10 -69 4 19 15 14 5
 2 -57 4 28 18 17 16
 7 -39 4 19 18 16 15
 2 -90 4 28 21 19 14
 9 -84 3 19 15 14
 5 -9 4 21 19 18 16
 4 -57 3 19 18 15
 10 -100 7 28 24 23 22 21 20 19
 7 -57 4 24 20 19 18
 2 -87 4 28 24 20 18
 6 -38 3 24 20 18
 5 -53 5 28 25 24 22 20
 4 -39 5 34 25 24 23 20
 3 -1 5 34 25 23 21 20
 1 -56 4 31 25 23 22
 2 -78 4 34 30 27 25
 3 -53 6 39 37 36 31 29 26
 9 -60 4 37 30 27 26
 10 -27 7 41 37 34 33 32 29 27
 9 -1 4 39 37 30 26
 2 -2 6 41 37 32 30 29 27
 1 0 3 39 37 26
 10 -90 7 44 43 42 41 35 33 32
 10 -84 6 44 43 40 39 38 36
 9 -4 3 44 38 34
 1 -93 4 49 43 42 38
 10 -85 3 43 38 36
 5 -67 2 43 33
 10 -68 4 54 49 46 38
 10 -2 4 47 46 45 40
 4 -11 4 47 46 45 40
 5 -89 8 60 55 54 51 50 49 48 46
 3 -96 6 60 55 50 47 46 45
 7 -89 4 55 50 47 43
 7 -66 7 60 55 53 51 50 48 47
 7 -85 4 50 49 48 45
 8 -93 5 63 60 55 54 49
 7 -79 5 60 55 54 53 46
 6 -16 7 63 57 55 54 53 52 51
 1 -84 4 60 54 53 46
 3 -40 5 63 59 55 53 50
 2 -33 5 63 57 53 52 51
 8 -2 6 63 61 59 57 56 52
 2 -52 5 61 59 57 56 52
 3 -16 5 61 59 57 56 52
 8 0 4 59 57 53 52
 8 -61 4 61 57 56 52
 10 -40 4 81 59 58 56
 7 -46 4 81 70 66 58
 10 -39 3 81 61 58
 8 -45 8 81 70 69 67 66 65 64 62
 4 -35 1 56
 8 -10 7 70 69 67 66 65 64 62
 3 -97 8 81 80 78 71 70 69 67 65
 8 -39 5 69 67 65 64 62
 2 -70 5 70 67 65 64 62
 5 -53 5 69 67 65 64 62
 1 -83 5 71 69 66 65 64
 6 -44 8 80 79 78 77 76 75 71 68
 3 -64 2 75 64
 4 -59 5 79 78 77 76 68
 8 -76 5 79 77 76 75 68
 3 -3 7 80 78 76 75 74 73 72
 6 -9 4 77 76 75 68
 10 -83 3 74 73 72
 7 -36 3 75 73 72
 6 -23 2 73 72
 7 -26 1 72
 8 -12 1 82
 9 -19 1 82
 5 -99 1 82
 8 -3 1 82
 10 -74 1 82
 4 -59 1 82
 1 -30 1 82
 2 -62 1 82
 2 -12 1 82
 2 -81 1 82
 0 20445 0
