82
 0 -77 5 2 3 4 6 9
 5 -6 4 17 14 10 5
 2 -75 7 27 19 15 14 12 11 10
 3 -80 4 15 13 8 7
 7 -41 7 27 23 22 19 18 12 11
 8 -86 4 22 19 16 10
 9 -69 5 27 23 20 18 16
 2 -55 5 31 23 19 17 16
 3 -77 3 25 19 15
 8 -90 4 25 23 21 20
 9 -81 2 20 16
 1 -39 4 31 26 25 21
 5 -71 4 26 25 22 21
 2 -50 3 24 23 18
 6 -14 2 31 17
 5 -68 3 26 25 21
 6 -60 2 26 21
 7 -99 6 36 32 31 30 28 26
 5 -86 1 21
 2 -35 5 32 31 30 28 26
 8 -88 3 33 29 24
 8 -8 2 33 24
 10 -4 6 36 34 32 30 29 28
 5 -44 6 39 36 34 32 30 28
 8 -77 5 39 33 32 30 28
 8 -40 4 38 34 33 29
 7 -29 4 35 34 32 29
 1 -13 4 43 38 37 35
 4 -49 6 45 43 42 41 39 37
 9 -80 5 43 42 41 40 37
 6 -13 6 50 43 42 41 39 38
 9 -40 2 43 37
 3 -51 6 52 51 50 48 44 42
 4 -83 4 52 50 49 40
 5 -13 3 46 42 41
 10 -15 6 52 51 50 49 48 44
 1 -50 5 51 49 48 46 44
 5 -50 5 52 51 48 47 45
 3 -1 4 52 51 48 44
 9 -27 4 54 51 45 44
 10 -86 4 54 52 51 47
 2 -23 5 64 60 54 53 49
 9 -2 5 57 55 54 53 52
 6 -44 2 64 47
 6 -93 6 64 60 58 57 55 53
 3 -5 4 64 56 53 50
 10 -44 6 63 60 58 57 56 53
 9 -69 6 75 60 58 57 56 54
 9 -23 4 75 63 57 55
 10 -5 3 75 58 54
 4 -19 5 75 64 62 61 59
 8 -80 5 65 64 61 60 59
 7 -65 4 75 62 61 59
 6 -53 4 63 62 61 59
 6 -2 1 56
 5 -95 3 62 61 59
 6 -53 3 62 61 59
 1 -35 3 65 61 59
 7 -79 8 81 74 73 72 71 68 67 66
 8 -17 7 81 73 72 71 69 68 66
 8 -20 6 81 74 73 72 70 66
 10 -10 4 81 69 67 65
 8 -91 7 81 80 79 78 74 73 71
 3 -50 6 81 80 79 72 71 70
 4 -33 5 80 79 76 71 70
 4 -92 5 80 79 78 77 76
 9 -2 4 80 77 76 70
 8 -43 3 79 77 76
 8 -78 1 70
 1 -41 1 78
 5 0 1 77
 9 -4 1 76
 5 -27 1 76
 3 -88 1 77
 3 -86 1 76
 5 -79 1 82
 6 -19 1 82
 1 -72 1 82
 10 -37 1 82
 9 -51 1 82
 7 -59 1 82
 0 19540 0
