72
 0 -94 16 2 3 4 5 6 7 8 9 10 13 15 16 17 19 20 22
 2 -43 12 51 38 36 34 32 26 25 21 18 14 12 11
 8 -21 10 51 39 37 35 33 32 29 25 24 11
 8 -8 12 51 45 41 36 34 32 29 27 26 23 18 14
 9 -93 7 45 37 36 34 29 26 11
 10 -36 7 41 40 38 36 32 14 12
 6 -39 11 69 51 50 42 40 38 34 31 28 26 25
 9 -24 8 71 51 40 38 36 31 23 14
 5 -86 5 51 36 34 18 14
 9 -83 9 67 50 42 41 40 36 31 28 26
 8 -93 8 71 50 41 40 31 30 27 23
 10 -20 7 71 69 50 45 37 30 23
 2 -90 12 70 68 54 53 50 49 46 40 36 35 31 30
 2 -97 11 70 69 66 54 53 50 43 42 37 35 30
 4 -58 11 71 70 68 67 66 54 49 45 43 30 29
 5 -19 9 70 69 68 49 48 45 40 35 28
 3 -78 7 68 48 46 40 36 32 28
 9 -89 13 71 69 68 67 54 53 49 48 47 46 43 40 31
 6 -43 8 68 67 49 48 44 42 40 28
 4 -70 12 70 67 54 53 52 51 47 45 44 43 40 37
 4 -1 9 71 69 67 66 49 47 43 42 29
 10 -43 9 68 67 54 53 48 44 42 40 36
 6 -21 6 70 68 67 48 46 28
 1 -44 10 66 64 61 54 53 52 50 46 43 36
 6 -95 10 67 62 53 52 48 47 45 44 43 41
 6 -1 8 71 70 66 65 63 53 46 30
 8 -77 9 68 67 66 65 62 61 48 47 42
 2 -1 9 66 64 62 60 54 53 52 47 43
 3 -99 7 64 62 53 52 48 46 44
 9 -6 5 64 62 52 48 44
 8 -45 9 66 65 61 60 59 58 56 55 52
 3 -78 5 67 64 53 52 44
 5 -14 7 63 61 60 59 57 55 47
 6 -66 5 68 57 56 49 46
 9 -4 6 67 62 60 57 55 47
 9 -90 5 69 65 62 55 47
 8 -83 5 60 58 57 55 49
 9 -14 4 59 54 53 46
 9 -30 4 65 62 59 44
 7 -48 6 66 64 63 62 56 55
 10 -46 4 59 57 56 46
 2 -8 3 64 52 46
 10 -38 4 65 63 58 55
 6 -93 3 61 58 56
 9 -28 3 61 57 56
 2 -15 2 60 55
 2 -36 2 58 56
 5 -26 2 59 55
 8 -50 2 63 59
 3 -55 2 60 59
 3 -23 2 61 57
 2 -99 1 57
 3 -39 1 55
 6 -44 1 56
 4 -62 1 72
 1 -73 1 72
 4 -27 1 72
 6 -96 1 72
 7 -3 1 72
 6 -34 1 72
 7 -62 1 72
 6 -56 1 72
 9 -46 1 72
 4 -61 1 72
 1 -44 1 72
 7 -33 1 72
 2 -24 1 72
 8 -77 1 72
 6 -50 1 72
 10 -37 1 72
 10 -63 1 72
 0 17460 0
