72
 0 -12 14 2 3 4 5 6 8 9 10 11 12 13 16 18 20
 5 -34 12 31 28 26 25 24 23 22 21 19 17 15 7
 1 -70 11 48 39 37 36 31 30 28 27 23 22 17
 5 -74 14 47 41 39 38 36 35 34 33 31 29 28 26 25 23
 6 -39 7 49 48 37 28 27 23 17
 4 -36 13 71 70 58 49 47 46 41 39 36 33 32 29 23
 1 -45 7 49 41 38 37 30 29 14
 7 -23 9 52 47 38 34 33 30 29 25 23
 3 -81 9 46 44 42 40 38 36 33 29 21
 9 -85 5 58 52 41 38 15
 2 -53 12 71 70 58 57 49 47 46 42 38 33 32 29
 5 -80 8 69 48 42 41 38 36 28 21
 7 -44 11 66 56 52 47 44 42 38 33 32 30 25
 4 -38 13 71 70 69 66 58 57 53 51 48 47 42 36 32
 5 -78 11 71 70 69 57 53 49 47 44 42 40 29
 5 -65 14 67 58 56 53 52 51 50 47 46 45 44 41 40 38
 10 -90 12 71 69 68 67 58 57 52 45 42 41 34 33
 10 -100 12 71 70 68 67 58 57 56 52 48 46 43 31
 7 -87 13 71 70 68 58 57 56 52 50 48 46 44 41 40
 10 -25 11 69 67 64 58 57 56 48 47 45 40 33
 10 -89 13 71 70 67 65 58 57 56 53 52 50 49 47 45
 8 -14 10 71 69 67 66 53 51 50 47 38 35
 1 -97 9 68 67 57 53 51 45 44 42 40
 7 -87 12 70 67 66 65 63 53 51 50 49 48 44 38
 6 -95 11 71 70 69 68 67 58 55 53 51 50 43
 7 -100 9 65 63 58 57 56 53 52 48 42
 7 -82 6 70 63 53 50 46 38
 5 -21 9 67 66 65 64 55 53 51 50 43
 6 -36 8 68 67 64 60 56 51 48 45
 7 -47 6 64 62 55 53 50 40
 6 -25 8 65 64 63 61 55 53 51 50
 10 -19 4 68 62 55 40
 6 -62 6 63 61 55 53 51 50
 4 -79 5 56 55 53 51 50
 4 -65 7 70 65 62 61 57 55 54
 9 -37 6 67 65 60 59 56 52
 4 -93 6 69 68 63 56 55 54
 9 -32 5 68 64 62 55 54
 10 -53 5 67 64 62 59 53
 3 -14 2 65 43
 7 -3 2 65 43
 9 -24 4 64 62 55 50
 10 -100 4 63 61 59 54
 7 -92 4 62 61 59 54
 2 -98 4 66 63 61 59
 6 -22 4 69 66 62 61
 6 -74 3 62 60 55
 5 -85 2 61 55
 10 -50 2 61 55
 5 -90 2 60 59
 1 -16 2 62 59
 2 -91 2 64 62
 10 0 1 54
 5 -92 1 60
 4 -1 1 59
 7 -78 1 61
 9 -79 1 60
 6 -87 1 61
 9 -81 1 72
 1 -52 1 72
 10 -53 1 72
 7 -82 1 72
 9 -69 1 72
 2 -73 1 72
 8 -9 1 72
 9 -35 1 72
 4 -8 1 72
 7 -79 1 72
 1 -11 1 72
 6 -83 1 72
 10 -18 1 72
 0 20205 0
