82
 0 -96 16 2 3 4 5 6 7 8 9 10 11 13 15 16 20 21 23
 7 -47 15 54 39 36 35 34 33 32 30 29 28 25 22 19 18 17
 1 -37 13 56 54 45 42 40 38 37 36 30 25 24 18 12
 1 -38 14 54 52 45 42 40 38 36 35 33 32 29 26 19 18
 5 -75 7 54 40 35 30 28 18 14
 8 -78 15 81 57 56 54 45 42 41 40 39 36 33 30 27 26 22
 3 -9 7 54 38 35 33 28 27 14
 10 -95 8 81 57 56 54 48 42 22 14
 9 -53 15 81 56 54 53 49 48 44 41 39 36 34 32 31 29 27
 9 -81 14 81 79 57 56 54 53 49 46 45 42 40 39 26 22
 9 -93 13 81 58 57 56 54 53 50 41 40 39 36 33 32
 5 -36 8 81 57 48 41 39 34 33 22
 9 -91 10 57 54 49 46 44 41 38 35 34 27
 2 -67 10 53 51 49 46 44 41 39 36 34 29
 10 -19 14 81 58 57 56 54 53 52 51 50 49 43 41 40 36
 8 -91 11 81 78 56 52 50 49 47 46 41 30 27
 3 -99 14 80 79 78 77 72 58 57 56 50 49 47 46 45 43
 1 -13 15 81 78 74 73 72 71 60 58 57 55 53 51 50 49 41
 4 -86 10 78 72 60 58 49 48 47 46 43 41
 4 -66 7 81 80 78 60 51 47 30
 1 -52 5 72 58 52 41 33
 2 -36 13 80 78 76 72 69 60 58 55 52 51 50 47 44
 4 -92 9 81 77 72 60 58 52 49 46 36
 10 -72 14 80 79 76 75 74 72 71 70 67 58 55 51 50 46
 4 -5 9 76 72 71 68 58 55 52 49 41
 6 -43 11 80 78 77 74 73 72 67 65 59 50 43
 1 -92 12 79 77 75 74 73 72 71 67 66 58 55 51
 4 -33 11 81 79 76 75 74 72 67 60 58 55 53
 4 -80 9 77 73 72 69 68 64 58 50 47
 9 -37 7 79 73 72 67 66 58 43
 2 -84 9 78 77 76 72 70 68 60 58 46
 2 -89 8 80 74 73 72 67 66 65 43
 5 -71 7 80 76 71 55 51 49 46
 4 -55 4 78 58 50 43
 8 -70 12 81 79 78 72 71 69 66 65 63 60 59 56
 8 -92 11 78 75 73 71 69 68 67 66 65 59 55
 9 -7 13 78 74 73 72 71 69 67 66 65 64 63 62 61
 3 -11 10 73 72 70 69 68 66 64 63 61 58
 7 -92 7 77 76 71 65 61 60 52
 7 -32 9 77 75 72 69 68 65 61 60 59
 9 -40 10 80 79 77 75 69 67 66 65 62 61
 10 -77 9 72 68 67 66 65 64 63 61 59
 7 -82 7 76 71 70 69 68 62 55
 6 -5 7 73 70 68 67 65 61 59
 3 -35 7 68 67 65 64 63 61 59
 7 -30 7 73 69 66 64 63 62 61
 10 -48 6 75 74 71 67 61 59
 2 -89 5 71 65 64 63 61
 4 -81 4 65 63 61 59
 1 -34 4 66 63 62 61
 6 -19 4 68 64 62 61
 6 -74 4 74 70 67 63
 6 -72 4 70 66 63 61
 4 -12 4 77 72 68 61
 1 -5 3 64 63 61
 7 -73 3 70 67 62
 4 -31 3 75 70 62
 9 -94 2 65 59
 6 -78 1 62
 9 -87 1 64
 8 -88 1 82
 5 -42 1 82
 7 -61 1 82
 5 -71 1 82
 3 -66 1 82
 7 -12 1 82
 2 -80 1 82
 4 -65 1 82
 5 -61 1 82
 6 -48 1 82
 6 -33 1 82
 10 -68 1 82
 9 -25 1 82
 6 -30 1 82
 7 -89 1 82
 3 -44 1 82
 2 -10 1 82
 1 -78 1 82
 1 -5 1 82
 9 -31 1 82
 3 -66 1 82
 0 22770 0
