82
 0 -81 10 2 3 4 5 6 7 8 9 11 12
 6 -28 8 32 28 24 22 21 17 15 10
 3 -47 8 32 29 28 24 21 19 18 10
 3 -34 9 36 35 31 30 22 19 18 17 16
 7 -31 7 40 36 33 29 26 21 13
 7 -96 5 32 28 23 18 10
 7 -60 8 40 38 28 26 25 23 18 14
 3 -38 12 44 41 39 36 33 32 31 30 28 25 22 20
 10 -99 6 38 36 28 26 25 14
 7 -54 4 40 36 25 14
 7 -24 11 54 44 42 39 38 34 33 31 30 27 24
 7 -84 11 54 43 42 40 39 36 34 31 30 27 23
 6 -60 8 41 39 38 35 31 30 25 22
 1 -38 10 54 43 42 41 37 35 34 33 31 30
 7 -74 9 59 54 47 42 37 36 34 31 26
 7 -20 10 50 45 44 41 40 39 34 33 32 27
 5 -56 8 46 44 43 42 40 39 38 33
 8 -64 9 59 51 50 47 46 45 43 42 39
 3 -37 8 59 54 53 50 44 41 39 33
 9 -63 8 59 51 50 45 43 42 40 34
 10 -64 7 59 50 47 44 42 37 34
 5 -67 4 54 45 34 27
 2 -7 7 59 57 50 46 45 44 33
 2 -86 7 59 57 51 45 43 37 36
 5 -46 8 63 59 54 51 48 47 45 43
 4 -75 7 57 53 50 48 44 43 39
 3 -47 7 60 59 57 53 51 46 37
 9 -74 7 62 59 54 51 50 46 42
 10 -13 6 57 54 51 46 42 37
 2 -95 5 61 59 50 47 46
 3 -41 9 63 61 58 57 53 52 51 50 48
 8 -76 7 65 62 61 60 57 51 46
 1 -75 8 66 65 63 62 61 58 51 48
 1 -84 7 81 63 60 58 57 52 48
 2 -58 3 58 48 44
 7 -71 5 81 66 65 62 46
 9 -85 5 62 61 58 52 48
 9 -43 5 65 60 59 57 48
 1 -88 10 81 73 68 64 62 61 60 58 56 52
 5 -65 6 66 65 63 60 58 48
 3 -11 7 65 64 60 58 57 56 51
 10 -57 9 81 72 66 64 63 61 58 55 53
 2 -82 7 72 66 65 62 61 58 49
 7 -33 7 80 66 65 64 63 61 51
 4 -14 7 73 70 64 60 58 55 52
 3 -98 3 63 58 48
 2 -14 8 81 72 67 65 64 62 58 57
 3 -14 2 56 49
 4 -20 6 79 77 73 70 64 55
 4 -49 7 80 79 73 68 67 65 60
 5 -100 8 81 79 78 73 72 70 68 67
 3 -25 5 78 72 67 66 65
 5 -71 7 79 78 77 76 73 70 69
 3 -17 6 80 79 77 69 67 64
 2 -96 5 80 78 69 68 67
 8 -76 5 80 78 72 70 69
 9 -9 4 79 77 68 66
 10 -100 5 79 77 76 71 69
 1 -5 4 81 76 69 68
 1 -81 4 77 76 71 69
 4 -94 3 77 70 69
 7 -46 4 80 78 75 71
 5 -18 3 78 76 69
 3 -98 3 76 75 71
 9 -8 3 77 75 71
 8 -90 2 76 69
 3 -33 3 76 75 74
 3 -41 2 75 71
 10 -6 2 75 74
 10 -4 1 71
 5 -74 1 74
 10 -87 1 76
 3 -14 1 74
 3 -65 1 82
 1 -30 1 82
 4 -72 1 82
 3 -85 1 82
 6 -7 1 82
 2 -46 1 82
 10 -11 1 82
 1 -28 1 82
 0 21385 0
