82
 0 -93 22 2 3 4 5 6 7 8 9 10 11 12 13 14 16 17 18 19 20 21 22 23 32
 10 -91 15 58 53 49 47 45 44 42 40 39 37 33 27 26 25 24
 8 -24 14 53 49 45 44 43 42 40 39 34 33 30 28 27 26
 10 -43 7 59 49 45 37 27 26 15
 3 -49 13 66 53 52 47 42 41 40 39 33 31 30 28 25
 4 -89 13 66 53 52 47 43 42 41 40 37 35 33 30 24
 8 -19 17 81 66 59 57 53 52 49 48 47 44 43 42 38 37 34 33 31
 1 -12 13 81 59 58 49 47 44 43 38 37 33 29 26 24
 8 -40 13 66 59 57 53 50 49 47 43 42 41 39 30 27
 10 -85 13 65 58 53 50 49 48 47 43 42 39 38 31 28
 9 -77 12 81 80 59 57 53 50 49 47 36 33 31 26
 4 -77 9 81 59 53 47 43 42 31 26 25
 3 -89 17 80 66 65 58 57 56 53 52 51 50 48 47 44 43 40 37 33
 8 -86 11 53 49 48 47 45 43 42 40 37 34 27
 5 -72 10 66 58 53 47 44 43 42 39 38 25
 6 -81 12 66 58 57 56 53 50 46 44 43 42 38 33
 7 -8 10 80 60 59 58 57 53 47 46 44 26
 6 -7 13 81 80 78 66 64 60 58 56 52 49 42 37 36
 10 -59 11 80 66 65 59 57 56 52 50 47 42 30
 8 -32 9 80 77 66 58 57 53 50 48 27
 2 -21 6 80 57 43 42 31 26
 2 -11 15 80 77 65 63 59 58 56 55 52 50 48 47 46 44 43
 8 -75 18 81 80 79 78 77 76 75 73 65 63 61 60 58 57 56 55 51 46
 6 -52 12 80 78 77 75 65 64 61 60 57 51 48 46
 3 -59 6 80 57 56 55 54 34
 6 -69 13 78 77 75 74 66 65 62 61 56 55 52 51 48
 9 -64 13 79 78 76 65 64 63 61 60 56 55 52 51 46
 4 -70 8 78 77 60 59 57 55 51 37
 10 -57 12 78 77 75 74 66 65 64 61 60 56 53 51
 9 -20 12 81 79 77 76 73 72 70 64 63 61 58 51
 3 -5 11 78 77 76 73 72 64 63 56 55 54 46
 3 -35 10 78 77 76 75 65 62 58 56 55 51
 9 -40 12 78 77 76 75 74 72 64 63 61 60 55 54
 9 -61 11 79 78 77 76 74 73 69 65 63 62 50
 7 -20 8 78 73 72 63 61 56 51 50
 8 -76 7 79 76 73 62 61 55 44
 7 -38 7 79 75 73 72 63 54 46
 2 -20 10 80 79 76 75 74 73 69 62 61 60
 2 -98 7 81 75 74 62 60 56 55
 3 -45 8 79 77 73 72 71 70 69 59
 3 -30 6 80 75 73 62 60 54
 5 -22 4 75 72 55 51
 8 -18 8 78 76 73 72 71 69 67 60
 8 -14 6 74 72 70 68 67 54
 6 -25 6 80 77 73 69 63 61
 8 -98 6 74 71 70 69 68 62
 10 -59 5 78 72 70 68 64
 4 -24 5 79 76 73 70 67
 4 -2 5 77 76 70 68 67
 5 -85 4 75 70 67 60
 3 -8 3 68 67 54
 9 -73 4 73 72 69 68
 7 -32 4 73 69 68 67
 2 -78 2 71 69
 4 -50 2 70 67
 2 -82 2 71 69
 1 -85 2 74 67
 3 -6 2 74 67
 5 -23 1 61
 5 -50 1 68
 8 -46 1 67
 7 -72 1 67
 6 -29 1 68
 4 -59 1 67
 1 -22 1 72
 3 -82 1 67
 6 -57 1 82
 4 -70 1 82
 3 -31 1 82
 7 -86 1 82
 9 -31 1 82
 4 -45 1 82
 5 -91 1 82
 7 -20 1 82
 5 -9 1 82
 9 -19 1 82
 10 -53 1 82
 10 -36 1 82
 4 -18 1 82
 9 -6 1 82
 7 -29 1 82
 0 19220 0
