92
 0 -44 21 2 3 4 5 6 7 8 9 10 11 12 13 14 15 16 17 18 19 20 21 32
 10 -29 19 62 53 51 46 43 42 41 38 37 36 35 34 31 30 29 28 27 26 22
 7 0 16 68 62 56 53 51 48 47 46 44 43 42 41 39 36 31 29
 10 -52 14 62 56 55 54 53 51 49 43 42 39 34 30 28 27
 10 -99 14 62 59 56 53 51 50 49 45 42 36 35 34 29 25
 3 -4 13 57 54 53 52 51 50 49 45 42 37 36 34 29
 7 -97 10 68 49 48 46 42 39 35 33 29 24
 7 -52 11 54 53 51 50 49 44 43 40 39 30 24
 1 -45 12 62 56 54 51 45 43 40 39 36 35 34 30
 1 -67 12 68 62 61 60 55 53 51 46 44 43 37 30
 9 -1 14 68 67 62 59 58 56 55 53 51 48 42 40 39 36
 2 -56 10 68 67 59 57 56 53 47 45 36 29
 3 -63 9 74 73 68 57 56 47 42 39 23
 5 -33 14 75 73 68 67 65 59 58 56 53 51 43 42 40 39
 6 -94 11 87 75 68 67 59 53 51 48 45 44 29
 9 -89 17 91 89 75 74 73 72 68 67 60 59 58 56 55 51 47 43 39
 7 -93 13 91 90 74 68 67 64 61 52 51 47 46 43 38
 7 -82 8 75 72 68 53 47 46 39 35
 10 -37 15 91 89 75 73 72 68 67 64 62 55 52 51 50 49 47
 1 -25 10 72 68 67 62 59 55 52 48 47 40
 4 -93 13 87 74 73 68 64 60 56 55 53 51 50 47 42
 8 -86 11 91 90 75 74 73 72 67 58 55 45 39
 5 -80 14 91 89 72 67 65 64 61 60 59 58 55 52 51 50
 10 -95 12 88 86 72 62 61 60 59 58 56 55 52 36
 3 -12 11 89 75 73 72 68 67 65 60 58 55 39
 7 0 8 87 75 73 72 66 64 47 40
 6 -39 15 88 87 86 75 73 72 71 68 67 66 64 63 61 58 45
 8 -65 8 87 71 68 67 65 50 48 40
 7 -45 7 73 72 64 61 58 55 40
 9 -44 13 91 88 86 74 73 72 70 67 66 59 58 52 47
 7 -100 10 74 73 71 67 64 61 59 52 50 49
 8 -10 9 87 83 72 70 68 61 60 49 46
 6 -86 11 89 88 87 86 72 66 63 60 53 51 47
 7 -6 11 89 87 86 84 73 72 69 68 67 66 47
 2 -69 9 87 86 74 73 67 64 60 58 55
 1 -26 11 89 87 83 82 78 75 73 71 65 64 63
 6 -22 10 90 89 86 82 81 75 73 72 59 56
 1 -30 10 86 84 82 72 70 66 65 63 60 59
 5 -81 8 88 86 85 82 81 64 61 52
 1 -37 12 91 90 89 88 86 83 82 79 76 74 63 60
 3 -60 11 89 88 85 84 83 82 78 76 71 67 63
 4 -75 10 89 85 82 81 79 78 72 70 66 63
 7 -19 9 88 87 86 84 83 78 76 71 63
 9 -22 9 91 88 85 82 80 79 78 69 64
 3 -25 8 89 83 82 80 79 70 69 60
 10 -61 5 89 86 82 63 58
 7 -95 8 85 83 82 80 78 77 71 65
 2 -56 8 85 83 82 81 79 78 77 64
 4 -26 8 90 88 85 84 79 78 77 65
 10 -33 9 90 88 86 84 83 82 81 80 76
 4 -1 8 84 83 82 81 80 79 78 69
 2 -79 6 87 84 83 79 78 63
 5 -100 6 84 81 80 79 70 69
 7 -6 6 87 82 80 79 78 65
 6 -93 5 82 78 76 71 66
 1 -20 5 85 79 78 70 69
 3 -8 4 82 78 65 62
 9 -83 6 85 81 80 78 77 76
 3 -79 4 85 79 78 76
 10 -94 3 81 78 77
 4 -56 3 80 79 76
 1 -18 3 87 81 76
 10 -53 2 80 69
 5 -71 2 84 70
 2 -55 2 81 76
 4 -42 2 83 77
 1 -88 2 81 79
 6 -89 2 77 76
 9 -61 1 77
 4 -76 1 76
 9 -99 1 79
 10 -50 1 76
 6 -73 1 80
 1 -45 1 80
 6 -98 1 84
 10 -69 1 92
 9 -14 1 92
 8 -12 1 92
 7 -78 1 92
 4 -38 1 92
 3 -46 1 92
 2 -70 1 92
 6 -4 1 92
 8 -87 1 92
 4 -36 1 92
 2 -100 1 92
 7 -7 1 92
 4 -29 1 92
 3 -1 1 92
 7 -17 1 92
 10 -38 1 92
 0 23715 0
