92
 0 -53 13 2 3 5 6 7 8 9 10 14 15 16 17 19
 6 -18 6 31 23 22 18 11 4
 3 -22 8 35 31 28 26 24 20 18 13
 7 -92 7 38 30 29 28 27 26 12
 7 -94 8 38 35 34 32 31 26 22 18
 9 -62 10 51 41 39 38 37 36 31 29 28 27
 1 -78 9 51 39 37 35 31 30 28 27 26
 5 -70 6 39 35 34 26 25 21
 5 -100 5 39 29 27 25 21
 10 -44 5 39 34 28 22 21
 5 -70 9 51 40 39 37 36 35 32 29 27
 8 -1 6 41 39 35 34 32 21
 3 -76 6 43 38 34 30 25 22
 2 -24 6 51 39 37 34 28 22
 4 -35 5 39 35 34 28 21
 10 -99 5 41 39 34 31 21
 6 -39 4 37 36 35 20
 7 -51 4 41 39 27 21
 10 -50 6 49 43 40 36 33 25
 4 -33 10 56 51 49 45 43 41 40 34 33 32
 10 -75 9 51 49 44 43 42 40 37 36 33
 9 -64 8 56 50 49 44 41 40 36 33
 10 -36 7 56 54 53 51 47 35 32
 4 -93 6 51 47 43 40 37 32
 9 -12 8 56 54 53 51 50 45 41 32
 10 -86 8 56 55 53 48 46 44 43 36
 10 -33 7 56 50 48 47 44 42 33
 2 -94 7 56 54 53 50 48 43 32
 6 -47 6 61 56 54 49 48 34
 8 -37 9 69 61 54 52 50 49 47 46 40
 8 -40 9 75 69 65 64 61 56 54 46 40
 7 -12 6 61 60 55 46 44 42
 3 -57 10 91 75 69 65 61 55 54 53 52 46
 3 -19 8 91 69 60 55 52 50 47 46
 6 -2 9 91 75 69 64 61 49 48 46 43
 8 -36 7 65 60 57 54 52 47 45
 3 -42 12 91 90 75 69 67 65 61 59 56 55 54 48
 3 -32 7 69 67 61 54 50 48 46
 3 -96 10 91 89 75 74 69 63 61 60 49 46
 6 -75 9 91 90 87 67 63 58 57 55 48
 8 -69 8 91 89 73 67 66 64 63 46
 4 -68 11 90 89 87 72 71 65 63 62 59 58 52
 4 -46 10 89 88 85 73 71 67 66 63 62 57
 6 -20 13 91 88 87 85 84 81 75 73 72 71 69 66 58
 10 -10 12 89 87 81 75 74 73 72 71 69 61 59 58
 8 -57 9 90 88 87 85 71 62 59 58 57
 3 -81 10 90 89 87 85 83 73 71 66 63 62
 4 -29 10 89 88 85 83 74 73 72 70 62 60
 7 -52 10 86 85 84 83 81 73 72 68 67 66
 1 -88 10 88 87 86 83 81 78 75 74 73 65
 8 -85 10 88 87 84 83 81 75 72 71 70 64
 5 -66 8 88 86 84 81 74 68 67 64
 7 0 7 87 86 83 81 80 67 59
 6 -57 8 89 87 85 83 79 77 71 63
 9 -65 6 85 83 81 73 68 66
 6 -79 7 84 82 81 78 73 72 70
 1 -96 6 84 83 82 77 72 68
 4 -34 7 86 83 80 78 77 76 70
 7 -17 5 84 78 77 76 70
 7 -8 5 81 80 77 76 71
 1 -43 5 82 80 78 77 70
 7 -11 5 84 81 78 77 76
 9 -9 5 86 81 80 78 76
 3 -39 5 85 79 78 77 76
 2 -61 5 85 82 80 79 76
 9 -52 4 82 78 76 70
 7 -27 4 82 79 77 76
 10 -12 3 80 79 76
 9 -11 3 78 77 76
 2 -50 1 79
 5 -21 1 78
 4 -47 1 76
 7 -93 1 77
 1 -72 1 76
 3 -97 1 77
 2 -66 1 92
 3 -82 1 92
 10 -43 1 92
 1 -28 1 92
 6 -51 1 92
 7 -77 1 92
 8 -64 1 92
 1 -39 1 92
 5 -100 1 92
 3 -84 1 92
 2 -39 1 92
 4 -23 1 92
 9 -73 1 92
 3 -6 1 92
 3 -96 1 92
 2 -89 1 92
 0 23655 0
