92
 0 -77 12 2 3 4 6 7 8 10 11 13 14 16 17
 10 -37 6 28 25 24 19 15 5
 8 -84 5 33 24 20 12 9
 10 -94 8 41 34 33 32 28 25 23 12
 5 -99 7 41 36 34 33 32 20 12
 2 -48 9 44 42 41 35 30 28 23 22 15
 9 -20 10 44 42 35 32 30 29 27 25 23 22
 4 -86 10 57 36 34 32 30 29 27 26 25 20
 2 -51 9 44 42 41 35 34 29 25 21 18
 4 -77 7 57 35 31 29 26 25 20
 7 -71 10 57 45 43 42 35 32 31 30 29 26
 10 -46 9 57 47 45 43 35 30 29 27 26
 10 -74 7 44 43 41 39 32 30 22
 1 -47 11 58 57 49 47 45 44 43 39 38 37 29
 5 -54 9 57 49 47 45 43 38 34 32 29
 10 -24 8 50 47 45 42 39 37 33 27
 3 -32 9 58 57 52 46 45 43 42 37 31
 10 -9 7 61 47 39 38 37 32 31
 8 -55 6 50 40 38 34 32 31
 1 -59 12 61 55 54 51 50 49 47 46 45 44 40 38
 8 -14 11 58 57 55 53 52 50 49 47 46 43 38
 4 -8 8 57 53 50 47 46 45 34 31
 2 -59 8 58 57 50 46 39 38 37 31
 10 -94 7 50 49 45 42 39 38 32
 3 -52 9 59 58 50 48 47 45 43 39 37
 2 -40 9 63 61 51 50 49 46 40 39 37
 10 -78 6 58 53 52 46 38 31
 7 -75 9 59 58 55 54 52 51 48 47 38
 5 -99 5 62 61 50 46 40
 7 -72 7 61 59 58 52 51 48 38
 2 -54 11 80 68 66 62 59 56 55 54 51 49 48
 2 -46 8 66 63 62 58 56 53 51 46
 10 -6 9 66 65 62 61 56 54 53 52 48
 6 -31 8 80 63 61 59 56 55 52 48
 10 -76 6 68 66 62 55 51 46
 6 -6 9 80 68 63 62 55 53 51 49 48
 10 -58 10 80 72 68 66 65 64 62 60 56 53
 3 -99 9 80 74 67 66 65 64 63 62 56
 10 -41 5 66 56 55 54 52
 4 -76 5 80 66 56 53 52
 3 -65 5 79 67 55 54 50
 6 -39 7 80 71 67 66 64 56 54
 7 -24 6 80 79 65 61 54 51
 2 -76 6 91 80 66 62 59 48
 3 -41 8 80 78 74 73 71 64 63 56
 2 -57 5 80 65 60 59 48
 4 -49 11 91 80 78 77 74 73 71 68 66 65 64
 8 -95 8 79 78 77 74 71 69 67 64
 4 -71 8 79 78 77 73 72 71 69 64
 6 -99 7 78 77 74 73 66 65 64
 3 -1 7 78 77 73 72 71 69 64
 6 -20 9 89 87 79 78 75 74 73 72 68
 5 -19 8 88 87 77 74 71 70 69 67
 10 -17 5 88 77 75 69 60
 6 -44 7 91 90 78 77 74 71 65
 9 -54 7 91 87 86 79 75 70 69
 2 -11 6 79 78 76 73 70 69
 8 -42 8 90 87 78 77 75 74 71 69
 9 -95 4 86 84 76 64
 2 -64 7 90 89 87 78 76 74 73
 1 -80 6 89 77 76 74 73 69
 10 -99 5 78 77 73 71 69
 10 -44 6 87 85 84 77 76 72
 9 -31 5 88 87 83 82 70
 6 -100 5 88 87 86 76 69
 9 -45 4 86 85 76 69
 5 -3 4 84 82 76 73
 8 -43 2 76 69
 9 -51 4 84 83 82 81
 7 -45 4 90 89 85 81
 2 -26 3 85 84 76
 5 -84 3 86 83 82
 4 -72 2 86 85
 7 -89 2 83 81
 2 -79 2 84 82
 10 -98 1 81
 5 -92 1 83
 6 -17 1 82
 7 -61 1 88
 5 -90 1 86
 1 -35 1 92
 7 -26 1 92
 10 -65 1 92
 8 -54 1 92
 5 -14 1 92
 5 -100 1 92
 1 -33 1 92
 7 -49 1 92
 7 -99 1 92
 7 -12 1 92
 6 -78 1 92
 0 25125 0
