82
 0 -21 18 2 3 4 5 6 7 8 9 10 13 14 15 16 20 21 24 25 27
 8 -11 7 46 36 34 31 22 12 11
 7 -71 10 42 39 34 33 32 30 26 23 22 17
 4 -11 7 37 36 34 31 26 23 11
 3 -68 8 36 32 30 29 28 23 18 17
 3 -34 7 37 36 35 31 30 26 17
 6 -29 13 55 52 45 44 41 40 38 35 33 32 31 30 26
 10 -94 11 53 52 45 41 40 37 33 28 26 23 19
 10 -21 7 49 43 37 36 32 26 17
 9 -45 12 81 59 52 47 46 44 40 36 35 30 28 18
 9 -67 8 59 58 51 48 42 35 30 17
 3 -11 10 55 53 45 41 40 37 32 30 26 19
 1 -22 8 56 55 53 40 38 30 26 23
 10 -46 14 81 66 59 58 55 52 50 45 44 43 40 37 36 35
 1 -16 17 65 59 58 57 55 54 53 51 50 49 48 47 46 45 44 40 37
 9 -9 12 66 64 58 55 51 50 46 44 43 40 35 33
 10 -41 16 79 66 62 57 56 55 54 53 52 50 47 45 44 41 40 38
 10 -5 13 80 65 63 58 57 55 54 50 49 48 45 43 37
 3 -80 14 81 79 78 66 65 64 57 56 54 50 49 48 44 43
 10 -68 12 81 79 64 62 55 54 51 50 47 44 40 35
 9 -86 8 79 58 55 50 44 40 36 35
 9 -19 12 77 75 65 63 59 58 57 52 51 48 45 37
 2 -18 10 79 76 66 64 59 54 50 47 44 35
 10 -17 11 80 79 77 76 66 62 60 59 55 50 36
 2 -98 8 75 65 59 58 55 52 45 37
 3 -56 10 81 80 79 77 74 64 59 58 48 47
 1 -79 10 80 77 70 62 61 58 57 50 44 41
 7 -29 8 78 77 65 55 54 50 48 43
 3 -52 9 77 73 65 63 60 58 52 50 43
 1 -57 8 80 79 76 66 64 50 49 43
 2 -77 8 77 76 64 60 56 54 51 50
 10 -55 11 79 78 72 71 70 66 65 63 62 61 60
 7 -1 11 80 76 75 74 73 72 71 62 60 59 54
 4 -61 11 79 77 76 75 73 71 70 63 62 59 57
 6 -61 8 80 75 70 65 63 61 57 49
 8 -24 8 78 74 73 64 63 61 54 51
 1 -16 9 79 78 74 73 71 68 62 61 60
 6 -50 9 78 77 75 73 72 70 69 63 60
 9 -39 7 76 74 73 70 68 60 50
 7 -11 8 80 72 71 70 69 68 61 60
 4 -89 8 78 76 74 72 71 69 68 60
 7 -93 7 77 76 72 69 63 61 60
 9 -35 6 74 72 70 68 67 62
 6 -17 5 74 71 69 63 60
 7 -2 5 73 72 69 64 60
 2 -15 5 80 76 72 62 61
 6 -39 6 75 72 71 70 68 67
 9 -74 5 76 73 68 61 60
 4 -21 4 77 73 68 60
 8 -4 4 75 71 69 67
 3 -11 4 72 70 68 67
 6 -20 4 78 76 71 68
 7 -3 3 75 69 60
 8 -53 3 70 69 68
 9 -34 3 70 69 68
 8 -34 3 73 71 69
 6 -53 2 69 67
 1 -22 2 78 67
 1 -29 2 69 68
 1 -34 1 67
 8 -92 1 67
 5 -68 1 69
 2 -28 1 68
 8 -66 1 68
 4 -88 1 67
 5 -10 1 74
 5 -59 1 82
 6 -21 1 82
 10 -25 1 82
 2 -90 1 82
 4 -59 1 82
 7 -86 1 82
 3 -62 1 82
 7 -73 1 82
 8 -98 1 82
 7 -41 1 82
 9 -5 1 82
 1 -92 1 82
 6 -31 1 82
 2 -2 1 82
 10 -56 1 82
 0 17550 0
