92
 0 -67 16 2 3 4 5 6 7 8 9 10 11 12 14 15 16 23 28
 10 -43 11 41 39 37 34 33 30 27 25 24 20 13
 2 -78 10 41 40 39 37 33 32 27 25 19 17
 1 -60 10 43 40 39 37 33 32 30 26 20 19
 3 -36 8 42 41 40 37 34 22 20 18
 1 -15 8 39 37 35 32 30 26 20 19
 10 -87 8 43 42 41 37 32 27 25 20
 4 -31 8 43 41 40 37 36 34 30 21
 8 -87 8 52 43 42 41 37 36 29 21
 6 -30 10 49 42 41 40 37 36 35 34 32 31
 4 -43 9 49 45 41 39 38 36 34 32 27
 10 -43 12 49 47 46 45 43 42 41 40 38 37 35 33
 9 -1 11 52 49 45 44 43 42 38 36 35 32 31
 4 -89 8 45 44 43 41 39 37 35 24
 2 -33 8 49 45 41 40 38 36 34 27
 9 -31 8 52 49 45 44 38 36 31 27
 5 -5 9 49 47 44 43 42 38 36 35 30
 2 -94 7 49 46 45 44 39 38 27
 7 -62 9 62 52 49 48 47 45 42 38 36
 8 -79 8 62 52 49 48 47 44 38 36
 10 -60 6 49 47 46 39 35 33
 1 -47 9 62 60 53 52 47 46 45 44 39
 1 -34 4 46 40 35 31
 3 -93 9 54 51 50 49 48 47 46 42 40
 9 -82 12 64 62 60 57 54 53 51 50 49 48 47 44
 10 -78 8 62 60 52 49 47 46 44 41
 5 -15 6 64 57 51 48 47 35
 2 -95 7 64 57 54 52 51 47 40
 7 -99 5 51 50 49 48 35
 7 -88 11 69 66 62 60 57 55 54 53 51 48 46
 10 -90 9 69 64 62 57 53 51 50 48 47
 2 -40 11 69 66 64 58 57 55 54 53 51 50 48
 10 -95 7 64 60 55 54 51 48 44
 7 -10 8 74 64 62 56 55 52 51 44
 4 -41 11 91 74 69 66 62 60 58 56 55 54 53
 2 -92 6 69 66 57 53 51 46
 8 -60 8 66 64 62 60 57 56 55 51
 3 -18 7 69 68 60 57 55 54 50
 4 -34 6 64 57 54 51 50 48
 10 -65 11 91 76 70 69 68 66 60 59 58 56 53
 10 -43 6 68 64 57 56 54 51
 5 -25 9 91 70 68 67 66 59 57 56 55
 7 -26 8 77 74 64 63 58 56 54 51
 6 -77 15 91 89 77 76 73 72 70 69 68 67 66 65 63 61 59
 6 -18 5 91 66 56 55 51
 10 -92 10 77 76 75 74 73 68 67 64 59 56
 10 -98 7 91 74 67 66 58 56 55
 9 -88 8 76 74 70 68 67 63 59 56
 9 -74 11 91 89 76 72 70 68 67 66 63 61 59
 5 -56 7 91 75 74 73 67 59 56
 8 -15 7 73 72 70 67 65 61 59
 8 -86 11 89 88 85 83 77 76 73 72 71 66 65
 8 -89 9 89 87 82 77 75 73 72 65 63
 3 -50 6 90 89 76 70 67 59
 9 -95 12 90 89 88 87 86 85 83 77 76 73 72 71
 9 -97 8 89 88 87 83 72 71 65 61
 6 -20 6 89 77 74 71 65 63
 8 -91 10 90 89 88 87 85 83 82 80 72 65
 4 -85 9 88 87 86 85 84 83 81 79 71
 8 -55 5 89 85 75 72 67
 4 -16 9 90 86 85 84 82 81 80 79 78
 1 -50 6 89 87 85 83 82 67
 5 -6 8 90 88 85 84 83 80 79 78
 2 -63 6 91 83 81 79 78 71
 2 -90 4 86 81 79 78
 6 -86 4 87 84 82 78
 10 -18 3 81 80 79
 9 -1 3 83 82 78
 9 -23 3 83 80 78
 7 -36 2 78 75
 10 -96 2 82 80
 8 -62 2 84 78
 6 -85 2 80 78
 8 -35 2 79 78
 3 -43 1 79
 1 -16 1 78
 7 -86 1 81
 4 -31 1 92
 2 -55 1 92
 6 -37 1 92
 2 -22 1 92
 6 -26 1 92
 2 -78 1 92
 4 -34 1 92
 7 -72 1 92
 4 -3 1 92
 3 -58 1 92
 9 -16 1 92
 7 -13 1 92
 10 -68 1 92
 8 -67 1 92
 0 24610 0
