92
 0 -46 7 2 3 4 5 6 8 9
 9 -83 6 25 20 19 15 11 7
 4 -62 7 25 20 18 15 14 13 11
 7 -95 5 25 18 14 13 10
 10 -97 6 20 19 17 16 15 11
 1 -48 6 22 20 19 18 15 12
 8 -13 4 18 17 16 12
 8 -58 5 26 25 22 18 12
 6 -96 5 26 22 21 20 15
 10 -58 4 26 19 15 12
 8 0 2 22 12
 1 -62 5 35 28 27 24 21
 5 -85 4 31 27 22 21
 6 -100 5 35 31 28 26 21
 5 -50 5 36 28 27 24 23
 1 -68 5 36 31 27 23 22
 7 -99 5 35 28 26 24 23
 7 -7 6 36 35 31 29 28 23
 4 -26 9 43 36 34 33 32 31 30 29 28
 7 -2 4 35 31 28 23
 6 -78 3 36 29 23
 1 -32 7 43 37 35 34 33 30 28
 7 -76 8 43 42 38 37 34 33 32 30
 10 -69 6 43 34 33 32 31 29
 4 -6 5 43 38 34 30 29
 1 -12 6 43 42 38 37 34 30
 6 -55 7 47 43 42 40 39 38 33
 10 -86 9 49 48 47 44 42 41 40 39 38
 9 -78 5 49 47 42 41 37
 4 -18 6 49 47 44 41 40 39
 6 -48 4 49 47 41 37
 3 -77 6 51 48 45 44 41 40
 10 -41 5 51 49 48 45 41
 2 -3 4 57 47 41 39
 7 -64 4 48 45 42 41
 2 -19 4 48 45 41 38
 10 -10 4 48 45 44 40
 5 -73 7 56 55 54 52 51 50 46
 8 -28 5 54 52 51 50 45
 5 -39 6 57 56 55 52 50 46
 4 -58 7 59 56 55 54 53 52 50
 9 -74 5 54 52 51 50 46
 4 -14 2 52 44
 2 -32 4 59 55 54 53
 2 -40 2 55 46
 1 -87 6 68 64 62 60 59 53
 3 -55 3 59 53 52
 8 -10 5 68 63 59 57 54
 1 -32 5 65 62 61 58 55
 1 -4 7 68 64 63 62 61 60 58
 1 -99 7 68 64 63 62 61 60 58
 4 -23 6 68 63 62 61 60 58
 3 -69 5 70 65 63 61 58
 8 -88 5 72 67 64 62 61
 6 -80 5 77 76 68 63 60
 8 -21 5 72 70 67 64 61
 5 -27 7 76 72 71 69 67 66 62
 9 -22 7 77 76 72 71 69 67 66
 3 -34 7 84 76 73 71 70 69 65
 3 -94 4 71 70 69 66
 2 -33 5 76 75 74 69 66
 8 -76 5 80 77 74 73 70
 4 -29 3 80 69 67
 4 -74 5 84 78 77 75 71
 3 -24 5 89 80 78 77 74
 9 -66 6 90 84 81 80 78 73
 4 -48 4 91 84 75 74
 4 -39 3 89 80 74
 7 -99 6 90 89 88 81 79 78
 8 -41 5 91 87 81 78 75
 8 -82 3 89 88 74
 7 -27 5 91 89 83 81 79
 5 -73 7 91 89 88 87 86 83 82
 3 -1 3 90 81 79
 6 -16 4 89 88 86 82
 7 -95 3 90 87 81
 3 -53 4 91 88 87 86
 9 -88 3 86 83 82
 7 -89 2 87 82
 6 -41 2 88 83
 5 -51 2 86 85
 3 -91 1 85
 10 -56 1 85
 2 -60 1 86
 3 -80 1 92
 8 -48 1 92
 2 -5 1 92
 8 -81 1 92
 2 -47 1 92
 7 -32 1 92
 2 -66 1 92
 0 23705 0
