92
 0 -99 8 2 3 4 5 6 8 11 13
 4 -87 6 16 14 12 10 9 7
 4 -21 7 22 21 19 18 14 12 9
 2 -74 7 28 24 23 21 19 14 10
 1 -20 6 23 22 21 19 16 12
 3 -96 9 28 26 24 23 21 20 19 18 14
 7 -88 7 24 23 22 21 20 19 15
 1 -59 5 24 23 20 17 15
 9 -75 7 29 28 27 25 24 23 20
 4 -29 6 33 27 26 25 22 20
 5 -80 6 33 28 27 25 24 21
 2 -42 6 33 29 28 26 24 20
 9 -14 4 33 27 20 19
 5 -9 8 35 33 32 31 30 29 27 25
 6 -76 8 35 33 30 29 28 27 26 25
 10 -44 5 33 30 27 25 20
 8 -89 8 42 35 34 32 30 29 28 26
 3 -89 6 36 35 33 32 31 25
 4 -47 4 35 32 30 25
 7 -15 8 42 41 39 36 35 34 32 31
 9 -95 6 42 39 35 32 30 29
 2 -30 5 42 39 35 30 29
 3 -46 5 42 37 35 33 31
 1 -96 4 43 39 31 30
 7 -17 8 51 47 42 41 40 39 38 34
 1 -14 7 51 46 41 39 38 37 36
 4 -7 8 51 50 46 44 42 41 40 37
 3 -36 7 51 44 43 40 39 38 37
 3 -95 6 51 46 45 43 37 36
 6 -13 5 51 41 38 37 36
 10 -3 7 55 50 47 46 44 40 38
 3 -20 5 51 46 45 44 37
 4 -88 5 51 47 43 41 40
 5 -74 4 54 50 44 43
 6 -57 6 60 59 55 54 49 44
 10 -44 4 60 59 44 40
 3 -53 6 60 55 54 53 48 47
 3 -31 5 60 56 54 49 45
 3 -36 5 60 57 52 50 49
 2 -17 3 54 49 48
 1 -33 3 54 48 45
 5 -20 7 59 58 57 56 54 53 52
 1 -91 5 60 59 56 55 49
 9 -35 2 58 48
 4 -36 5 64 59 58 57 52
 1 -65 2 56 49
 5 -75 5 64 61 59 58 52
 1 -90 3 57 56 52
 2 -89 3 64 58 53
 5 -22 2 56 53
 5 -66 3 64 61 52
 2 -24 5 72 69 66 63 62
 2 -29 4 69 66 63 61
 5 -7 4 69 63 62 61
 3 -48 4 69 63 62 61
 9 -45 3 64 62 61
 7 -9 3 70 65 61
 8 -91 2 67 62
 2 -50 1 62
 10 -79 1 62
 3 -38 6 79 75 72 71 68 67
 5 -32 3 70 68 65
 7 -22 3 70 68 65
 7 -27 3 74 68 65
 4 -18 4 79 76 75 71
 6 -62 2 70 67
 8 -70 4 77 76 74 73
 2 -55 4 78 77 76 73
 4 -82 5 83 79 78 77 73
 7 -45 3 77 74 73
 9 -100 3 78 77 73
 7 -15 3 83 77 73
 10 -71 7 91 90 89 86 85 82 81
 4 -93 5 90 86 85 81 78
 6 -32 4 85 83 81 78
 4 -72 3 83 81 80
 8 -43 3 91 90 81
 10 -43 4 91 89 87 84
 5 -4 4 89 87 85 84
 9 -51 3 89 88 87
 7 -41 2 87 84
 2 -23 2 88 87
 2 -24 2 90 87
 1 -4 1 88
 4 -72 1 88
 10 -56 1 87
 6 -20 1 92
 6 -56 1 92
 8 -76 1 92
 6 -66 1 92
 9 -12 1 92
 0 22270 0
