92
 0 -8 20 2 3 4 5 6 7 8 9 10 11 12 13 14 15 16 17 18 19 23 26
 3 -54 15 50 44 42 41 39 35 34 32 31 29 28 27 22 21 20
 9 -82 15 63 62 61 53 49 48 45 43 42 40 39 37 36 35 27
 1 -95 14 63 61 59 58 57 53 51 50 49 40 39 32 31 21
 2 -62 10 51 48 43 36 34 33 31 30 28 27
 6 -21 13 68 64 59 54 47 46 45 41 40 37 33 32 30
 1 -83 16 91 63 62 59 53 52 51 49 48 47 46 45 44 38 37 33
 8 -97 9 63 48 47 44 43 40 35 30 24
 6 -92 17 91 63 62 61 57 54 51 50 49 46 45 44 43 40 38 37 32
 10 -99 11 90 68 59 54 51 48 41 39 37 30 27
 6 -46 12 89 68 63 62 61 59 53 49 48 45 36 27
 9 -63 11 61 59 53 52 49 46 45 40 34 31 21
 10 -65 10 61 59 51 48 42 40 39 38 27 25
 3 -95 11 89 62 61 58 53 48 44 39 38 35 27
 1 -78 9 59 53 52 51 50 41 39 37 28
 9 -40 9 91 67 59 50 46 43 41 38 30
 2 0 10 91 90 88 63 48 47 45 38 37 30
 4 -1 10 91 88 67 62 57 53 48 41 39 31
 5 -64 8 88 62 61 58 53 48 39 27
 7 -69 16 91 90 86 78 67 66 65 61 60 59 57 55 54 51 49 47
 6 -21 13 91 90 89 88 87 84 67 66 62 60 54 47 38
 8 -30 6 90 67 56 52 45 30
 8 -44 15 90 87 78 67 66 65 62 60 59 58 57 55 54 52 47
 2 -44 10 91 90 88 87 83 67 57 52 51 41
 7 -58 11 89 88 73 68 67 66 55 54 50 47 46
 8 -17 9 86 66 61 60 57 56 54 49 40
 4 -19 11 91 87 84 67 66 60 57 55 52 47 46
 10 -77 15 91 89 84 83 80 78 68 66 65 62 61 58 57 56 55
 2 -94 11 88 87 86 82 81 79 67 66 63 54 43
 5 -48 10 89 83 80 78 65 62 58 57 53 49
 3 -64 14 90 89 87 86 82 80 78 75 66 65 60 56 55 54
 5 -94 12 88 87 86 85 84 83 82 66 65 60 52 48
 9 -96 10 88 80 75 65 61 58 57 56 55 50
 5 -48 16 90 88 86 85 84 81 79 78 76 74 72 71 68 67 65 57
 8 -3 14 88 87 86 84 78 77 75 72 71 67 66 64 60 54
 6 -29 9 85 82 77 75 67 60 58 55 50
 7 -16 16 89 87 86 85 84 83 81 79 78 76 73 71 67 66 65 55
 7 -89 11 86 85 83 82 80 78 73 68 65 56 55
 5 -38 7 87 84 81 76 60 55 46
 6 -90 14 89 88 85 84 83 82 81 79 78 76 73 71 65 55
 3 -87 12 86 85 81 80 78 75 71 66 65 61 60 55
 6 -45 10 87 84 83 79 78 77 74 72 67 52
 10 -97 10 89 84 80 78 77 76 75 73 71 55
 8 -69 8 81 80 78 77 75 71 60 55
 5 -61 11 87 84 83 82 81 78 75 73 71 70 65
 5 -72 10 82 80 78 75 74 72 71 70 69 65
 10 -64 6 85 83 82 79 74 56
 8 -29 6 80 78 75 74 69 56
 3 -52 9 87 81 77 75 74 73 72 70 69
 5 -59 7 90 86 84 83 79 78 69
 4 -40 7 89 84 82 81 80 72 71
 8 -37 6 76 75 73 71 70 69
 3 -18 3 85 66 60
 10 -67 5 85 83 76 70 69
 1 -39 4 74 72 70 69
 3 -79 4 81 76 72 71
 5 -21 4 82 73 70 69
 8 -88 4 86 76 71 70
 2 -1 4 88 82 77 75
 6 -64 2 79 73
 6 -65 2 79 69
 6 -90 2 76 70
 9 -14 2 70 69
 9 -69 2 74 69
 5 -85 1 77
 8 -68 1 69
 10 -51 1 80
 8 -45 1 75
 10 -49 1 92
 9 -68 1 92
 3 -5 1 92
 1 -7 1 92
 3 -96 1 92
 3 -66 1 92
 10 -96 1 92
 4 -99 1 92
 9 -90 1 92
 6 -64 1 92
 9 -93 1 92
 3 -81 1 92
 10 -2 1 92
 5 -68 1 92
 1 -25 1 92
 6 -53 1 92
 1 -16 1 92
 10 -91 1 92
 7 -77 1 92
 3 -19 1 92
 5 -2 1 92
 3 0 1 92
 6 -65 1 92
 0 25205 0
