92
 0 -32 8 2 3 4 5 6 8 9 10
 7 -22 5 25 23 13 11 7
 2 -16 5 25 23 15 11 7
 5 -56 6 27 25 23 22 20 11
 9 -31 5 25 22 20 17 11
 5 -25 8 27 23 22 21 20 18 16 14
 2 -58 7 22 21 20 18 17 16 14
 1 -5 4 25 22 20 11
 2 -15 5 27 22 14 13 12
 8 -76 5 27 25 21 16 14
 8 -22 4 21 18 16 14
 7 -11 6 31 29 26 25 24 19
 2 -53 6 36 34 30 28 26 20
 7 -94 5 31 29 28 26 19
 10 -64 5 34 29 28 26 19
 4 -71 3 34 24 19
 7 -63 3 30 27 24
 5 -76 1 19
 2 -86 7 41 38 36 35 33 32 30
 3 -16 6 40 35 33 32 31 29
 7 -61 5 38 35 30 29 28
 9 0 5 38 33 32 29 26
 6 -25 5 36 35 34 31 29
 1 -47 6 45 40 38 35 33 28
 2 -57 7 49 45 38 37 35 34 33
 10 -1 8 49 47 45 41 40 39 37 35
 1 -84 8 47 45 43 42 41 40 37 34
 6 -100 3 44 42 32
 6 -34 9 52 51 50 47 45 44 42 41 39
 1 -42 6 47 45 43 40 39 37
 10 -7 6 49 45 42 39 38 37
 6 -30 5 51 49 47 39 37
 7 -79 5 52 50 46 44 43
 7 -8 5 52 51 48 44 39
 10 -77 4 51 50 44 42
 8 -22 4 54 52 46 43
 5 -74 5 54 52 50 48 46
 3 -12 5 59 55 51 50 48
 6 -78 4 57 56 54 46
 10 -29 4 56 54 51 46
 9 -91 4 61 57 48 46
 1 -71 5 61 59 57 55 48
 9 -17 5 61 59 57 51 48
 10 -94 6 62 59 56 55 54 53
 2 -73 6 62 59 56 55 54 53
 10 -96 4 62 59 55 53
 3 -22 3 62 54 53
 1 -85 3 62 56 53
 1 -79 3 62 61 53
 2 -32 3 61 57 56
 1 -96 2 62 53
 7 -86 4 61 60 59 58
 6 -57 4 67 64 60 58
 1 -79 3 64 61 58
 6 -30 5 70 67 65 64 63
 9 -19 2 67 58
 4 -21 2 64 58
 7 -84 4 74 70 65 63
 1 -88 3 70 65 63
 1 -11 2 65 63
 1 -14 5 86 72 69 67 65
 9 -66 2 76 63
 2 -20 5 85 79 69 68 66
 7 -11 9 86 85 82 79 78 77 75 74 73
 4 -31 5 85 77 76 71 68
 1 -97 6 86 82 77 75 73 72
 4 -52 4 82 81 78 77
 1 -100 3 82 78 73
 9 -43 4 91 84 81 77
 2 -52 3 83 82 73
 5 -79 3 91 81 75
 3 -61 3 88 80 78
 4 -80 4 91 89 84 81
 9 -83 4 89 84 83 81
 2 -26 5 90 89 88 84 83
 1 -30 3 90 88 82
 1 -46 2 88 80
 10 -36 3 90 84 83
 3 -48 3 91 88 83
 5 -47 2 89 83
 10 -30 2 90 88
 4 -76 2 89 87
 3 -67 1 87
 4 -69 1 87
 4 -91 1 89
 3 -10 1 88
 6 -22 1 92
 7 -85 1 92
 3 -12 1 92
 6 -17 1 92
 7 -25 1 92
 0 22580 0
