92
 0 -66 7 2 3 4 6 7 8 10
 8 -70 4 14 11 9 5
 7 -50 7 21 18 16 15 14 13 12
 2 -31 3 13 12 9
 5 -45 4 21 16 13 12
 4 -58 3 24 16 9
 3 -70 8 24 22 21 20 19 17 16 14
 3 -53 2 25 9
 10 -72 6 22 21 20 19 18 17
 8 -45 5 27 24 22 17 16
 2 -90 3 25 17 15
 4 -22 6 31 26 24 23 22 20
 9 -61 4 33 25 22 17
 8 -82 5 32 29 27 26 25
 6 -64 5 30 29 27 26 22
 7 -13 5 32 31 29 26 25
 2 -74 6 39 32 31 30 29 26
 7 -70 6 39 32 31 30 29 28
 2 -29 4 33 32 29 26
 1 -5 5 39 32 30 29 28
 6 -90 5 36 35 34 32 27
 3 -21 6 44 39 36 35 32 28
 3 -69 6 47 37 36 33 32 30
 8 -90 4 36 33 32 28
 8 -37 6 44 39 38 37 36 30
 2 -26 4 44 43 36 28
 7 -40 4 47 44 33 31
 5 -25 6 51 49 47 40 37 34
 3 -19 4 44 42 36 35
 7 -40 4 51 43 35 34
 10 -69 5 51 49 43 41 40
 8 -8 3 42 40 38
 4 0 3 42 41 39
 4 -54 4 54 46 42 41
 7 -79 4 49 48 46 41
 7 -38 3 51 49 40
 10 -83 3 46 42 41
 8 -99 3 52 49 43
 4 -40 4 49 48 46 45
 10 -74 4 54 48 46 45
 7 -15 3 55 52 45
 9 -59 3 55 48 45
 3 -20 2 48 45
 4 -49 7 67 62 61 59 58 55 50
 10 0 7 67 66 62 61 59 58 50
 1 -63 5 67 62 61 55 50
 1 -1 7 62 61 59 58 57 56 55
 7 -24 5 66 64 61 59 50
 9 -58 6 63 59 58 56 55 54
 8 -56 5 68 60 57 56 53
 6 -76 5 69 68 62 61 55
 3 -63 3 66 63 59
 8 -64 6 75 74 73 71 69 63
 8 -90 6 76 73 70 69 65 64
 5 -7 3 73 66 60
 9 -70 8 79 78 76 75 74 71 70 69
 7 -43 6 77 76 74 73 69 65
 10 -27 6 78 77 76 74 73 65
 8 -1 6 78 77 76 71 69 68
 4 -68 7 82 79 76 75 74 71 70
 2 -35 7 78 77 75 74 73 72 71
 3 -65 3 76 75 64
 6 -92 6 87 80 79 78 76 70
 7 -9 6 82 79 77 74 72 71
 4 -80 5 82 79 75 72 71
 7 -87 4 80 79 78 70
 2 -44 4 87 80 79 70
 2 -73 5 85 82 79 75 72
 4 -26 6 90 87 86 85 82 80
 8 -82 3 85 77 72
 10 -89 5 91 87 85 81 80
 1 -67 5 91 89 86 83 81
 7 -67 4 91 83 81 79
 7 -84 5 91 90 89 85 83
 2 -61 2 81 80
 5 -47 4 91 90 86 83
 7 -48 4 91 90 89 84
 3 -54 3 90 88 82
 8 -99 3 90 89 84
 1 -82 2 89 83
 4 -41 2 90 84
 9 -7 2 91 89
 5 -11 1 84
 4 -17 1 88
 1 -44 1 88
 1 -87 1 88
 7 -45 1 89
 10 -70 1 92
 8 -19 1 92
 4 -84 1 92
 9 -76 1 92
 0 23585 0
