92
 0 -46 15 2 3 4 5 6 7 9 10 11 12 13 14 16 18 19
 1 -69 6 32 24 21 17 15 8
 1 -13 13 45 42 35 34 33 32 29 28 26 25 22 21 20
 1 -97 10 45 37 35 34 33 25 23 21 20 17
 3 -75 8 38 33 31 29 28 24 23 21
 9 -92 10 61 42 37 36 34 33 28 26 25 20
 1 -54 10 54 53 44 38 36 35 34 31 29 24
 5 -57 13 61 54 53 48 45 42 41 39 38 37 33 31 29
 10 -90 9 61 54 40 38 36 34 30 29 27
 1 -44 9 61 54 47 45 40 38 37 34 23
 7 -15 8 42 41 36 33 29 28 27 26
 9 -34 11 48 45 44 42 41 40 38 37 36 32 29
 3 -6 6 53 47 41 38 33 21
 6 -87 9 55 50 47 40 38 37 36 32 28
 6 -52 7 55 54 52 45 40 35 25
 7 -15 10 61 58 52 47 45 43 42 40 38 27
 2 -91 7 61 53 48 42 36 29 28
 7 0 11 61 55 53 52 50 49 47 44 43 37 33
 4 -43 8 58 53 49 48 40 39 34 29
 1 -5 12 58 55 54 53 52 50 49 47 44 43 39 38
 9 -7 11 61 59 58 55 54 49 44 43 40 39 36
 10 -46 11 61 59 58 56 52 49 48 47 43 41 39
 1 -22 5 58 44 43 41 27
 10 -64 9 59 58 52 48 45 43 42 41 37
 1 -99 6 58 50 47 44 43 27
 4 -90 8 58 56 55 50 49 48 43 39
 3 -32 7 59 56 53 51 49 48 39
 2 -40 5 54 49 44 43 39
 4 -73 8 65 64 55 52 50 47 46 43
 9 -70 8 68 64 58 57 52 49 44 43
 1 -87 7 64 59 57 56 49 47 43
 9 -47 5 58 53 51 49 39
 7 -14 4 59 58 46 40
 4 -29 6 68 65 64 52 51 41
 3 -76 6 65 64 58 56 46 43
 6 -92 8 91 65 64 63 57 56 52 51
 10 -39 5 69 65 56 51 46
 6 -28 7 79 68 65 63 59 57 51
 4 -80 6 74 71 66 65 64 46
 1 -48 7 91 73 65 64 62 56 51
 8 0 7 91 71 63 60 57 55 50
 2 -88 7 76 68 67 65 64 62 50
 8 -5 6 91 79 69 63 62 51
 1 -41 5 73 65 63 56 51
 10 -15 5 91 79 65 63 51
 5 -85 7 80 79 76 68 63 60 57
 4 -45 9 80 76 75 74 73 72 68 63 62
 4 -100 9 80 79 78 76 73 72 68 66 63
 10 -35 8 79 73 71 69 67 66 65 62
 6 -22 10 80 79 78 75 74 73 72 70 69 66
 4 -55 7 80 76 74 71 70 66 60
 8 -64 9 90 89 79 76 74 73 72 71 67
 2 -38 7 79 75 74 73 67 66 62
 10 -9 10 91 90 89 78 76 75 73 72 70 69
 1 -88 6 79 76 75 69 67 62
 9 -40 7 90 89 79 76 72 71 67
 4 -42 3 75 73 62
 4 -50 9 90 89 88 87 84 79 77 76 74
 2 -62 5 89 85 70 69 66
 8 -87 9 90 89 87 86 83 82 78 77 72
 2 -83 5 91 78 76 75 70
 6 -93 7 90 89 85 84 83 78 70
 5 -4 4 87 86 84 67
 6 -22 5 86 83 78 77 69
 7 -87 7 90 86 85 83 82 80 78
 5 -76 6 90 87 86 84 83 77
 5 -93 3 85 83 70
 6 -25 5 91 84 83 82 77
 6 -91 5 88 87 84 82 81
 5 0 3 88 82 77
 7 -86 2 85 75
 5 -5 3 88 85 84
 6 -16 3 87 84 81
 3 0 3 86 82 81
 8 -70 2 87 86
 6 -17 2 85 83
 7 -40 1 81
 8 -27 1 81
 10 0 1 81
 10 -42 1 89
 10 -90 1 92
 3 -42 1 92
 8 -98 1 92
 3 -56 1 92
 3 -72 1 92
 9 -99 1 92
 2 -26 1 92
 10 -46 1 92
 7 -32 1 92
 9 -6 1 92
 7 -6 1 92
 0 22445 0
