92
 0 -64 13 2 3 4 5 6 7 10 11 12 13 14 15 18
 7 -87 4 32 21 9 8
 8 -82 12 54 42 41 32 30 29 27 26 25 24 23 22
 8 -38 5 36 32 23 21 8
 7 -62 8 42 39 37 33 31 30 28 17
 2 -51 8 43 41 39 32 30 29 28 16
 5 -66 6 54 39 37 32 20 19
 1 -93 10 54 50 43 41 39 37 34 33 30 28
 8 -23 9 54 47 43 39 38 36 29 27 23
 5 -73 9 47 43 39 38 36 34 32 30 23
 2 -81 10 54 50 48 47 40 39 35 34 28 27
 7 -83 7 50 48 37 34 31 30 28
 3 -84 12 59 58 50 48 47 43 42 39 38 37 34 30
 4 -86 10 60 54 47 45 41 38 35 34 32 29
 6 -42 8 59 48 41 38 35 34 32 24
 3 -32 4 54 36 24 23
 7 -74 5 54 43 34 32 21
 8 -43 4 47 43 30 23
 2 0 8 74 58 48 47 41 36 35 34
 3 -46 7 64 59 53 48 47 38 30
 9 -9 13 74 64 60 59 58 55 53 50 48 45 44 40 35
 4 -10 13 64 60 59 53 52 51 50 49 47 45 43 40 38
 6 -23 10 66 64 59 58 55 53 50 48 44 35
 3 -75 10 64 60 58 52 51 47 45 44 40 37
 9 -59 9 74 64 60 59 53 50 45 40 35
 1 -97 8 74 60 58 53 48 45 40 35
 2 -48 9 64 60 58 53 52 51 49 45 37
 7 -86 10 66 64 62 61 60 59 58 53 46 38
 10 -81 11 74 68 62 59 58 55 52 49 48 46 40
 9 -1 5 74 60 45 40 35
 5 -97 10 76 74 62 58 57 56 54 49 47 46
 1 -47 7 64 52 51 49 46 44 40
 4 -69 7 74 64 62 52 47 46 40
 8 -27 7 64 61 57 52 51 46 44
 5 -84 6 68 57 52 51 49 46
 8 -37 7 68 66 60 55 52 46 45
 2 -57 8 76 74 68 62 57 56 55 46
 1 -52 5 76 74 57 55 44
 2 -49 12 80 75 74 73 70 69 68 67 66 65 63 62
 7 -94 7 76 75 73 66 61 57 56
 7 -93 5 75 68 65 61 53
 5 -84 9 75 73 70 69 66 65 63 61 60
 8 -66 2 56 46
 3 -88 7 75 73 71 69 68 67 56
 9 -61 4 75 73 57 56
 9 -77 9 80 75 73 71 70 69 67 65 63
 9 -19 6 91 70 69 68 66 55
 1 -20 5 73 70 69 63 57
 9 -20 7 80 79 73 70 69 63 61
 9 -7 5 75 73 69 68 56
 1 -26 6 91 80 76 70 69 62
 4 -74 3 73 65 56
 3 0 3 73 69 56
 7 -63 6 91 73 70 69 66 65
 10 -77 8 90 89 88 80 77 73 71 65
 6 -46 6 80 79 77 72 70 63
 10 -67 5 80 77 71 67 65
 2 -61 5 79 77 73 72 63
 5 -68 10 91 89 88 85 80 78 77 75 72 70
 5 -3 11 91 89 88 87 86 85 84 80 78 77 72
 1 -30 5 91 77 72 71 67
 4 -74 6 89 88 86 79 72 71
 10 -81 9 91 90 89 88 87 86 85 82 78
 8 -8 8 90 89 88 87 85 84 77 75
 4 -2 6 87 86 85 79 78 72
 8 -83 6 88 86 84 83 78 71
 10 -75 9 89 88 87 86 85 84 83 82 81
 6 -65 6 89 87 85 84 77 72
 7 -26 4 84 78 77 72
 4 -55 5 90 86 84 83 81
 8 -100 4 87 85 82 81
 7 -94 3 83 82 81
 4 -75 3 86 82 81
 1 -84 3 84 83 81
 2 -41 2 83 81
 8 -70 2 82 81
 5 -82 1 81
 9 -99 1 81
 8 -62 1 84
 2 -48 1 81
 5 -67 1 92
 5 -50 1 92
 8 -85 1 92
 1 -3 1 92
 10 -49 1 92
 10 -87 1 92
 7 -88 1 92
 8 -92 1 92
 8 -53 1 92
 5 -64 1 92
 2 -85 1 92
 0 26545 0
