92
 0 -97 7 2 3 4 5 6 7 12
 3 -85 7 24 20 15 14 13 10 8
 6 -65 8 32 24 23 20 19 18 14 9
 5 -27 7 32 24 23 21 17 16 11
 2 -25 6 24 20 19 18 17 9
 10 -67 7 32 24 23 21 19 15 14
 10 -30 6 32 20 18 16 15 13
 7 -7 6 32 29 23 22 18 16
 1 -91 5 25 22 21 16 15
 8 -89 5 32 23 22 19 16
 2 -84 3 28 15 14
 8 -1 6 32 30 27 25 22 21
 5 -51 4 30 27 26 17
 2 -21 5 35 31 29 25 22
 5 -12 6 33 31 30 29 27 26
 1 -33 6 37 33 31 28 27 26
 5 -50 6 37 35 31 29 28 25
 9 -34 5 35 34 31 30 25
 10 -30 4 35 30 26 25
 1 -83 2 49 22
 9 -38 4 37 35 31 28
 6 -82 3 37 33 26
 10 -79 5 49 42 38 36 34
 3 -43 4 38 36 35 33
 8 -66 4 49 39 36 33
 7 -92 3 42 36 34
 5 -26 6 53 49 46 45 40 35
 9 -43 5 53 49 48 38 36
 6 -1 5 49 46 42 40 34
 10 -8 4 42 41 38 36
 10 -19 7 49 46 45 42 41 40 39
 4 -22 7 49 46 45 42 41 40 39
 2 -14 6 47 46 43 42 41 40
 9 -46 4 56 53 41 39
 10 -70 3 56 42 39
 1 -48 5 58 47 46 45 40
 3 -78 1 38
 3 -1 2 46 39
 6 -73 5 58 52 47 44 43
 5 -64 4 56 52 51 44
 6 -96 4 61 59 58 48
 2 -88 3 58 51 48
 5 -30 5 61 60 59 54 51
 6 -33 4 61 60 59 54
 2 -81 3 55 54 50
 5 -2 3 61 59 54
 6 -69 2 54 50
 3 -94 2 54 50
 2 -83 3 59 58 57
 8 -44 4 66 63 60 57
 3 -11 2 63 55
 5 -82 1 54
 3 -91 6 68 66 65 64 63 62
 6 -60 3 63 62 57
 7 -27 2 66 57
 2 0 2 75 57
 6 -22 6 73 70 68 67 65 64
 8 -74 4 70 66 64 63
 2 -10 8 75 74 73 72 70 69 68 67
 8 -15 7 75 74 73 72 70 69 67
 10 -19 3 69 66 63
 8 -60 6 77 75 74 73 70 67
 6 -82 3 77 75 67
 8 -71 5 83 81 77 74 72
 3 -73 4 83 74 72 69
 1 -39 3 78 73 71
 2 -98 3 81 78 71
 3 -67 7 90 85 84 83 82 81 80
 10 -35 4 85 82 77 76
 2 -6 6 90 85 84 83 82 81
 9 -13 3 83 82 76
 7 -36 3 82 79 76
 9 -36 2 81 76
 2 -33 5 91 90 85 84 80
 7 -78 5 91 90 88 85 80
 3 -11 4 91 90 84 80
 9 -39 3 91 84 80
 7 -10 3 88 85 79
 2 -38 4 90 89 87 86
 7 -69 3 89 87 86
 1 -94 3 89 87 86
 4 -33 2 88 87
 6 -84 2 91 88
 3 -11 1 88
 4 -42 1 86
 1 -81 1 92
 7 -18 1 92
 4 -52 1 92
 1 -65 1 92
 9 -56 1 92
 1 -76 1 92
 0 22160 0
