92
 0 -9 7 2 3 4 5 7 11 12
 2 -28 6 18 16 14 13 8 6
 1 -32 5 18 16 14 8 6
 10 -21 4 13 10 8 6
 9 -36 4 19 18 13 9
 2 -65 4 20 19 17 15
 9 -51 3 17 16 15
 3 -82 4 21 20 19 15
 1 -90 3 21 16 15
 1 -70 3 21 16 15
 3 -46 3 21 19 13
 2 -94 2 20 13
 9 -55 3 34 27 15
 2 -10 4 29 26 22 20
 1 -75 5 29 26 24 23 22
 4 -78 4 32 25 23 20
 4 -15 3 27 25 21
 4 -14 6 34 29 28 27 26 25
 2 -94 5 34 32 27 26 22
 1 -73 4 35 34 27 24
 6 -14 4 34 31 29 24
 6 -1 4 41 31 28 25
 2 -86 5 41 35 33 30 28
 7 -58 3 33 30 28
 7 -69 2 33 30
 2 -14 6 46 41 40 39 38 36
 5 -37 3 41 37 31
 7 -46 5 46 40 39 38 37
 7 -3 3 40 35 32
 6 -53 6 53 48 46 43 40 39
 3 -58 6 53 48 46 43 40 39
 7 -82 6 49 48 46 44 42 38
 1 -42 4 46 44 38 36
 7 -31 3 46 39 38
 2 -88 5 53 48 47 43 42
 3 -19 6 53 52 51 49 48 45
 7 -78 6 59 53 50 48 45 42
 4 -70 4 53 47 45 43
 10 -99 4 49 45 44 42
 1 -65 4 58 57 47 44
 8 -85 5 59 57 54 52 44
 7 -60 9 66 62 60 58 57 56 55 54 52
 8 -5 7 65 62 60 59 57 54 50
 3 -46 7 73 66 65 62 60 55 51
 8 -17 6 65 60 58 57 55 54
 3 -56 6 62 58 57 56 55 54
 8 -44 5 59 56 55 54 52
 6 -8 5 60 57 56 55 54
 6 -80 8 78 73 69 66 64 62 60 59
 4 -43 5 74 73 66 61 56
 4 -30 3 64 61 56
 3 -10 9 73 71 70 69 68 67 64 63 61
 1 -100 9 78 71 70 69 68 67 64 63 61
 10 -76 10 78 75 74 73 71 70 69 68 67 63
 1 -77 8 78 76 74 71 70 69 67 61
 2 -71 7 78 71 70 69 68 67 63
 10 -11 7 78 77 75 71 68 64 63
 3 -12 6 78 71 69 68 63 61
 7 -41 3 68 63 61
 8 -96 4 75 71 70 67
 7 -74 6 91 83 81 77 75 72
 5 -18 6 91 83 81 75 74 72
 9 -17 5 91 83 81 76 72
 8 -31 4 91 83 74 72
 9 -65 4 91 81 74 72
 6 -27 3 90 83 71
 6 -52 8 91 90 89 83 82 80 79 77
 2 -86 2 83 72
 3 -98 2 83 72
 1 -85 2 83 72
 8 -54 7 91 89 87 82 81 80 79
 6 -82 5 90 89 82 80 79
 6 -4 5 89 88 83 82 80
 7 -33 5 89 88 87 85 80
 10 -71 5 89 88 86 84 82
 6 -75 5 89 87 86 84 82
 7 -88 4 87 86 85 84
 1 -11 3 88 84 83
 8 -83 3 88 86 85
 5 -30 2 86 84
 4 -37 2 85 84
 4 -74 1 85
 1 -64 1 87
 6 -22 1 92
 6 -3 1 92
 1 -17 1 92
 2 -10 1 92
 8 -81 1 92
 3 -31 1 92
 7 -87 1 92
 5 -47 1 92
 0 22880 0
