92
 0 -18 20 2 3 4 5 6 8 9 12 13 14 15 17 18 19 20 21 22 26 29 32
 7 -39 6 47 30 27 16 10 7
 2 -69 10 54 47 46 39 37 36 35 25 23 11
 7 -99 14 60 56 54 52 51 50 49 47 45 44 40 28 24 23
 1 -7 16 57 56 55 54 53 52 51 49 46 45 43 40 37 36 35 33
 2 -64 13 69 64 60 54 53 52 47 46 45 36 34 33 24
 2 -31 11 64 60 56 54 49 45 42 40 39 28 24
 5 -93 17 64 58 57 56 55 52 51 49 46 45 44 43 42 41 40 37 36
 9 -70 15 91 69 59 58 57 56 55 54 53 51 46 43 38 33 30
 2 -94 9 60 55 54 44 37 36 34 33 23
 4 -2 11 69 64 60 58 55 53 52 44 34 33 30
 1 -50 9 90 69 65 54 51 46 43 36 25
 9 -51 11 90 65 56 54 53 51 46 43 41 36 35
 6 -74 12 69 68 65 64 63 58 54 53 52 48 44 34
 3 -79 10 89 87 59 53 52 51 49 44 40 31
 1 -3 12 69 65 62 59 58 55 54 53 48 45 43 39
 7 -92 10 86 69 65 57 50 46 45 42 38 36
 2 -44 16 89 88 87 76 69 68 63 60 59 58 56 55 51 49 48 44
 1 -85 11 90 88 69 67 65 58 56 53 51 47 38
 10 -35 12 90 81 69 68 65 64 63 62 61 55 48 36
 8 -57 8 64 62 57 56 55 50 49 37
 10 -39 19 91 90 89 88 87 81 69 68 67 66 65 64 63 62 61 59 57 55 51
 5 -36 13 91 89 88 68 67 64 63 59 58 57 53 48 42
 5 -64 14 91 90 89 88 82 77 67 66 65 63 59 58 55 41
 6 -91 13 89 82 77 76 67 64 63 58 57 55 49 48 41
 9 -86 16 91 90 89 88 83 82 81 69 67 65 63 62 59 58 53 48
 8 -46 8 90 81 62 61 60 55 48 36
 2 -66 13 91 90 83 82 69 67 66 63 58 57 55 53 46
 7 -88 14 90 89 88 85 77 76 68 67 63 61 59 56 51 48
 2 -82 11 90 88 87 86 82 80 67 65 62 48 45
 8 -59 10 90 85 83 69 67 62 57 55 48 45
 9 -48 18 90 88 86 85 84 83 82 81 80 69 68 67 66 65 63 62 61 59
 4 -1 6 89 86 77 63 48 42
 5 -40 13 89 88 87 85 84 77 76 74 73 66 57 56 51
 9 -78 11 88 86 82 81 80 76 69 64 63 58 48
 6 -59 19 91 89 88 87 85 84 83 82 80 79 78 77 76 75 73 71 67 66 59
 7 -86 12 90 89 87 83 81 76 74 69 68 67 61 48
 4 -43 12 89 87 85 83 82 80 64 63 62 61 60 48
 3 -26 10 90 87 84 78 77 74 67 66 52 51
 8 -19 8 90 86 85 83 80 69 61 48
 7 -95 11 87 85 83 81 78 75 74 72 68 62 61
 7 -41 10 87 85 83 82 81 80 76 72 62 61
 9 -4 10 83 81 80 78 77 76 75 72 61 60
 7 -5 9 91 90 85 81 77 72 71 67 62
 5 -25 8 81 78 77 73 72 68 63 61
 10 -20 9 89 81 80 79 76 75 74 72 70
 2 -97 9 87 80 77 76 75 73 72 71 70
 9 -95 8 84 79 78 75 73 71 70 66
 3 -41 6 91 85 74 73 72 61
 7 -81 6 82 80 73 72 67 61
 9 -26 7 86 83 82 79 72 71 70
 5 -53 7 88 82 76 75 73 72 70
 1 -50 5 86 77 76 74 61
 3 -28 5 88 79 78 76 61
 10 -91 6 86 84 80 73 72 70
 5 -61 6 86 82 81 80 71 70
 3 -71 4 78 75 72 70
 4 -53 2 85 61
 8 -30 3 74 72 70
 6 -81 3 73 71 70
 7 -25 2 71 70
 4 -30 2 73 70
 10 -21 2 74 70
 4 -55 2 71 70
 3 -66 2 79 76
 5 -21 1 72
 8 -89 1 70
 2 -92 1 71
 4 -96 1 77
 1 -91 1 92
 2 -16 1 92
 8 -94 1 92
 1 -82 1 92
 1 -96 1 92
 9 -32 1 92
 10 -28 1 92
 2 -18 1 92
 8 -35 1 92
 7 -61 1 92
 9 -28 1 92
 9 -91 1 92
 6 -76 1 92
 8 -95 1 92
 8 -40 1 92
 4 -17 1 92
 4 -55 1 92
 10 -56 1 92
 8 -73 1 92
 7 -36 1 92
 6 -90 1 92
 7 -13 1 92
 0 24895 0
