92
 0 -44 9 2 3 5 6 7 9 10 11 12
 4 -64 4 17 16 13 8
 2 -5 1 4
 3 -41 3 17 13 8
 4 -1 3 18 16 8
 5 -52 4 20 15 14 13
 8 -70 5 22 20 19 17 14
 9 -54 4 22 20 19 14
 4 -54 2 14 13
 6 -24 5 28 23 22 21 16
 4 -95 3 22 16 14
 6 -46 3 28 19 14
 10 -19 4 28 22 21 19
 3 -54 5 30 27 24 23 21
 7 -71 3 25 22 19
 1 -42 2 31 19
 5 -58 5 35 30 28 27 24
 3 -10 4 30 27 25 23
 10 -12 5 35 32 30 27 24
 10 -53 5 35 34 29 28 27
 7 -18 4 35 32 26 25
 9 -43 3 32 31 24
 9 -77 5 39 36 34 32 31
 7 -4 3 39 34 29
 4 -63 3 45 34 29
 2 -27 6 45 42 39 37 36 33
 8 -98 7 47 45 42 39 38 37 36
 10 -16 5 45 42 37 36 32
 6 -64 4 42 37 36 33
 2 -63 6 46 45 40 39 37 34
 5 -63 7 48 47 45 43 42 41 40
 4 -72 5 56 48 47 40 38
 5 -29 6 56 49 48 47 44 38
 3 -65 8 56 54 52 50 49 48 47 43
 10 -41 6 52 49 48 46 43 42
 3 -33 4 56 53 51 40
 5 -82 6 57 56 54 52 48 43
 2 -71 3 46 43 41
 7 -10 5 57 56 53 51 44
 3 -11 4 54 50 49 44
 5 -52 6 60 58 57 53 51 50
 4 -72 8 66 60 59 58 57 56 55 53
 10 -16 5 60 58 55 53 51
 4 -55 7 66 64 62 60 58 55 52
 10 -33 6 66 60 59 58 55 53
 4 -89 6 64 63 62 59 57 54
 3 -50 5 63 60 59 58 53
 2 -70 4 66 60 58 53
 5 -8 5 66 64 61 59 57
 7 -36 3 64 61 55
 6 -16 3 66 61 59
 9 -72 3 63 61 59
 4 -41 5 69 65 64 62 61
 2 -62 3 69 60 58
 5 -99 6 91 70 69 67 65 63
 1 -27 4 91 65 63 61
 10 -20 9 91 77 75 74 72 70 69 68 67
 1 -73 4 91 74 65 61
 1 -3 6 91 74 70 69 68 65
 2 -80 6 90 77 75 74 70 67
 1 -64 5 77 75 73 70 67
 3 -69 8 91 82 80 78 77 76 74 72
 1 -66 5 78 77 75 74 68
 10 -26 7 82 80 77 76 75 74 73
 5 -32 7 85 80 78 77 76 75 72
 5 -58 7 90 82 80 78 77 76 74
 4 -53 5 81 80 78 76 71
 10 -99 5 89 82 81 80 73
 5 -40 4 84 80 79 76
 9 -50 4 89 84 80 79
 9 -15 4 88 84 82 79
 9 -7 4 90 89 84 79
 3 -38 3 90 84 79
 4 -49 2 85 79
 8 -61 2 88 79
 5 -21 3 89 87 83
 10 -27 2 88 81
 7 -5 3 89 88 86
 9 -82 2 87 83
 5 -59 2 88 83
 6 0 1 83
 10 -64 1 85
 2 -38 1 86
 1 -45 1 86
 1 -81 1 86
 4 -21 1 92
 5 -51 1 92
 7 -6 1 92
 5 -98 1 92
 4 -84 1 92
 9 -37 1 92
 0 21195 0
