82
 0 -35 14 2 3 4 5 6 7 8 9 10 13 19 20 22 25
 1 -38 9 42 30 29 27 23 17 15 12 11
 9 -91 13 56 49 47 42 40 39 35 33 30 24 23 16 14
 8 -93 10 56 47 43 42 40 39 36 30 16 14
 8 -57 13 56 49 47 43 40 39 36 34 30 29 28 21 18
 6 -71 9 46 45 44 40 36 32 30 29 16
 1 -82 14 59 55 47 46 44 41 40 38 33 32 31 29 26 21
 7 -48 8 47 46 45 44 43 40 29 16
 5 -40 17 63 61 56 55 51 48 47 45 44 43 42 41 40 39 37 34 28
 7 -65 16 61 59 55 51 50 49 48 47 46 43 42 41 39 36 32 27
 7 -50 13 62 57 49 47 46 43 41 39 35 33 32 28 26
 5 -81 13 63 56 55 51 46 45 44 41 40 39 38 34 21
 1 -4 9 55 47 46 45 41 32 31 28 21
 9 -60 9 81 55 45 44 41 38 34 29 21
 3 -70 14 79 63 62 59 56 55 54 50 46 45 39 38 37 31
 8 -14 8 81 63 55 41 38 34 31 21
 1 -19 10 63 55 54 51 48 47 44 39 36 28
 10 -2 10 81 63 62 59 54 53 46 44 41 31
 7 -47 12 79 76 75 59 54 50 49 48 47 46 39 38
 9 -48 9 61 60 54 53 50 48 43 39 34
 4 -9 12 80 79 78 75 61 60 58 54 52 50 48 37
 1 -30 7 62 60 55 53 43 34 31
 5 -3 10 81 79 72 61 60 59 57 53 48 36
 10 -43 5 62 55 53 38 31
 8 -32 9 81 71 60 58 57 56 55 47 41
 5 -8 9 75 74 61 60 54 53 52 50 45
 4 -80 8 75 71 70 62 57 54 53 44
 4 -75 10 81 77 75 73 60 59 58 53 52 50
 3 -77 9 77 73 69 63 62 61 60 53 51
 8 -45 9 78 77 73 65 59 58 53 52 50
 10 -50 8 77 69 67 66 61 58 57 51
 8 -26 9 80 79 73 71 68 66 60 58 56
 3 -61 9 81 80 79 76 72 64 63 60 53
 3 -36 8 75 73 67 66 65 59 57 52
 6 -21 7 68 67 66 61 60 52 51
 6 -21 10 80 78 76 75 74 73 71 67 65 52
 9 -34 7 77 73 72 65 64 57 53
 1 -92 7 78 77 74 73 72 61 52
 4 -27 9 81 80 78 77 73 68 67 66 64
 3 -10 8 79 75 72 71 68 66 64 60
 6 -96 6 73 72 68 67 66 52
 4 -75 6 79 74 73 72 65 53
 4 -26 7 75 71 70 69 67 65 64
 1 -61 6 80 79 72 68 64 60
 1 -68 6 78 77 76 73 65 64
 6 -85 5 78 73 69 66 60
 7 -92 5 70 69 67 66 64
 10 -10 4 69 67 65 62
 10 -34 4 71 70 68 60
 4 -92 4 72 71 70 67
 5 -6 4 75 72 71 70
 1 -96 3 70 69 64
 1 -55 3 68 67 66
 1 -74 3 77 69 66
 3 -91 3 68 65 64
 2 -100 3 78 75 74
 10 -93 2 76 74
 2 -72 2 76 64
 4 -7 2 71 64
 9 -70 1 65
 5 -99 1 65
 2 -60 1 64
 6 -91 1 74
 10 -37 1 82
 2 -72 1 82
 4 -5 1 82
 1 -30 1 82
 3 -54 1 82
 8 -59 1 82
 7 -76 1 82
 5 -4 1 82
 7 -53 1 82
 1 -38 1 82
 8 -49 1 82
 1 -61 1 82
 5 -26 1 82
 2 -30 1 82
 9 -77 1 82
 9 -34 1 82
 5 -77 1 82
 7 -6 1 82
 0 20680 0
