92
 0 -10 11 2 3 4 5 6 9 10 11 12 13 14
 6 -25 4 17 16 8 7
 3 -92 5 27 26 21 16 8
 4 -27 10 46 35 27 26 25 24 22 19 18 16
 6 -78 12 46 35 34 32 31 27 26 25 23 21 20 16
 5 -61 11 50 38 36 32 29 27 26 24 23 20 15
 10 -67 9 50 38 36 32 29 26 23 20 15
 2 -4 8 50 38 36 35 29 24 18 15
 3 -59 9 47 46 34 31 27 26 25 23 16
 8 -86 10 50 47 40 38 36 35 31 29 26 23
 1 -54 8 50 48 46 37 26 24 21 19
 6 -63 8 50 40 36 30 29 25 23 20
 1 -39 5 35 28 26 23 20
 6 -62 12 48 47 46 43 40 39 37 35 33 30 29 27
 2 -34 9 49 48 47 46 40 34 33 31 25
 10 -61 12 50 48 45 43 42 40 38 37 36 33 30 29
 6 -89 10 55 49 48 40 39 38 37 33 31 30
 6 -86 4 53 48 37 20
 2 -67 7 51 49 40 39 38 34 31
 1 -24 11 59 55 52 49 47 45 44 43 41 39 33
 4 -80 9 59 56 55 53 45 41 40 39 36
 4 -86 12 60 59 56 55 53 52 51 49 45 41 40 39
 8 -91 11 60 55 53 52 51 49 48 44 43 39 37
 10 -9 8 60 55 54 51 40 39 31 30
 7 -17 8 60 59 55 45 44 43 39 37
 9 -44 6 60 52 45 41 39 30
 8 -31 11 76 59 56 55 53 52 49 45 44 42 41
 3 -22 10 60 59 56 55 54 53 50 45 42 40
 9 -55 14 79 76 74 66 64 63 62 60 59 57 56 55 54 49
 3 -24 11 79 76 75 68 66 62 59 58 56 53 44
 2 -88 11 79 68 65 63 62 61 59 58 53 52 45
 7 -66 12 79 76 75 72 71 68 66 62 60 58 54 44
 9 -22 11 74 71 68 65 63 61 60 58 57 56 51
 6 -92 9 79 75 71 66 60 58 56 55 44
 10 -30 8 79 75 73 66 63 59 55 42
 3 -13 11 76 74 71 66 63 62 61 60 52 51 49
 6 -61 5 76 71 57 56 41
 3 -72 8 79 72 71 65 62 57 54 44
 1 -44 6 79 76 75 73 71 42
 3 -63 6 79 72 71 62 57 44
 3 -24 9 91 79 74 73 72 66 64 62 54
 1 -47 8 90 74 72 68 65 64 62 58
 1 -43 10 91 90 77 75 73 72 70 67 65 64
 6 -24 9 91 90 77 74 73 67 64 63 61
 9 -85 7 91 90 74 72 70 64 57
 3 -96 6 79 76 75 68 66 58
 9 -99 9 91 90 79 74 73 72 69 67 65
 4 -52 9 91 90 89 78 77 75 70 69 65
 2 -48 8 91 90 89 73 72 70 69 67
 4 -48 7 90 79 78 76 70 65 64
 10 -85 6 79 77 73 70 67 64
 6 -79 5 91 90 73 72 64
 1 -36 6 90 77 72 70 69 67
 5 -62 4 90 77 67 61
 1 -92 7 91 90 89 85 78 77 65
 1 -38 5 90 72 70 69 67
 3 -32 8 89 88 85 84 78 77 75 69
 5 -32 6 89 86 84 81 70 67
 7 -64 5 85 84 78 71 69
 4 -24 7 89 88 85 84 81 78 69
 9 -28 5 84 81 78 70 69
 3 -91 5 84 81 78 70 69
 4 -37 5 89 84 81 78 70
 3 -28 4 89 88 81 69
 2 -50 7 88 87 86 84 82 81 80
 7 -10 4 85 81 78 77
 6 -7 5 88 85 83 82 78
 7 -92 5 91 84 82 81 78
 9 -20 5 87 86 83 82 80
 5 -68 5 88 87 85 82 80
 1 -98 5 91 90 83 82 81
 1 -81 4 84 83 81 78
 2 -66 4 85 84 83 81
 9 -4 4 89 84 82 81
 9 -90 3 86 81 80
 6 -84 3 86 84 80
 10 -72 2 83 82
 5 -31 1 80
 6 -100 1 81
 3 -65 1 92
 7 -2 1 92
 6 -33 1 92
 5 -26 1 92
 9 -99 1 92
 4 -28 1 92
 4 -39 1 92
 2 -68 1 92
 7 -84 1 92
 3 -18 1 92
 2 -37 1 92
 9 -23 1 92
 0 23935 0
