92
 0 -90 16 2 3 4 5 6 7 8 9 10 11 12 13 14 17 20 23
 6 -72 9 37 35 32 31 28 25 22 18 16
 1 -11 7 44 39 36 34 29 25 15
 3 -7 7 45 37 28 27 24 22 19
 7 -77 5 36 35 32 26 15
 3 -79 12 45 44 42 39 36 35 33 31 30 29 27 25
 4 -75 11 46 45 44 39 37 35 32 30 29 27 22
 3 -67 7 44 37 33 31 27 22 18
 2 -67 7 44 37 34 31 29 22 18
 7 -68 12 62 45 44 39 37 36 35 32 31 30 28 27
 5 -5 10 62 46 45 44 37 36 33 30 29 24
 2 -78 9 62 44 36 35 32 30 29 27 25
 8 -43 7 44 43 42 37 29 28 21
 6 -92 9 47 45 44 42 37 35 33 31 29
 9 -83 6 45 42 37 31 30 27
 2 -87 6 42 40 33 30 29 27
 2 -63 6 62 46 43 37 29 24
 10 -83 7 47 45 42 41 39 36 30
 1 -75 7 62 58 48 44 35 30 29
 10 -38 13 65 57 56 53 50 48 47 43 42 41 40 38 37
 7 -71 4 62 36 35 27
 3 0 11 65 61 57 53 50 43 42 41 40 38 36
 3 -47 11 65 54 53 50 48 47 46 43 40 38 37
 4 -57 10 65 61 57 53 50 49 48 47 41 32
 2 -90 14 65 61 59 58 57 55 53 51 50 48 46 43 41 40
 7 -34 7 62 58 56 53 39 38 29
 5 -71 15 65 61 60 59 58 57 56 55 53 51 50 49 48 47 41
 5 -62 10 65 61 58 56 54 53 52 49 40 38
 5 -42 10 65 61 60 59 57 55 51 50 49 41
 10 -6 7 65 61 57 56 53 43 38
 3 -2 7 65 57 55 54 48 46 40
 1 -25 6 58 56 54 52 40 38
 8 -47 7 60 58 57 55 50 49 41
 9 -65 8 78 65 59 58 56 54 51 50
 3 -59 7 59 55 54 53 51 50 40
 2 -17 6 66 58 55 54 49 48
 4 -74 6 78 66 61 58 55 52
 5 -31 6 78 74 60 59 55 51
 2 -88 6 78 73 68 67 65 50
 4 -93 10 91 74 73 69 68 67 66 64 63 60
 2 -6 4 73 66 54 52
 7 0 5 78 75 73 62 52
 3 -9 3 68 66 49
 10 -67 10 91 85 78 75 74 73 69 67 64 63
 3 -15 5 91 75 64 58 56
 1 -70 4 75 73 56 52
 5 -88 9 91 85 77 74 73 69 66 64 63
 8 -85 5 87 78 75 67 52
 9 -67 9 91 86 85 77 74 73 69 64 63
 10 -42 7 91 85 74 69 66 64 63
 10 -92 9 88 86 85 83 73 69 68 67 63
 10 -31 7 91 86 85 77 69 64 63
 10 -31 9 91 88 87 86 85 83 73 69 63
 8 -93 10 91 90 88 85 84 76 74 71 69 67
 5 -36 9 91 90 88 86 85 76 70 68 67
 8 -92 6 88 85 77 74 69 63
 1 -80 11 91 89 88 85 84 83 78 77 76 70 69
 6 -41 9 90 88 87 86 85 82 79 73 71
 9 -86 8 91 89 86 85 76 72 71 69
 7 -39 8 89 87 85 84 83 77 76 75
 7 -40 8 90 89 86 85 83 80 76 74
 8 -88 5 88 85 83 76 68
 3 -5 6 90 89 84 80 76 70
 2 -23 6 88 80 79 76 72 71
 2 -78 6 89 86 83 82 81 79
 10 -39 4 82 81 79 75
 3 -56 4 81 80 79 77
 6 -45 4 87 84 80 79
 1 -62 3 82 80 79
 9 -52 2 82 79
 2 -58 2 83 81
 10 -94 2 82 81
 5 -15 2 84 80
 2 -89 2 87 79
 1 -1 2 86 80
 1 -18 1 81
 6 -50 1 82
 3 -12 1 79
 1 -5 1 92
 8 -33 1 92
 1 -95 1 92
 5 -93 1 92
 8 -73 1 92
 6 -72 1 92
 7 -15 1 92
 8 -2 1 92
 3 -87 1 92
 9 -89 1 92
 2 -38 1 92
 4 -45 1 92
 8 -41 1 92
 0 24120 0
