92
 0 -78 7 2 3 4 5 6 10 14
 7 -76 7 16 15 13 12 11 9 7
 10 -44 5 15 12 11 9 7
 3 -65 4 15 11 8 7
 3 -43 5 24 15 12 11 9
 10 -62 5 24 19 18 17 12
 6 -89 5 24 21 19 18 17
 1 -26 4 24 19 17 12
 2 -75 4 26 21 18 17
 2 -84 4 29 20 18 12
 10 -64 5 29 25 20 19 18
 2 -49 4 26 25 22 21
 2 -63 6 32 30 29 27 25 23
 2 -68 6 32 28 27 26 23 20
 2 -34 5 28 27 26 22 20
 10 -18 2 25 18
 8 -89 5 32 29 27 25 20
 9 -40 5 32 31 28 27 22
 1 -26 4 28 27 26 23
 7 -28 9 43 42 39 38 37 36 33 31 30
 6 -34 8 46 42 37 36 34 33 32 27
 3 -5 3 38 35 23
 2 -60 9 48 46 43 42 39 37 36 34 33
 4 -40 7 43 42 38 35 34 33 31
 5 -26 5 45 36 35 31 28
 6 -19 5 45 43 38 35 31
 4 -44 7 57 45 44 43 41 38 35
 3 -77 7 57 48 44 42 41 40 38
 5 -38 7 57 48 47 43 41 38 36
 8 -28 5 57 50 45 44 35
 5 -97 8 57 51 50 49 48 46 44 41
 8 -83 6 59 57 49 48 45 40
 6 -53 7 60 59 57 50 47 45 44
 1 -66 4 49 45 41 40
 6 -1 6 59 56 51 49 48 40
 8 -68 4 59 51 49 44
 9 -72 3 57 49 44
 9 -59 6 64 59 56 51 50 49
 7 -64 5 60 59 51 50 47
 2 -63 5 62 60 53 52 47
 9 -46 7 66 64 60 59 56 55 53
 9 -51 7 66 64 62 59 56 55 54
 9 -64 6 66 64 59 54 53 52
 3 -33 6 66 64 62 56 55 54
 6 -64 3 56 52 51
 10 -71 2 53 47
 8 -80 5 70 66 64 55 54
 5 -61 5 70 66 61 60 52
 9 -67 3 60 53 52
 1 -30 3 66 55 53
 1 -51 3 66 58 53
 7 -70 1 55
 1 -39 4 70 68 65 61
 3 -72 4 68 67 65 61
 8 -15 2 63 58
 7 -54 6 74 73 70 68 67 65
 4 -40 3 70 65 61
 9 -34 5 74 73 68 67 65
 9 -83 4 71 70 68 63
 3 -90 4 73 68 67 65
 9 -64 3 71 69 63
 7 -42 4 73 71 69 65
 8 -80 6 79 76 75 74 73 72
 10 -65 2 77 67
 3 -86 4 82 79 76 72
 10 -49 4 84 79 75 74
 6 -62 3 83 76 71
 10 -81 2 84 69
 1 -1 5 83 82 79 76 75
 2 -84 5 84 82 79 76 75
 7 -77 4 84 82 79 75
 5 -5 5 91 84 81 78 77
 1 -70 5 84 82 81 78 77
 10 -33 5 82 81 80 78 77
 5 -33 5 90 86 81 80 78
 2 -67 5 89 88 87 86 80
 9 -78 5 90 89 88 87 83
 10 -53 4 89 88 87 85
 6 -56 2 91 80
 6 -94 1 85
 6 -37 1 85
 9 -37 1 85
 9 -32 1 86
 3 -63 1 85
 10 -27 1 92
 9 -50 1 92
 6 -32 1 92
 4 -85 1 92
 4 -12 1 92
 9 -38 1 92
 1 -2 1 92
 0 24140 0
