82
 0 -64 16 2 3 4 7 8 9 10 11 12 13 14 16 17 21 23 38
 4 -82 9 48 42 34 30 29 28 24 18 5
 2 -8 11 63 41 37 34 32 29 28 26 24 18 6
 6 -59 5 34 22 20 15 6
 1 -7 12 63 57 44 43 41 40 36 32 31 26 25 22
 7 -20 13 62 61 57 51 50 48 45 43 40 36 30 27 25
 10 -26 11 61 56 50 45 44 43 42 35 27 25 24
 8 -1 10 81 79 48 47 45 42 36 34 33 19
 8 -91 13 61 60 57 56 52 50 47 45 44 43 39 35 24
 4 -73 9 63 61 50 45 43 35 34 25 24
 10 -86 8 81 80 63 57 46 45 30 20
 8 -15 14 81 79 63 61 56 55 52 47 46 44 42 39 37 35
 4 -63 12 78 61 57 56 47 46 44 43 42 36 35 25
 10 -46 8 81 50 49 47 44 37 36 22
 9 -41 9 56 52 50 47 43 42 39 35 24
 2 -7 8 81 45 44 43 42 39 34 22
 4 -49 7 81 63 47 45 42 40 22
 1 -80 11 79 78 60 56 52 51 49 45 44 43 35
 2 -86 11 80 77 72 63 61 60 58 55 51 39 37
 3 -72 13 79 78 76 74 62 61 55 54 52 51 47 44 42
 4 -67 13 81 79 78 75 60 58 56 54 52 49 46 45 44
 8 -54 11 79 78 76 72 62 61 60 56 51 46 35
 7 -62 8 79 63 60 54 52 50 39 34
 2 -40 13 81 80 79 78 77 76 72 62 58 55 54 51 46
 6 -20 12 81 80 79 77 73 72 60 58 54 53 52 39
 1 -48 10 80 77 61 58 56 54 51 50 49 45
 5 -94 15 80 79 78 76 75 74 73 72 69 60 58 55 54 49 46
 6 -81 15 81 79 78 77 75 73 72 69 61 60 56 55 54 52 49
 10 -60 7 80 76 58 53 51 47 40
 7 -99 7 78 73 72 58 54 52 39
 5 -58 13 78 77 76 74 72 71 70 67 60 59 55 53 51
 4 -59 9 80 79 75 73 61 58 56 53 47
 2 -14 12 78 76 75 73 70 69 68 66 65 58 54 50
 1 -5 10 78 77 76 73 72 71 69 58 53 49
 3 -76 12 80 77 75 73 70 69 68 67 66 65 58 54
 2 -21 10 76 74 73 72 70 69 67 59 55 53
 7 -61 9 78 76 74 67 66 62 59 57 54
 2 -8 10 81 76 75 72 70 69 67 66 65 54
 1 -26 7 76 75 74 71 69 59 49
 10 -25 9 78 74 72 68 67 65 60 59 55
 2 -86 9 78 75 73 72 67 66 60 59 54
 10 -16 7 77 70 67 66 60 59 53
 1 -54 6 74 71 69 66 58 53
 1 -27 9 77 73 72 70 69 67 66 65 64
 4 -4 6 76 74 69 67 59 53
 10 -43 5 71 70 67 59 53
 10 -16 6 77 71 70 69 65 64
 2 -57 3 74 65 58
 5 -18 4 70 68 67 66
 9 -76 3 72 67 59
 7 -84 3 75 73 64
 1 -16 2 65 59
 4 -60 2 68 65
 5 -33 2 71 64
 3 -38 2 66 64
 5 -31 2 74 66
 3 -51 2 68 65
 6 -71 1 59
 5 -44 1 64
 1 -38 1 64
 10 -51 1 64
 2 -82 1 69
 1 -31 1 64
 2 -15 1 82
 5 -89 1 82
 4 -59 1 82
 5 -1 1 82
 9 -82 1 82
 5 -76 1 82
 7 -71 1 82
 9 -6 1 82
 10 -92 1 82
 6 -19 1 82
 7 -38 1 82
 7 -28 1 82
 4 -21 1 82
 6 -52 1 82
 6 -95 1 82
 10 -4 1 82
 9 -30 1 82
 8 -78 1 82
 0 19185 0
