92
 0 -48 14 2 3 4 6 7 8 9 10 13 15 16 17 18 27
 1 -40 6 33 29 23 20 14 5
 1 -50 11 45 40 37 35 34 33 32 26 25 23 19
 8 -79 7 35 34 30 23 21 20 11
 10 -13 10 42 40 39 35 34 32 31 30 26 19
 5 -32 6 42 41 37 33 32 12
 10 -7 8 40 36 34 28 26 25 24 21
 2 -27 4 40 23 21 14
 8 -80 6 42 40 38 35 25 14
 1 -16 9 45 42 39 36 35 34 32 31 26
 7 -59 6 45 40 39 31 26 19
 4 -96 9 45 44 40 39 36 35 34 31 26
 2 -87 7 58 45 39 37 35 32 22
 7 -28 9 58 51 45 41 39 37 36 34 32
 10 -26 6 54 45 38 36 35 25
 7 -29 7 58 45 44 42 39 35 26
 5 -65 7 54 50 45 43 37 31 25
 10 -86 5 44 41 34 31 26
 2 -17 6 58 55 51 49 41 22
 2 -45 9 68 58 57 55 49 45 44 43 36
 1 -64 10 68 58 57 56 51 50 49 47 44 38
 2 -44 8 68 60 57 56 54 44 38 36
 6 -6 6 55 50 46 43 42 31
 4 -60 4 50 47 35 31
 4 -38 10 68 58 56 55 51 49 47 46 44 39
 9 -85 9 68 60 56 55 51 50 49 47 38
 6 -32 9 78 68 60 57 56 50 47 44 38
 8 -11 5 58 51 47 45 37
 3 -91 9 78 68 57 56 54 50 47 46 43
 9 -13 6 57 50 47 46 45 44
 8 -75 11 61 60 59 58 57 56 53 52 51 49 48
 2 -23 10 78 68 61 57 56 55 52 50 48 44
 5 -64 11 78 64 61 60 59 57 56 54 53 52 48
 3 -37 9 61 60 59 57 56 54 50 49 48
 7 -27 5 78 68 61 49 43
 10 -34 4 78 50 47 46
 7 -19 6 78 68 64 60 53 46
 6 -20 3 61 46 43
 8 -91 7 78 77 63 61 59 57 48
 6 -64 7 78 68 65 57 54 53 50
 2 -53 8 78 77 72 66 63 61 59 52
 2 -21 7 78 71 66 65 61 53 49
 7 -99 6 72 67 66 59 53 52
 5 -65 8 75 72 71 66 64 62 59 53
 2 -75 8 78 75 72 66 63 60 56 52
 7 -44 5 77 67 63 52 48
 3 -89 7 74 72 71 69 67 61 59
 8 -57 8 89 76 75 72 71 66 65 62
 2 -42 10 91 89 77 76 75 74 70 64 63 62
 5 -72 9 89 75 72 71 70 69 66 64 63
 2 -17 10 89 87 86 78 77 75 74 71 70 64
 4 -61 8 91 87 85 84 76 74 71 62
 10 -86 9 89 88 86 77 76 74 73 69 63
 9 -55 13 90 88 87 86 85 84 83 82 76 75 74 73 70
 1 -9 7 89 87 85 76 72 70 66
 5 -29 10 90 89 88 86 85 84 83 73 70 69
 10 -36 6 89 87 85 83 70 66
 4 -57 9 91 88 87 85 84 83 78 75 69
 7 -92 5 91 89 84 82 65
 4 -90 10 91 90 87 86 84 83 82 79 77 74
 10 -19 7 89 86 84 82 76 75 73
 5 -29 5 88 86 83 73 69
 6 -35 8 87 85 84 83 82 81 80 79
 7 -61 8 88 85 84 83 82 81 80 79
 5 -35 6 87 86 85 83 79 70
 9 -30 5 86 84 82 74 73
 2 -15 5 89 88 87 83 75
 4 -78 4 85 79 76 70
 1 -76 4 82 81 80 79
 5 -59 2 81 80
 9 -62 2 90 80
 5 -28 2 81 79
 2 -78 1 79
 4 -59 1 80
 6 -32 1 79
 3 -89 1 80
 4 -74 1 80
 8 -100 1 79
 3 -86 1 92
 8 -82 1 92
 7 -90 1 92
 3 -77 1 92
 8 -96 1 92
 10 -40 1 92
 6 -88 1 92
 6 -41 1 92
 7 -94 1 92
 5 -35 1 92
 3 -5 1 92
 4 -58 1 92
 6 -17 1 92
 0 23725 0
