92
 0 -16 21 2 3 4 5 6 7 8 9 10 11 12 13 14 15 16 17 18 19 20 34 38
 1 -37 12 56 52 50 45 44 40 37 36 27 26 24 21
 10 -9 10 59 52 41 40 37 36 33 25 23 21
 2 -70 13 73 55 52 45 43 42 40 39 37 36 35 32 26
 2 -90 13 73 61 55 51 50 46 45 44 41 40 37 28 27
 9 -3 17 73 72 61 60 59 54 52 51 50 47 45 43 41 37 36 35 30
 7 -46 13 73 72 61 59 52 51 49 47 44 43 41 30 29
 2 0 9 73 60 52 46 44 39 37 30 22
 4 -84 13 61 57 52 51 50 49 48 47 43 41 40 36 26
 7 -60 13 73 64 61 55 51 50 47 45 44 43 36 35 26
 5 -13 10 73 57 51 49 47 41 40 39 36 26
 7 -82 13 73 71 64 61 59 57 51 50 48 46 45 36 27
 4 -41 9 73 57 51 47 43 41 40 39 26
 9 -13 8 59 57 52 49 48 41 31 25
 1 -4 16 73 72 70 62 61 57 55 54 51 50 48 47 44 43 41 40
 7 -95 15 73 70 69 60 57 54 52 51 50 47 45 44 41 39 35
 1 -51 16 91 73 72 70 64 59 57 56 54 53 51 49 47 46 43 37
 7 -80 15 90 73 72 68 64 61 59 55 54 51 49 48 46 41 36
 4 -44 14 88 73 72 70 69 68 64 59 57 51 49 41 39 35
 2 -20 12 88 72 70 62 57 56 52 51 49 41 39 37
 6 -60 12 88 73 71 70 69 61 57 53 51 49 47 35
 8 -80 13 91 72 70 67 64 62 61 56 54 53 51 47 43
 6 -81 15 91 90 87 86 72 71 69 68 67 58 56 55 54 51 46
 1 -46 15 91 90 88 87 72 71 70 69 68 66 58 57 55 53 48
 5 -38 13 91 89 88 86 72 71 70 66 62 53 51 47 43
 10 -85 14 91 90 86 72 71 70 69 67 63 59 58 54 53 46
 9 -9 12 91 90 89 86 72 70 67 66 54 53 47 43
 4 -7 12 91 90 86 67 66 62 59 54 53 52 47 43
 10 -25 11 90 82 71 69 64 56 55 54 53 48 46
 9 -20 17 90 88 87 86 85 83 77 71 70 69 68 67 65 64 58 57 53
 9 -69 13 90 87 86 82 72 70 68 66 64 63 61 55 54
 1 -74 12 91 86 85 82 72 68 67 62 61 56 54 51
 4 -96 10 91 90 86 79 68 67 64 63 62 43
 8 -33 8 91 88 87 72 70 67 47 44
 7 -67 14 91 90 89 87 86 85 84 83 78 67 66 63 62 58
 4 -16 11 88 87 86 85 83 77 70 69 63 58 53
 8 -7 9 90 85 82 78 71 68 66 63 48
 3 -82 13 89 87 86 85 83 81 77 75 73 71 69 67 65
 4 -23 7 84 83 79 78 63 61 48
 5 -100 8 88 86 82 77 66 65 64 53
 8 -97 7 91 87 85 82 71 66 53
 1 -82 7 89 88 87 82 66 65 53
 2 -83 8 87 85 83 78 77 69 65 58
 9 -85 8 90 85 84 83 81 68 66 58
 3 -62 10 88 82 81 80 78 77 75 74 68 66
 4 -40 8 88 85 84 80 79 78 75 62
 8 -15 8 85 84 79 78 77 75 68 65
 4 -35 7 89 86 81 77 75 67 65
 9 -90 8 89 83 80 78 77 76 75 74
 10 -65 7 86 83 82 76 75 74 66
 2 -26 6 83 79 78 77 74 63
 6 -92 4 83 80 78 58
 6 -88 7 81 80 79 78 76 75 74
 8 -8 6 88 81 80 77 75 65
 7 -70 6 85 84 83 78 77 74
 8 -95 5 89 84 78 77 66
 1 -64 3 80 75 63
 2 -82 4 82 76 75 74
 7 -1 4 87 83 78 77
 4 -69 4 89 87 82 75
 5 -91 3 89 77 74
 7 -13 2 77 65
 9 -15 2 81 76
 3 -62 2 76 75
 1 -86 1 74
 10 -77 1 79
 6 -21 1 80
 5 -30 1 76
 9 -34 1 84
 9 -24 1 74
 7 -89 1 79
 8 -33 1 75
 2 -98 1 84
 10 -59 1 92
 5 -46 1 92
 4 -68 1 92
 3 -86 1 92
 9 -67 1 92
 9 -65 1 92
 4 -19 1 92
 9 -74 1 92
 7 -62 1 92
 8 -61 1 92
 10 -24 1 92
 9 -6 1 92
 6 -10 1 92
 7 -82 1 92
 3 -64 1 92
 9 -63 1 92
 5 -25 1 92
 7 -47 1 92
 0 23630 0
