92
 0 -54 5 2 5 6 8 10
 6 -38 7 15 14 11 9 7 4 3
 5 -37 7 23 22 20 19 18 13 12
 1 -2 7 23 22 21 19 18 13 12
 2 -59 5 31 18 17 16 9
 4 -1 5 21 18 15 14 11
 7 -97 6 24 22 19 18 17 12
 6 -78 5 31 18 17 16 15
 3 -48 8 29 28 26 24 23 22 20 19
 8 -90 7 27 26 24 21 20 19 18
 10 -60 7 32 29 28 27 26 24 20
 2 -16 4 31 28 27 16
 6 -39 5 32 26 25 24 17
 7 -93 5 28 27 24 20 19
 4 -94 5 34 29 26 24 22
 6 -90 5 37 32 29 26 25
 8 -45 7 42 37 36 34 33 29 27
 5 -93 7 37 36 34 33 32 30 29
 6 -8 4 42 37 32 25
 5 -91 4 42 38 37 25
 6 -97 4 42 37 31 25
 3 -38 6 42 37 36 33 32 30
 4 -3 5 42 36 33 32 27
 9 -76 6 41 40 38 37 36 33
 8 -84 5 39 36 34 33 30
 2 -9 3 42 33 30
 3 -90 3 39 35 30
 6 -91 3 44 38 34
 8 -8 5 49 45 44 41 38
 1 -63 3 43 41 40
 10 -62 3 41 40 39
 7 -58 5 49 45 44 41 39
 5 -67 2 44 35
 6 -76 2 41 35
 2 -53 6 60 58 48 46 45 43
 6 -82 6 58 53 49 46 45 44
 9 -4 6 60 58 53 50 49 44
 1 -89 2 51 39
 2 -49 8 60 58 57 55 53 48 47 46
 10 -44 4 53 49 45 44
 2 -1 7 60 58 57 55 53 47 46
 3 -70 7 64 59 55 53 51 50 49
 5 -59 6 64 57 55 53 49 47
 9 -11 5 55 52 51 48 47
 3 -60 6 64 59 56 54 52 51
 8 -46 3 64 56 50
 10 -59 4 61 59 56 54
 7 -66 5 64 63 62 61 54
 8 -37 4 71 61 56 52
 2 -8 3 61 54 52
 6 -96 4 72 68 61 57
 5 -6 6 72 68 67 66 63 62
 1 -44 7 79 72 71 70 68 67 62
 6 -71 7 71 70 69 68 67 66 65
 7 -70 6 79 72 68 67 65 61
 7 -86 5 72 70 67 66 62
 3 -39 5 71 70 67 66 62
 2 -98 6 72 69 68 67 66 65
 7 -42 5 72 69 67 66 63
 4 -12 4 72 69 65 63
 8 -55 5 84 81 73 70 69
 9 -88 2 69 65
 1 -5 5 81 79 77 73 70
 2 -56 6 84 81 78 77 76 72
 5 -56 6 84 81 80 78 75 73
 7 -46 4 84 79 76 73
 1 -16 3 77 76 73
 10 -13 3 84 80 73
 6 -53 7 91 88 83 82 80 77 76
 4 -84 5 91 83 78 76 75
 6 -17 2 80 73
 2 -28 4 90 83 80 74
 2 -78 3 90 83 74
 4 -32 5 91 88 86 85 82
 1 -82 5 89 88 86 85 82
 6 -20 4 90 89 86 85
 7 -93 3 89 86 85
 5 -18 3 88 87 86
 10 -4 3 88 87 86
 8 -52 2 89 87
 3 0 2 90 85
 4 -25 1 87
 9 -21 1 85
 1 -93 1 85
 8 -58 1 92
 1 -60 1 92
 9 -91 1 92
 4 -46 1 92
 1 -61 1 92
 2 -52 1 92
 5 -58 1 92
 0 23590 0
