92
 0 -54 7 2 3 4 5 7 9 13
 10 -8 7 22 18 17 15 12 11 6
 6 -73 8 27 22 21 18 15 14 12 11
 4 -62 6 22 21 17 16 15 10
 1 -80 5 21 19 17 12 8
 3 -48 6 27 23 21 20 16 14
 8 -32 8 31 26 24 23 22 21 20 19
 10 -3 5 27 23 22 20 14
 10 -44 7 34 24 23 21 20 19 16
 8 -86 4 23 20 18 14
 3 -53 6 34 31 26 25 23 19
 6 -75 4 34 31 20 16
 6 -9 5 34 26 25 23 19
 5 -99 6 34 31 30 28 26 24
 7 -3 3 26 25 19
 6 -53 4 30 28 26 25
 5 -79 3 34 31 26
 6 -31 5 35 32 31 30 29
 4 -82 4 35 30 29 28
 3 -67 3 35 30 25
 3 -56 3 35 30 25
 7 -84 3 35 34 25
 3 -56 5 37 35 33 32 29
 6 -2 5 38 37 35 33 32
 2 -23 4 37 33 32 29
 6 -24 4 35 33 32 29
 9 -94 4 38 37 33 32
 9 -9 5 40 39 38 37 32
 6 -8 7 49 46 42 40 39 38 36
 10 -30 3 37 36 33
 7 -84 6 49 46 40 39 38 36
 10 -79 7 49 48 46 45 44 42 36
 2 -78 6 49 46 45 41 40 39
 5 -27 4 50 42 39 37
 6 -89 4 57 49 40 39
 7 -57 4 53 50 47 41
 9 -56 4 49 48 47 41
 3 -40 5 53 52 48 45 43
 9 -9 5 56 54 51 48 44
 10 -60 4 54 53 50 47
 10 -94 3 57 54 43
 1 -1 7 62 59 58 57 56 55 53
 3 -58 6 62 61 58 56 55 51
 7 -19 7 63 62 61 59 58 55 52
 9 -10 7 73 62 61 60 59 55 50
 3 -11 6 73 62 58 57 55 51
 5 -62 5 62 58 56 55 52
 2 -91 9 73 70 68 65 63 62 61 60 59
 9 -84 6 70 69 65 62 60 56
 9 -42 6 70 69 66 65 63 58
 9 -52 5 70 68 63 60 59
 2 -3 7 73 72 69 68 67 64 60
 4 -35 7 73 70 69 68 67 64 60
 5 -70 5 73 68 67 61 60
 4 -48 8 78 76 72 70 68 67 65 64
 1 -88 6 73 72 71 68 64 63
 5 -98 7 78 76 69 68 67 66 65
 2 -13 6 81 76 72 71 68 64
 8 -67 5 75 72 69 67 66
 2 -38 5 82 78 77 76 66
 10 -87 5 83 82 78 72 69
 1 -22 4 77 75 71 67
 1 -34 4 83 78 77 67
 10 -38 4 82 77 75 74
 7 -23 4 83 82 81 74
 7 -25 3 83 81 71
 2 -12 3 82 81 74
 2 -59 4 91 89 83 77
 9 -39 3 81 77 74
 1 -56 1 71
 1 -53 2 91 74
 1 -9 2 91 74
 1 -13 4 83 81 79 78
 8 -62 4 90 89 80 79
 4 -10 4 89 83 80 79
 7 -81 4 90 89 80 79
 1 -59 3 90 80 79
 7 -34 3 87 85 84
 3 -100 2 85 84
 9 -74 3 88 87 86
 4 -27 3 89 87 86
 10 -83 3 91 87 86
 10 -10 2 87 86
 8 -3 1 88
 10 -7 1 86
 3 -99 1 92
 8 -77 1 92
 4 -84 1 92
 1 -40 1 92
 5 -5 1 92
 1 -38 1 92
 0 21765 0
