92
 0 -71 7 2 4 5 6 8 9 12
 4 -99 2 14 3
 4 -16 3 17 16 7
 7 -75 3 16 14 7
 3 -75 2 17 7
 4 -89 6 24 23 20 17 15 10
 6 -58 5 24 23 20 13 10
 3 -82 4 23 15 11 10
 5 -49 4 27 23 21 15
 8 -98 5 34 29 26 19 18
 10 -82 4 26 24 19 18
 1 -98 5 34 28 23 19 18
 3 -94 1 15
 7 -39 5 45 34 26 23 20
 5 -88 3 34 26 19
 6 0 3 34 26 19
 1 -67 6 45 33 30 27 26 22
 5 -94 5 45 33 30 27 22
 3 -70 4 45 33 30 22
 10 -67 6 39 33 32 31 30 25
 4 -97 2 34 22
 8 -7 4 39 32 31 25
 1 -19 4 39 33 32 25
 10 -76 4 36 34 32 31
 9 -48 6 41 40 38 37 36 35
 8 -60 3 41 38 28
 6 -68 3 51 40 32
 7 -66 2 51 31
 7 -92 4 51 41 40 37
 9 -1 5 51 49 48 40 37
 6 -68 4 48 46 40 37
 9 -20 2 38 37
 3 -99 4 49 48 40 37
 7 -7 3 51 46 37
 6 -13 8 52 51 50 48 47 46 44 42
 10 -79 7 58 52 51 50 49 47 43
 3 -27 6 52 50 47 44 43 42
 8 -67 5 52 48 47 46 42
 3 -86 4 49 47 43 42
 3 -62 4 56 50 43 42
 8 -49 4 54 52 50 46
 6 -43 4 63 58 55 54
 7 -75 4 61 60 57 53
 10 -6 4 63 57 56 54
 9 -42 4 58 57 55 54
 1 -54 2 57 49
 3 -93 6 68 63 61 60 59 55
 6 -62 6 68 64 63 62 60 58
 6 -56 5 68 65 63 60 56
 6 -65 5 68 63 60 59 55
 2 -59 3 64 61 54
 2 -3 2 56 53
 1 -82 3 68 59 55
 6 -31 5 68 65 62 60 59
 3 -40 5 76 67 65 64 62
 3 -52 4 67 64 62 59
 8 -13 7 82 76 73 71 68 66 64
 7 -78 4 73 66 65 59
 5 -68 8 83 78 76 75 72 71 70 69
 8 -5 8 83 82 78 75 71 70 69 67
 5 -79 8 83 82 75 72 71 70 69 67
 3 -36 6 82 73 72 71 69 66
 6 -62 5 82 70 69 67 66
 1 -65 7 83 79 78 75 72 70 69
 9 -76 3 82 79 69
 5 -90 4 83 81 78 74
 9 -9 3 79 77 74
 9 -87 5 91 90 81 79 77
 9 0 4 89 87 81 74
 6 -69 4 89 87 84 74
 6 -44 4 91 89 80 79
 3 -70 3 91 90 77
 3 -88 6 91 88 87 86 85 84
 8 -73 4 91 90 88 80
 10 -43 4 88 87 84 80
 7 -88 4 90 89 87 81
 9 -6 5 89 87 86 85 84
 8 -22 5 90 88 87 85 84
 4 -66 4 88 87 85 84
 1 -38 2 86 85
 8 -98 2 86 84
 1 -21 2 85 84
 9 -58 1 89
 5 -50 1 92
 2 -49 1 92
 5 -60 1 92
 10 -72 1 92
 6 -99 1 92
 6 -39 1 92
 5 -18 1 92
 1 -60 1 92
 0 25920 0
