92
 0 -71 6 2 3 4 5 8 12
 2 -32 5 20 14 13 11 6
 9 -26 5 15 14 13 10 7
 3 -59 5 25 20 14 10 7
 3 -59 4 25 17 10 9
 8 -37 4 25 19 15 10
 4 -77 7 28 23 21 19 18 17 16
 6 -81 7 34 23 21 19 18 17 16
 6 -39 5 34 21 19 18 15
 10 -49 7 34 28 24 23 21 18 16
 7 -53 5 34 23 21 18 17
 10 -71 6 28 24 20 19 18 16
 1 -70 5 25 24 21 18 16
 4 -32 5 24 22 19 18 16
 10 -2 3 24 23 16
 9 -61 4 30 29 27 26
 7 -26 3 30 29 24
 5 -4 4 38 30 29 27
 10 -42 3 30 29 26
 2 -7 3 29 27 26
 8 -79 2 26 22
 4 -30 5 38 35 32 31 29
 6 -81 5 38 35 32 31 29
 2 -48 2 33 26
 8 -72 2 33 26
 3 -42 5 47 39 38 35 31
 6 -98 3 35 32 31
 7 -54 7 47 43 41 40 39 37 36
 2 -15 4 46 44 39 33
 6 -99 4 44 43 36 32
 7 -19 5 43 41 40 37 36
 7 -81 7 49 47 45 42 41 40 39
 7 -48 4 47 43 41 36
 3 -72 4 49 47 43 37
 8 -46 5 49 46 44 41 40
 8 -12 6 59 50 49 48 45 42
 10 -16 6 62 59 50 46 44 42
 1 -3 5 59 57 55 48 45
 1 -87 7 62 60 59 55 51 50 48
 7 -38 7 62 60 59 57 55 51 48
 4 -55 8 62 60 59 55 54 53 52 51
 4 -30 7 60 56 55 54 53 52 51
 7 -95 4 59 55 51 48
 9 -69 3 57 56 48
 7 -49 7 63 62 60 58 56 54 51
 3 -53 6 66 60 56 55 53 52
 8 -15 8 68 66 65 64 59 58 57 55
 2 -91 4 63 54 53 52
 2 -63 6 71 66 58 56 52 51
 7 -43 6 68 67 64 61 58 57
 5 -100 7 77 75 70 68 67 64 61
 6 -10 8 77 76 75 70 69 68 67 64
 2 -49 5 76 68 67 65 58
 1 -5 4 71 66 65 61
 7 -37 5 74 72 70 69 63
 6 -50 5 77 72 70 67 61
 3 -9 8 79 77 75 74 72 71 70 69
 10 -15 6 79 77 74 72 70 69
 1 -24 2 67 61
 6 -46 5 88 74 72 71 67
 6 -74 5 91 79 76 74 69
 4 -29 5 91 79 74 72 69
 4 -74 7 88 81 79 78 77 76 71
 1 -87 6 91 83 82 79 74 72
 1 -1 4 83 78 77 70
 1 -80 8 91 88 83 82 81 80 78 76
 2 -74 6 91 82 81 79 78 73
 3 -50 5 91 82 79 74 73
 8 -85 5 88 82 81 78 73
 5 -54 7 91 88 87 85 84 81 80
 5 -73 5 91 87 85 84 83
 10 -77 4 87 84 80 78
 6 -18 4 87 84 83 80
 10 -78 4 87 85 84 81
 5 -18 4 87 82 81 80
 10 -19 3 90 87 84
 8 -86 2 84 82
 2 -29 2 90 85
 5 -63 1 80
 1 -100 2 90 86
 6 -38 2 90 86
 2 -15 2 90 86
 10 -93 2 90 86
 8 -84 1 86
 7 -61 1 86
 5 -36 1 89
 1 -99 1 89
 10 -89 1 89
 6 -8 1 92
 1 -17 1 92
 1 -64 1 92
 0 23095 0
