82
 0 -39 14 2 3 4 5 6 7 8 9 10 11 12 14 15 36
 3 -69 13 81 52 48 43 42 40 39 35 34 33 32 29 19
 3 -64 9 50 42 41 40 37 33 30 25 13
 10 -34 8 56 55 50 38 33 23 18 17
 10 -99 8 50 37 34 33 27 20 18 16
 8 -24 5 32 24 22 21 17
 6 -47 9 55 50 43 40 37 30 28 25 23
 2 -49 9 81 63 55 50 43 38 37 34 23
 1 -50 13 63 55 53 51 50 47 44 43 38 33 31 30 27
 5 -51 10 52 44 41 40 39 37 35 32 30 29
 8 -27 15 79 63 59 55 53 51 50 48 47 44 43 40 38 37 30
 3 -57 8 54 43 42 40 37 32 26 25
 3 -62 12 81 79 63 54 53 48 47 45 44 43 38 29
 9 -8 7 56 43 40 38 33 29 25
 2 -84 9 79 56 48 44 43 40 38 30 29
 5 -97 4 43 38 30 25
 7 -64 7 81 47 46 43 40 34 25
 10 -57 12 80 79 77 61 59 53 52 51 47 43 40 30
 2 -83 11 72 62 61 56 53 51 50 49 47 44 30
 3 -14 10 78 55 53 51 49 48 47 46 44 38
 2 -66 12 81 79 78 76 61 59 56 51 50 44 43 40
 5 -52 11 80 76 73 63 59 53 49 47 46 44 38
 9 -39 10 80 79 78 72 54 53 51 45 44 32
 6 -18 6 79 73 59 53 38 30
 3 0 15 80 79 78 77 75 72 70 63 61 60 59 53 51 49 48
 2 -84 14 80 78 77 76 73 61 60 59 58 55 52 49 47 46
 7 -6 8 80 77 76 61 60 57 46 40
 8 -70 6 78 75 73 70 63 38
 6 -88 11 78 76 74 71 61 60 59 57 55 51 46
 7 -50 9 78 76 74 69 58 57 54 46 45
 3 -61 9 80 79 76 74 72 71 59 49 46
 1 -76 8 77 76 74 71 61 49 47 46
 9 -64 11 74 73 72 71 70 69 67 62 61 58 57
 4 -8 11 78 77 76 75 73 69 67 61 60 59 58
 2 -65 11 79 73 72 70 69 67 63 61 60 59 58
 1 -60 7 75 74 70 62 61 58 44
 9 -62 10 75 73 72 71 69 68 60 58 57 56
 10 0 9 77 74 72 69 62 61 60 58 52
 8 -24 9 80 79 78 76 73 72 59 57 54
 10 -14 10 74 73 72 71 70 69 67 64 62 58
 7 -11 9 79 75 74 72 68 66 65 60 54
 6 -48 6 77 72 70 66 49 47
 10 -70 3 70 67 49
 3 -16 5 77 69 67 66 60
 4 -36 5 75 70 68 66 60
 1 -40 5 70 68 67 66 65
 4 -12 5 75 69 68 65 64
 2 -68 5 76 69 68 65 64
 10 -7 3 69 68 57
 8 -10 4 71 66 65 64
 6 -40 3 73 69 67
 8 -22 3 67 65 64
 10 -39 3 71 66 64
 7 -60 3 71 67 64
 7 -65 3 67 66 64
 1 -92 3 70 66 64
 1 -34 2 65 64
 9 -72 2 66 65
 4 -99 2 66 64
 6 -11 1 64
 7 -79 1 68
 2 -28 1 65
 4 -50 1 64
 10 -13 1 82
 2 -85 1 82
 9 -49 1 82
 5 -29 1 82
 5 -22 1 82
 2 -76 1 82
 10 -55 1 82
 10 -89 1 82
 4 -21 1 82
 8 -33 1 82
 6 -95 1 82
 7 -98 1 82
 8 -70 1 82
 3 -33 1 82
 10 -4 1 82
 10 -45 1 82
 3 -43 1 82
 8 -89 1 82
 0 19720 0
