92
 0 -37 14 2 3 4 5 6 7 8 10 12 14 16 21 26 30
 2 -70 12 38 35 33 32 31 29 28 24 20 19 15 13
 2 -65 7 35 29 28 23 22 18 11
 2 -75 7 38 27 22 20 19 15 9
 2 -1 5 33 22 20 17 11
 5 -38 5 29 28 27 22 9
 10 -27 6 38 33 32 28 15 13
 7 -19 9 45 42 41 39 35 33 32 24 22
 6 -4 7 45 39 33 32 31 25 23
 10 -3 5 45 39 33 32 13
 10 -6 7 42 38 36 32 31 27 25
 8 -94 5 42 36 33 22 18
 2 -57 4 42 41 36 22
 6 -6 9 52 50 47 40 39 36 34 32 31
 2 -25 6 47 46 45 39 36 25
 3 -54 2 29 22
 7 -6 8 52 51 44 41 40 34 31 29
 8 -97 5 47 45 41 32 25
 6 -38 5 47 46 39 36 25
 10 -69 5 49 47 46 45 25
 10 -90 10 52 51 50 47 44 40 39 37 36 34
 7 -60 4 49 47 46 25
 7 -51 10 57 52 51 50 47 44 42 41 36 34
 1 -77 9 52 51 50 49 47 44 40 37 34
 8 -86 8 56 52 51 50 44 40 37 34
 7 -85 8 56 52 51 50 44 40 37 34
 8 -72 10 66 53 52 47 46 44 43 41 39 37
 3 -75 10 65 56 54 53 52 50 47 44 43 39
 5 -16 7 65 57 54 50 48 47 36
 7 -35 7 68 54 52 51 49 47 44
 3 -60 7 66 60 58 56 53 48 37
 1 -17 6 66 56 51 46 44 37
 9 -42 8 65 64 63 56 50 48 44 43
 2 -61 6 63 58 54 53 48 43
 7 -25 5 66 60 53 48 37
 7 -11 7 68 66 64 63 58 53 49
 9 -12 13 90 78 74 73 72 71 68 65 64 63 62 59 55
 9 -41 10 78 74 73 67 65 64 62 60 59 55
 10 -1 9 78 72 71 64 63 58 57 55 48
 1 -28 10 78 77 73 72 71 67 63 62 57 54
 9 -93 9 90 74 72 71 68 67 59 58 56
 8 -17 9 91 78 77 69 65 63 62 58 53
 6 -35 8 91 78 73 70 68 62 60 55
 9 -95 4 73 60 59 55
 7 -63 10 90 89 77 76 73 72 71 63 61 59
 1 -1 9 91 88 78 77 76 70 69 67 60
 9 -35 6 90 78 72 63 58 55
 6 -2 9 91 90 76 74 73 70 69 67 61
 4 -81 7 91 88 78 74 71 62 56
 3 -97 7 91 86 85 78 77 70 60
 4 -1 7 91 90 86 78 70 62 61
 5 -64 9 90 88 85 78 77 71 69 64 63
 3 -18 10 90 88 86 82 76 75 73 72 71 70
 4 -40 7 90 85 83 76 69 66 64
 10 -28 5 89 77 76 69 61
 8 -7 11 89 87 85 84 83 82 80 77 76 75 69
 6 -81 10 91 90 86 85 84 83 82 76 75 70
 1 -80 3 86 73 61
 10 -42 7 91 85 84 82 79 70 69
 8 -100 6 90 82 81 75 72 71
 5 -97 8 88 85 84 83 82 81 80 75
 6 -73 7 89 87 84 83 80 76 75
 4 -66 4 87 83 82 80
 9 -33 4 84 82 80 79
 8 -12 4 88 86 82 80
 2 -97 3 88 80 75
 2 -88 3 86 85 83
 10 -70 2 85 75
 5 -48 2 86 81
 9 -88 2 87 80
 8 -52 2 84 83
 3 -57 2 87 79
 5 -69 2 81 79
 10 -67 2 89 85
 6 -14 1 79
 9 -71 1 81
 10 -98 1 79
 10 -61 1 89
 1 -23 1 92
 8 -75 1 92
 10 -58 1 92
 1 -57 1 92
 8 -76 1 92
 4 -25 1 92
 3 -76 1 92
 2 -4 1 92
 6 -40 1 92
 7 -48 1 92
 6 -40 1 92
 8 -63 1 92
 10 -13 1 92
 0 22375 0
