92
 0 -32 15 2 3 4 5 6 7 8 9 11 12 13 14 15 19 26
 2 -36 7 34 33 32 27 25 23 10
 2 -46 7 38 32 31 30 25 23 18
 1 0 4 30 28 17 16
 10 -67 7 42 38 31 29 25 21 18
 2 -56 6 42 34 32 29 28 20
 9 -42 6 42 41 38 28 27 20
 2 -23 3 31 23 17
 8 -66 9 51 45 44 42 35 31 29 28 25
 8 -87 8 51 42 41 35 29 28 22 21
 7 -75 6 41 39 34 32 24 21
 3 -87 7 51 41 37 35 31 22 21
 5 -31 7 55 51 42 37 34 31 21
 7 -90 9 55 51 44 42 41 39 37 29 21
 1 -51 7 51 45 43 37 30 29 22
 10 -53 6 51 50 38 35 31 25
 2 -94 9 55 48 45 44 41 39 37 32 29
 7 -14 8 51 50 45 43 41 37 36 22
 10 -2 5 57 55 34 29 23
 8 -91 6 55 47 44 37 31 21
 10 -67 14 64 60 57 56 54 53 52 50 49 48 45 43 40 36
 5 -21 13 69 60 57 56 55 54 52 48 47 46 44 40 39
 2 -76 7 56 54 50 42 37 36 35
 7 -97 7 57 55 53 50 37 36 30
 1 -23 10 69 56 55 49 48 47 41 40 37 36
 1 -99 11 60 56 53 52 51 49 48 46 44 43 40
 2 -40 12 64 63 61 60 57 56 52 51 50 49 46 43
 4 -16 8 64 56 53 50 49 46 40 37
 5 -3 8 64 60 56 52 50 49 40 36
 3 -99 10 69 65 63 60 56 54 52 49 47 46
 3 -32 8 70 64 63 56 54 46 43 39
 2 -37 8 69 54 52 51 49 47 46 40
 8 -70 9 72 61 60 57 56 54 50 49 40
 2 -80 8 72 56 53 49 48 47 44 40
 3 -45 5 69 63 47 46 39
 5 -60 6 70 65 63 61 58 46
 5 -13 9 72 71 68 62 61 60 59 58 52
 1 -34 9 91 74 72 71 69 68 62 59 52
 3 -29 4 72 65 53 49
 5 -34 11 79 75 73 71 70 68 67 66 65 63 58
 7 -49 10 91 79 75 68 67 66 64 63 58 57
 3 -3 5 72 67 65 61 49
 9 -16 10 79 78 75 73 69 68 66 65 62 58
 4 -63 11 90 75 74 73 71 70 68 66 64 62 61
 8 -42 9 90 89 75 72 71 69 65 61 59
 4 -17 8 91 90 75 74 72 71 62 59
 6 -48 7 75 70 68 64 61 59 58
 7 -86 8 90 79 74 73 71 68 62 61
 8 -35 6 90 89 75 74 71 59
 1 -82 8 90 86 78 75 73 69 67 66
 5 -55 6 79 78 74 73 66 62
 10 -45 10 90 89 87 83 82 79 78 75 73 66
 4 -55 6 90 87 79 71 67 61
 8 -12 6 91 79 78 77 73 62
 9 -33 4 90 72 62 61
 3 -64 7 91 90 87 75 73 67 66
 9 -1 7 90 88 78 77 74 73 70
 7 -89 8 90 89 88 85 83 77 76 74
 3 -68 6 83 82 79 78 73 66
 5 -2 5 90 88 79 77 67
 8 -2 8 88 86 85 83 82 78 77 76
 3 -71 6 88 87 86 84 76 67
 6 -7 6 89 85 84 80 78 74
 6 -1 7 87 85 84 83 82 81 80
 9 -7 5 91 85 84 82 76
 10 -35 3 88 77 76
 6 -91 5 89 83 82 81 80
 4 -26 5 89 87 86 83 82
 9 -53 5 87 85 83 81 80
 6 -30 3 83 82 76
 6 -69 4 88 83 82 80
 3 -16 2 85 76
 6 -29 3 85 81 80
 5 -12 3 87 86 82
 3 -6 3 84 81 80
 6 -69 2 81 80
 1 -97 1 84
 5 -96 1 81
 10 -63 1 86
 5 -87 1 92
 2 -30 1 92
 7 -93 1 92
 8 -48 1 92
 9 -78 1 92
 8 -38 1 92
 10 -56 1 92
 2 -7 1 92
 9 -56 1 92
 9 -60 1 92
 10 -55 1 92
 10 -22 1 92
 0 21465 0
