92
 0 -42 13 2 3 4 5 6 7 8 10 11 13 14 16 19
 10 -26 6 30 23 18 17 15 12
 10 -59 6 35 32 26 21 18 9
 9 -74 10 35 32 29 26 25 23 22 21 20 18
 10 -21 10 41 35 34 32 31 30 26 25 23 17
 1 -36 4 35 32 21 9
 4 -82 4 35 29 21 9
 5 -28 8 35 31 28 27 26 25 22 20
 3 -46 9 41 39 33 31 30 28 27 25 22
 10 -43 7 47 45 36 35 25 21 18
 5 -10 8 45 39 35 34 33 26 25 22
 3 -65 6 45 32 31 25 22 21
 10 -55 13 56 49 48 47 45 41 39 38 37 34 33 32 24
 2 -53 13 55 49 48 45 43 42 41 39 38 37 34 33 31
 7 -100 5 45 41 37 27 25
 4 -53 13 56 55 50 49 48 45 44 43 42 38 37 34 33
 2 -18 8 55 49 48 47 42 39 33 27
 3 -45 10 56 55 49 43 42 39 38 34 33 31
 7 -50 7 49 42 41 39 34 31 27
 2 -33 13 59 56 50 49 48 45 44 43 42 41 40 39 33
 2 -10 12 56 55 51 50 49 48 43 42 41 39 38 34
 3 -30 13 56 55 54 51 50 49 48 46 44 42 40 37 36
 4 -19 9 55 50 48 45 44 42 37 36 33
 2 -61 7 68 55 54 46 42 36 31
 8 -13 12 73 65 64 58 55 51 50 49 46 42 40 38
 7 -30 11 64 60 56 54 51 50 47 46 43 42 40
 2 -90 9 68 56 54 50 46 44 43 40 36
 1 -39 12 68 65 59 58 56 55 50 49 48 45 44 40
 1 -92 4 55 49 43 33
 3 -16 10 68 60 59 58 54 51 46 45 44 40
 8 -34 9 73 65 60 59 58 51 50 44 40
 10 -44 13 73 72 66 65 64 63 62 60 59 58 55 51 46
 5 -85 12 68 66 65 64 63 62 60 57 54 53 51 46
 1 -69 6 73 64 63 59 46 40
 1 -30 5 68 51 48 46 40
 3 -98 13 91 78 72 71 69 66 65 64 63 60 59 53 52
 4 -28 12 91 90 73 72 71 69 68 66 62 58 53 52
 6 -89 9 76 72 71 68 66 63 60 54 52
 5 -26 9 91 90 75 72 66 65 58 57 53
 10 -34 8 90 72 69 66 62 57 53 52
 8 -43 8 75 73 72 68 66 62 61 54
 9 -21 7 91 72 66 63 57 53 52
 4 -71 7 73 72 66 65 62 58 52
 1 -68 7 90 71 69 66 64 53 52
 3 -70 7 78 76 75 71 69 63 53
 5 -34 12 91 90 87 83 78 76 75 74 71 70 69 67
 8 -9 6 91 78 75 68 61 58
 6 -41 6 90 70 69 66 61 60
 3 -56 5 91 89 88 62 57
 7 -44 5 91 72 67 63 61
 4 -87 6 90 87 78 70 67 61
 4 -88 4 87 75 67 61
 1 -93 4 87 70 67 61
 5 -67 9 91 90 89 88 86 83 74 70 69
 6 -71 8 91 90 89 84 83 78 77 67
 1 -41 5 85 78 71 70 66
 4 -81 7 87 85 83 78 77 74 71
 2 -7 7 88 83 77 76 74 70 67
 5 -72 7 87 86 83 77 75 74 67
 8 -69 7 88 87 86 83 77 74 67
 8 -16 9 89 86 85 84 83 82 81 77 74
 3 -2 5 84 83 78 74 67
 6 -100 9 90 87 85 84 83 82 81 80 79
 4 -12 7 87 85 84 82 81 77 74
 9 -19 4 87 83 77 67
 1 -61 4 86 83 77 74
 7 -22 5 85 82 81 80 79
 2 -93 4 88 82 81 77
 2 -40 3 84 80 77
 4 -80 3 84 82 79
 4 -36 3 84 82 81
 3 -82 3 87 83 79
 10 -75 3 81 80 79
 7 -5 2 80 79
 3 -35 2 88 81
 10 -38 2 84 79
 2 -62 1 79
 2 -96 1 86
 5 -19 1 92
 4 -61 1 92
 6 -29 1 92
 6 -50 1 92
 8 -4 1 92
 3 -15 1 92
 10 -95 1 92
 2 -51 1 92
 5 -97 1 92
 5 -33 1 92
 8 -65 1 92
 2 -21 1 92
 5 -83 1 92
 0 22530 0
