82
 0 -74 22 2 3 4 5 6 7 8 9 10 11 12 13 15 16 17 18 21 22 24 25 26 34
 4 -44 13 58 50 49 47 44 42 41 38 37 36 35 31 19
 6 -28 8 56 44 40 37 33 29 27 23
 10 -8 6 49 38 37 36 23 14
 4 -82 9 56 48 47 44 41 38 33 28 20
 10 -73 11 81 49 46 45 44 42 39 38 33 32 30
 10 -5 9 52 45 41 39 38 37 33 31 29
 3 -99 13 81 65 60 58 57 56 52 50 49 47 45 35 31
 9 -81 10 58 56 53 50 45 44 42 41 38 37
 1 -31 7 65 53 42 40 38 37 29
 1 -13 12 81 60 58 55 52 48 47 46 45 39 38 36
 1 -42 12 81 80 60 58 57 55 50 48 47 46 41 36
 9 -14 9 58 54 49 47 42 41 40 36 35
 5 -37 10 56 54 53 50 47 45 42 41 40 35
 4 -3 6 52 50 41 38 37 35
 7 -97 7 81 80 54 45 41 39 29
 4 -33 14 81 74 65 59 58 57 56 51 50 49 48 46 45 43
 7 -78 13 81 79 65 58 56 52 51 49 48 47 45 44 43
 3 -11 12 81 80 63 60 59 55 53 52 51 48 46 39
 6 -76 11 80 78 76 65 64 62 59 58 53 52 37
 2 -4 11 80 60 59 58 54 53 51 49 47 45 39
 2 -31 9 80 65 64 63 62 59 53 48 37
 5 -9 8 81 79 65 63 61 54 42 35
 2 -23 10 79 65 64 54 53 52 51 49 45 38
 9 -33 7 61 60 54 52 49 41 35
 2 -32 6 61 59 49 48 42 41
 10 -63 10 80 79 76 75 59 58 55 53 49 47
 10 -20 10 79 76 74 62 59 55 54 51 49 45
 1 -7 8 79 74 60 59 58 50 49 48
 1 -56 9 79 74 72 62 59 56 53 52 48
 2 -31 7 78 74 62 59 55 53 46
 3 -73 11 78 76 74 72 63 62 61 59 54 52 51
 10 -71 9 79 76 75 74 62 60 59 58 50
 6 -70 7 74 73 64 62 60 55 46
 2 -90 8 80 74 70 64 59 55 51 48
 10 -55 7 74 72 62 59 56 53 51
 1 -22 5 81 74 60 55 46
 2 -25 11 80 76 75 74 72 69 68 63 62 61 59
 7 -54 13 79 78 77 76 75 74 71 70 69 66 65 64 62
 2 -69 9 79 78 76 75 74 67 61 59 51
 8 -20 8 79 76 74 73 70 67 65 51
 10 -50 8 80 77 76 75 74 72 62 52
 6 -33 8 76 72 70 69 67 64 63 60
 3 -38 8 76 74 70 69 68 67 63 59
 6 -80 6 78 77 73 72 63 61
 4 -82 4 79 72 61 54
 4 -66 6 78 74 69 68 66 62
 9 -20 5 78 76 75 68 67
 10 -83 5 73 72 71 69 67
 1 -10 4 72 70 67 64
 2 -84 4 71 69 68 66
 9 -10 4 73 69 67 66
 4 -63 3 77 67 61
 10 -95 3 75 69 66
 1 -98 3 72 68 67
 9 -56 3 78 68 66
 7 -95 3 72 70 66
 10 -43 2 68 63
 9 -7 2 73 71
 5 -26 2 77 71
 1 -31 1 70
 3 -73 1 67
 4 -94 1 66
 8 -45 1 68
 10 -75 1 68
 7 -99 1 82
 6 -75 1 82
 10 -48 1 82
 5 -19 1 82
 1 -73 1 82
 4 -11 1 82
 1 -31 1 82
 2 -33 1 82
 1 -77 1 82
 7 -6 1 82
 2 -81 1 82
 2 -17 1 82
 6 -35 1 82
 7 -73 1 82
 2 -21 1 82
 3 -96 1 82
 0 19695 0
