92
 0 -96 23 2 3 4 5 6 7 8 9 10 11 12 13 14 15 16 17 18 19 20 21 24 25 35
 4 -89 14 56 55 51 50 48 47 45 42 39 37 36 28 26 23
 10 -15 13 62 57 55 54 51 48 47 45 41 37 31 27 23
 10 -94 18 65 62 60 59 55 54 51 49 47 46 43 42 41 38 37 36 32 30
 5 -4 18 76 65 62 60 59 57 56 54 51 49 48 44 43 41 39 38 32 29
 9 -78 14 65 62 60 59 54 51 49 48 46 38 36 33 32 29
 2 -45 14 62 59 58 56 54 51 47 45 43 40 39 38 36 23
 6 -91 14 65 62 54 51 50 49 48 46 42 41 40 37 34 22
 4 -67 10 67 57 48 47 46 43 37 36 26 23
 6 -36 17 75 66 65 62 60 59 56 47 46 44 43 42 41 39 38 37 36
 7 -5 13 67 62 60 59 57 56 55 50 49 47 46 32 29
 9 -47 12 65 62 60 59 54 53 52 51 46 41 40 37
 6 -97 10 77 67 55 54 52 49 48 46 40 27
 5 -52 9 67 55 54 50 49 48 47 37 27
 1 -84 13 77 75 67 62 59 56 54 50 49 47 46 37 36
 10 -40 10 77 65 62 52 50 49 44 39 37 30
 10 -18 12 77 75 73 67 65 56 54 50 49 46 41 37
 4 -73 10 76 75 62 60 57 56 53 52 49 29
 2 -75 11 77 76 62 60 56 54 52 48 41 39 36
 4 -22 11 77 75 64 59 58 56 54 49 47 46 38
 8 -56 11 76 75 73 65 63 62 53 52 49 48 43
 6 -36 13 86 77 75 74 73 67 66 64 63 61 58 57 52
 3 -26 9 77 75 74 72 60 53 52 49 44
 9 -47 8 77 74 73 58 54 52 45 41
 3 -1 8 91 77 76 75 70 54 53 37
 8 -80 12 91 76 75 74 72 70 65 64 63 62 61 54
 10 0 10 76 75 66 65 64 63 61 59 56 53
 6 -8 9 77 75 73 67 66 64 61 58 46
 6 -93 7 91 77 74 73 70 66 37
 2 -26 11 91 86 76 75 71 67 64 63 61 58 56
 4 -1 11 91 90 87 73 72 71 67 66 63 56 43
 10 -36 9 87 75 74 73 69 66 63 53 52
 9 -89 9 87 86 76 74 67 64 58 56 52
 2 -5 12 91 90 88 87 86 75 72 71 66 64 63 56
 3 -74 7 75 71 63 60 58 56 53
 5 -50 11 91 90 86 83 74 72 71 70 64 63 61
 1 -82 7 86 81 71 64 63 61 58
 4 -60 8 91 90 86 74 72 70 63 61
 1 -70 10 91 90 86 84 83 81 73 68 67 61
 4 -75 12 90 89 88 87 86 84 82 81 75 74 68 66
 6 -60 9 90 88 86 83 81 72 71 69 63
 8 -56 8 91 88 87 86 74 73 71 64
 9 -34 11 88 86 85 84 83 82 81 80 77 69 68
 7 -82 8 88 87 82 80 73 70 69 64
 2 -8 8 90 89 83 82 81 76 68 61
 4 -21 9 91 89 86 85 83 81 80 76 63
 7 -63 9 91 87 85 83 73 72 71 70 69
 7 -38 6 86 84 72 68 66 61
 4 -27 6 89 86 85 81 66 61
 3 -42 8 89 88 87 84 82 74 70 68
 6 -71 7 91 90 86 78 77 70 66
 1 -20 7 91 89 85 83 71 70 68
 8 -75 8 90 89 88 86 85 82 80 68
 5 -57 6 86 84 82 78 71 66
 10 -22 6 86 84 81 80 69 68
 6 -30 5 85 84 70 69 68
 2 -48 5 87 85 72 71 69
 9 -2 5 90 85 83 82 72
 8 -3 5 91 82 78 73 69
 7 -72 5 90 87 83 81 80
 5 -53 4 88 87 80 69
 5 -74 4 90 88 79 78
 2 -35 3 84 82 68
 7 -29 3 89 84 68
 2 -49 2 79 68
 1 -3 2 83 79
 10 -55 2 82 80
 2 -92 1 78
 6 -53 1 79
 5 -83 1 81
 8 -68 1 80
 4 -12 1 78
 4 -19 1 79
 9 -50 1 85
 8 -48 1 79
 5 -47 1 78
 6 -7 1 89
 5 -45 1 92
 8 -86 1 92
 9 -96 1 92
 2 -81 1 92
 2 -30 1 92
 1 -19 1 92
 8 -51 1 92
 10 -12 1 92
 9 -27 1 92
 10 -46 1 92
 5 -5 1 92
 4 -42 1 92
 3 -22 1 92
 2 -14 1 92
 0 21135 0
