92
 0 -65 12 2 3 4 5 6 8 9 12 14 15 20 22
 5 -21 5 23 13 11 10 7
 8 -16 9 35 30 28 26 25 18 17 16 10
 5 -12 6 40 35 30 28 25 10
 8 -23 5 33 31 30 17 16
 5 0 4 29 24 17 13
 8 -77 8 40 38 35 33 30 28 21 17
 5 -59 7 39 33 32 31 30 28 17
 5 -47 6 39 32 28 26 19 17
 6 -55 6 63 47 37 33 29 19
 6 -80 6 47 33 30 28 27 21
 2 -45 5 39 30 28 27 19
 6 -41 13 50 48 47 46 45 42 40 39 38 34 33 32 30
 8 -10 4 38 37 32 17
 4 -4 9 63 43 40 38 36 35 34 30 27
 1 -15 9 50 46 44 43 41 40 34 32 29
 9 -68 8 63 48 47 45 43 36 34 27
 2 -58 8 63 50 47 46 45 44 41 29
 3 -26 7 50 48 46 44 36 34 31
 8 -67 11 56 52 48 45 43 41 40 39 36 35 34
 5 -49 12 63 56 53 52 49 46 45 44 41 39 37 36
 8 -75 12 63 58 56 53 52 50 46 45 44 43 41 39
 3 -25 9 63 55 53 50 45 44 42 39 38
 9 -96 8 57 53 50 47 46 41 39 38
 5 -74 5 56 48 47 34 33
 5 -95 7 55 49 47 45 44 38 37
 5 -25 11 58 57 56 54 53 52 51 50 46 44 41
 8 -23 9 63 56 55 52 51 49 48 42 34
 4 -35 8 61 56 53 52 49 48 39 36
 10 -68 8 58 56 55 54 53 52 44 37
 6 -9 7 72 55 53 49 45 43 38
 4 -83 12 72 68 66 65 63 61 59 57 56 53 52 49
 3 -75 6 57 54 53 52 43 41
 8 -33 13 73 72 71 68 67 66 65 62 61 60 57 54 53
 7 -38 8 74 72 68 65 61 55 53 49
 3 -66 5 72 66 55 54 42
 10 -80 10 81 74 73 72 71 66 65 61 59 51
 6 -69 9 81 68 67 66 61 60 56 54 52
 1 -34 10 91 81 80 74 73 71 66 65 54 51
 5 -81 8 72 65 62 60 59 55 54 53
 10 -66 11 80 78 74 72 68 67 66 64 62 59 55
 4 -59 11 91 80 79 78 71 67 64 62 60 58 57
 10 -16 7 91 80 74 73 71 66 51
 2 -11 12 81 80 78 77 74 72 71 67 66 64 62 59
 1 -97 11 91 80 79 78 73 68 67 64 62 60 57
 5 -50 11 91 81 80 78 73 68 67 66 65 64 60
 7 -14 11 81 80 78 77 75 72 67 65 64 62 58
 2 -7 11 91 80 78 75 73 72 71 68 66 65 64
 10 -76 9 81 80 73 71 67 64 62 60 54
 10 -8 10 90 80 79 73 71 70 68 67 64 61
 8 -32 6 79 78 68 67 64 60
 6 -49 6 90 80 78 74 64 62
 1 -8 5 81 80 75 70 64
 3 -66 10 89 88 87 86 78 77 76 75 70 69
 6 -96 8 90 88 87 85 83 79 73 71
 3 -41 8 88 87 86 79 76 75 73 69
 7 -19 8 89 88 87 86 85 77 74 69
 3 -64 6 90 88 86 76 69 68
 10 -39 7 91 90 89 86 85 75 69
 1 -91 6 90 88 87 83 75 70
 4 -93 7 91 88 87 86 83 77 75
 4 -78 6 88 87 86 83 82 70
 2 -18 6 89 86 84 83 76 75
 4 -26 5 89 88 86 76 69
 10 -32 5 89 86 83 82 79
 9 -58 4 90 84 83 82
 9 -23 3 83 82 76
 8 -28 3 87 83 82
 5 -44 2 84 83
 5 -84 2 85 84
 1 -18 2 89 86
 10 -76 2 87 84
 9 -69 1 77
 4 -21 1 75
 2 -93 1 82
 4 0 1 85
 7 -82 1 82
 1 -66 1 82
 3 -81 1 84
 9 -85 1 87
 3 -84 1 82
 2 -40 1 92
 4 -26 1 92
 9 -85 1 92
 3 -42 1 92
 7 -88 1 92
 7 -99 1 92
 9 -40 1 92
 3 -16 1 92
 5 -75 1 92
 4 -80 1 92
 0 22905 0
