92
 0 -41 17 2 3 4 5 7 9 10 11 12 13 14 15 18 19 20 26 28
 5 -62 8 46 39 33 30 24 23 8 6
 1 -80 10 45 38 37 35 27 24 23 22 16 8
 10 -2 7 45 35 29 25 24 23 8
 6 -4 17 73 58 53 51 49 47 46 44 43 41 40 39 38 35 34 31 30
 4 -80 11 64 56 51 49 44 43 41 37 35 29 17
 3 -85 15 73 72 64 51 48 46 44 43 42 41 39 36 35 34 24
 10 -58 12 73 64 55 53 51 50 43 42 41 34 32 21
 3 -77 13 60 51 49 48 47 45 44 43 42 39 38 33 30
 9 -36 16 73 72 64 59 54 53 50 49 48 47 44 43 41 36 34 27
 2 -27 13 70 63 58 56 51 50 49 47 43 42 40 32 29
 3 -65 12 73 64 59 58 49 48 47 40 39 37 36 34
 9 0 14 69 65 61 59 56 54 53 52 49 48 47 46 35 33
 10 -10 12 91 72 63 62 59 55 54 53 48 47 46 27
 5 -31 11 73 72 63 59 58 53 47 40 39 35 31
 10 -35 18 91 90 72 70 69 64 63 61 60 59 58 56 54 53 52 49 43 40
 7 -26 10 91 72 63 53 50 48 47 45 42 27
 2 -23 10 71 61 60 57 53 50 48 42 41 30
 7 -84 17 90 87 70 65 64 63 62 61 59 56 55 54 53 52 51 49 47
 10 -89 15 87 73 72 71 70 64 62 60 59 58 57 55 54 53 36
 8 -52 13 90 87 70 69 62 60 58 54 52 49 47 44 36
 9 -28 11 88 71 64 63 61 60 52 50 47 43 33
 5 -16 11 88 70 64 59 55 52 51 48 47 44 43
 7 -5 14 91 90 87 84 71 70 69 62 61 58 56 55 50 47
 6 -62 12 89 88 85 72 69 65 64 63 61 55 48 41
 9 -29 13 89 86 84 80 79 65 63 62 61 59 56 51 48
 1 -58 15 90 87 85 83 82 81 71 70 69 65 61 60 58 57 52
 3 -31 16 90 88 87 85 84 82 81 72 70 69 68 67 65 62 59 47
 3 -18 14 91 90 88 87 85 80 77 73 72 71 67 62 57 55
 1 -51 13 91 90 88 87 85 83 69 67 64 63 59 55 54
 2 -14 13 91 89 88 87 84 80 76 69 68 61 55 54 50
 1 -81 10 91 88 77 72 71 62 61 60 52 48
 2 -98 11 91 87 85 84 75 73 72 70 66 58 55
 7 -94 13 85 84 83 82 81 80 79 70 69 68 61 60 57
 5 -38 14 91 89 88 87 86 85 84 81 80 79 71 70 68 57
 1 -31 11 91 86 83 81 80 79 75 68 63 61 56
 5 -63 10 90 89 85 82 80 72 70 61 57 54
 1 -79 8 90 86 84 72 61 57 56 54
 3 -53 11 91 86 85 84 82 80 69 68 62 57 54
 7 -31 13 89 88 87 86 83 81 80 79 71 67 66 65 62
 6 -57 5 83 81 68 62 52
 4 -97 5 88 85 68 59 52
 9 -12 9 87 86 84 82 81 75 67 66 65
 7 -47 7 86 85 84 83 66 65 63
 2 -71 8 87 82 80 76 75 74 70 68
 8 -97 7 88 82 80 79 75 68 66
 8 -53 4 89 79 77 57
 4 -89 7 90 87 83 81 76 75 66
 9 -73 7 85 82 80 79 76 75 66
 7 -6 6 83 82 77 75 67 66
 9 -49 5 83 82 74 71 69
 3 -16 5 84 80 79 75 66
 9 -1 5 86 81 80 74 68
 2 -65 5 81 79 77 75 74
 6 -41 5 86 82 81 78 74
 8 -82 5 88 85 78 76 74
 10 -99 4 78 76 75 66
 10 -87 4 80 76 74 68
 8 -28 4 77 76 75 74
 2 -2 3 89 75 67
 5 -63 2 67 66
 6 -14 3 76 75 74
 7 -17 3 82 76 74
 10 -11 3 84 80 77
 10 -64 2 78 76
 3 -1 1 74
 9 -72 1 78
 5 -31 1 77
 1 -29 1 77
 8 -64 1 78
 10 -58 1 75
 1 -2 1 83
 8 -5 1 79
 6 -46 1 92
 8 -74 1 92
 9 -40 1 92
 4 -38 1 92
 7 -96 1 92
 1 -6 1 92
 7 -60 1 92
 6 -82 1 92
 1 -84 1 92
 10 -5 1 92
 10 -49 1 92
 7 -16 1 92
 2 -47 1 92
 6 -40 1 92
 5 -68 1 92
 5 -62 1 92
 10 -65 1 92
 3 -49 1 92
 0 21385 0
