92
 0 -8 8 2 3 4 5 6 7 8 9
 7 -52 8 21 20 18 17 16 15 14 12
 5 -21 5 17 15 14 12 10
 4 -10 7 26 21 20 18 17 14 12
 10 -6 5 20 18 17 13 12
 8 -33 5 20 17 15 13 11
 8 -69 5 21 20 17 15 11
 10 -26 5 25 21 20 17 15
 2 -68 6 25 22 21 20 18 16
 8 -29 5 23 21 20 19 16
 9 0 3 23 19 16
 8 -4 6 38 34 25 23 22 19
 5 -47 6 36 28 27 26 24 21
 4 -64 5 38 34 30 25 19
 8 -64 6 38 33 28 26 23 22
 9 -20 7 40 38 36 33 32 26 24
 7 -21 3 38 30 19
 3 -81 7 40 38 33 32 28 27 23
 3 -36 7 40 36 33 32 29 28 27
 10 -92 4 40 38 29 24
 3 -94 5 40 39 35 33 32
 3 -60 2 30 27
 6 -97 4 46 45 36 29
 9 -57 4 45 35 31 30
 2 -43 4 39 35 32 31
 8 -14 3 34 31 29
 8 -55 4 45 39 35 31
 5 -9 4 45 44 39 31
 7 -81 5 49 42 39 37 35
 6 -80 5 49 44 42 39 37
 10 -71 4 46 42 41 37
 6 -90 4 46 45 42 37
 10 -66 4 46 42 41 37
 8 -26 4 50 46 42 39
 2 -16 4 63 44 43 41
 9 -65 2 42 37
 8 -52 5 63 50 48 47 43
 7 -94 5 63 49 48 45 43
 2 -32 3 63 43 41
 2 -21 3 50 48 42
 1 -24 3 51 48 47
 3 -44 5 63 60 57 51 47
 9 -35 5 64 61 57 52 51
 10 -74 4 57 53 52 50
 8 -80 5 64 57 56 53 52
 2 -43 4 60 59 57 49
 10 -60 7 67 64 62 61 59 56 53
 9 -19 3 57 54 52
 1 -10 4 67 62 56 53
 7 -47 4 67 61 56 54
 7 -36 3 67 62 53
 4 -89 5 66 62 60 59 55
 6 -46 1 54
 4 -17 2 66 55
 1 -91 5 71 69 68 65 58
 7 -24 7 82 73 72 70 69 68 66
 9 -86 4 74 72 71 69
 7 -6 5 82 80 76 72 70
 3 -44 7 82 80 77 76 75 74 73
 3 -72 4 76 74 73 69
 3 -40 4 74 73 69 68
 6 -78 2 71 69
 1 -90 6 80 77 76 75 74 73
 7 -81 3 80 75 71
 10 -35 5 91 80 79 76 75
 2 -39 4 91 80 76 75
 9 -16 3 80 76 73
 8 -11 8 91 89 88 87 81 79 78 77
 7 -100 4 91 80 77 75
 2 -42 4 88 81 77 74
 5 -59 2 76 73
 9 -30 5 91 90 89 88 75
 3 -71 7 91 89 88 87 85 79 78
 10 -35 5 89 87 85 79 78
 4 -22 5 87 86 85 81 78
 7 -94 4 90 89 85 83
 7 -10 3 90 85 84
 1 -79 2 84 83
 9 -97 2 86 84
 2 -32 2 88 84
 5 -36 1 83
 2 -11 1 83
 7 -15 1 92
 5 -41 1 92
 8 -5 1 92
 2 -13 1 92
 5 -36 1 92
 5 -51 1 92
 6 -69 1 92
 2 -26 1 92
 9 -44 1 92
 0 21145 0
