92
 0 -87 11 2 3 4 5 6 7 8 11 12 13 14
 4 -42 6 22 21 20 18 16 9
 4 -68 8 28 22 21 20 19 17 16 15
 5 -33 5 22 21 17 15 10
 7 -31 8 28 26 22 21 20 19 17 15
 9 -59 6 28 22 21 19 17 16
 7 -25 7 26 24 22 21 20 19 15
 5 -80 6 28 26 25 21 19 17
 9 -5 7 36 29 28 26 25 19 17
 9 -71 5 29 28 24 19 18
 2 -87 6 36 29 26 25 19 17
 5 -85 5 28 26 20 19 17
 7 -81 4 26 25 21 17
 8 -8 5 29 26 25 19 17
 4 -93 5 36 31 30 29 23
 6 -44 5 30 26 25 24 23
 9 -51 5 34 31 30 24 23
 6 -15 5 36 31 27 26 25
 9 -48 4 34 31 30 23
 6 -63 4 36 31 30 23
 4 -94 5 36 35 32 29 27
 9 -41 5 38 32 31 29 25
 1 -12 3 35 32 27
 3 -96 3 35 33 32
 9 -52 4 43 39 35 33
 4 -71 3 39 34 33
 7 -23 5 47 43 39 38 33
 9 -37 5 47 43 39 38 33
 8 -89 2 34 33
 1 -99 6 45 41 40 39 38 37
 5 -51 4 43 40 39 35
 4 -60 6 49 45 43 41 40 39
 1 -22 5 46 45 42 40 37
 6 -68 5 48 45 43 42 41
 9 -1 4 54 49 45 41
 8 -36 6 58 54 48 46 44 42
 7 -36 7 54 53 52 51 49 48 44
 7 0 5 58 54 48 44 42
 5 -42 4 58 48 44 42
 4 -67 6 58 54 53 52 51 44
 3 -24 6 55 52 51 50 47 46
 10 -33 5 55 53 52 51 50
 2 -72 4 58 57 55 51
 1 -86 4 64 56 55 50
 9 -92 4 64 61 56 50
 3 -13 6 67 63 61 60 59 53
 7 -61 5 67 60 59 58 53
 7 -88 6 65 63 61 60 56 55
 9 -65 7 67 65 64 61 60 59 58
 7 -99 7 67 65 63 62 60 59 57
 6 -8 5 65 64 61 60 56
 7 -11 5 64 63 60 57 56
 1 -83 4 65 64 62 57
 4 -17 6 74 72 68 67 65 63
 7 -1 4 68 66 62 59
 3 -97 5 71 68 67 66 62
 10 -85 9 80 76 74 73 71 70 69 68 66
 2 -16 6 76 74 73 72 68 63
 10 -53 7 80 78 74 72 71 70 69
 10 -74 6 80 78 76 71 70 69
 2 -33 4 76 74 70 66
 10 -97 5 76 74 73 72 70
 5 -69 5 80 78 71 70 69
 8 -4 5 80 76 74 70 69
 3 -25 5 80 77 76 73 70
 8 -81 5 91 79 78 75 72
 10 -43 5 91 90 88 80 73
 5 -28 8 91 87 86 85 84 82 81 75
 5 -39 7 91 89 88 85 84 81 77
 7 0 5 91 85 81 79 75
 10 -43 5 90 85 84 83 77
 5 -8 4 85 84 81 77
 10 -42 4 87 85 81 79
 2 -4 4 89 86 82 81
 2 -39 4 90 89 88 83
 1 -35 2 88 79
 7 -60 3 87 86 82
 1 -6 2 87 81
 6 -36 2 84 82
 8 -53 2 86 85
 8 -44 1 83
 1 -39 1 92
 1 -4 1 92
 9 -17 1 92
 6 -93 1 92
 3 -15 1 92
 10 -47 1 92
 4 -77 1 92
 10 -8 1 92
 2 -82 1 92
 8 -99 1 92
 0 22105 0
