92
 0 -81 15 2 3 4 5 6 7 8 9 10 11 12 13 16 17 22
 2 -36 11 45 42 40 33 32 27 26 25 23 20 19
 8 -8 6 35 24 20 19 18 14
 4 -46 9 42 40 35 32 29 26 20 18 15
 6 -1 10 53 42 40 32 31 29 27 25 23 18
 5 -62 9 53 40 35 32 31 29 27 25 18
 6 -76 11 45 42 40 39 38 36 35 33 32 27 20
 4 -1 8 45 42 38 35 32 26 25 15
 2 -63 9 45 42 40 38 35 33 26 25 20
 8 -37 7 41 39 38 37 32 21 20
 4 -56 10 53 42 39 38 37 33 31 29 28 26
 7 -93 11 51 48 45 42 39 38 35 33 31 28 25
 1 -95 10 53 51 42 41 40 39 38 33 28 25
 7 -18 10 53 51 45 42 41 40 39 32 31 25
 5 -93 8 67 53 39 36 33 31 30 27
 7 -43 7 48 45 42 39 33 28 25
 7 -66 12 61 55 53 51 49 45 42 41 37 36 34 33
 3 -40 9 67 51 46 45 39 38 36 33 28
 8 -24 9 58 55 52 47 39 38 37 34 29
 5 -84 8 67 53 52 51 48 31 30 28
 6 -42 9 65 55 53 51 48 46 42 36 33
 1 -22 8 67 62 55 52 51 39 38 30
 9 -80 7 67 51 49 41 37 35 34
 6 -30 9 61 51 46 45 44 39 37 36 32
 2 -7 6 67 55 47 37 36 30
 10 -12 5 49 47 41 36 30
 3 -17 8 65 61 56 55 51 49 41 37
 2 -53 7 61 58 55 54 49 47 34
 9 -67 11 91 67 62 61 56 54 51 50 49 48 46
 3 -59 4 61 58 46 34
 7 -37 3 55 47 34
 1 -81 8 67 65 62 57 54 52 50 43
 9 -18 7 77 69 64 54 52 47 44
 8 -70 6 69 65 64 50 44 43
 8 -42 7 65 62 61 57 55 50 43
 4 -97 6 69 57 56 54 50 43
 6 -41 9 91 77 68 64 62 60 57 54 50
 6 -81 4 64 50 49 43
 9 -61 5 69 64 57 54 43
 4 -66 10 91 77 76 72 68 67 62 60 57 54
 5 -7 8 76 72 69 64 62 58 54 48
 10 -48 12 91 89 88 77 72 70 69 67 64 60 59 58
 5 -52 11 91 90 89 88 77 76 75 70 68 63 60
 5 -26 6 91 86 74 59 57 56
 5 -45 7 75 74 69 68 64 59 57
 2 -31 9 90 89 88 77 74 72 71 68 59
 7 -78 6 89 88 86 68 62 60
 6 -15 8 90 89 88 87 86 70 68 60
 3 -25 5 90 74 68 59 57
 10 -27 9 90 89 88 83 76 72 70 66 63
 5 -61 6 89 86 76 70 64 60
 4 -84 6 89 76 75 74 72 59
 5 -76 11 90 89 88 86 85 83 77 74 73 68 66
 9 -4 5 88 86 75 70 59
 6 -69 5 89 88 76 70 59
 6 -64 8 90 88 87 84 76 75 73 68
 2 -52 7 89 88 85 84 82 71 70
 10 -90 7 90 86 85 75 73 71 68
 3 -56 6 87 85 83 78 73 66
 8 -65 4 85 74 71 66
 8 -60 5 88 83 78 73 66
 7 -25 5 90 87 82 78 70
 4 -12 7 87 86 85 84 82 81 79
 3 -18 5 85 82 80 78 73
 6 -64 3 80 73 71
 7 -87 5 84 82 81 80 79
 2 -33 5 90 82 80 79 78
 1 -35 4 82 81 80 79
 3 -83 4 86 80 79 78
 7 -20 2 80 73
 2 -21 3 83 81 78
 4 0 3 86 82 78
 3 -6 2 81 79
 5 -96 1 78
 3 -7 1 80
 3 -11 1 78
 2 -41 1 78
 8 -58 1 92
 10 -92 1 92
 1 -86 1 92
 1 -58 1 92
 1 -92 1 92
 1 -51 1 92
 9 -35 1 92
 7 -46 1 92
 1 -94 1 92
 2 -17 1 92
 7 -60 1 92
 8 -22 1 92
 7 -24 1 92
 8 -8 1 92
 0 21715 0
