92
 0 -60 6 2 3 4 5 7 9
 8 -27 5 15 14 13 10 6
 1 -71 5 18 17 15 14 11
 7 -29 4 19 15 11 8
 9 -10 2 16 11
 9 -54 5 25 23 18 17 12
 8 -55 5 26 25 18 17 16
 3 -62 6 26 25 24 22 21 20
 7 -55 6 26 25 24 23 21 20
 6 -93 5 26 25 21 20 17
 9 -86 2 25 12
 6 -92 4 26 24 22 20
 5 -6 4 25 24 22 20
 5 -67 6 41 30 29 27 26 21
 10 -74 4 30 26 23 22
 9 -73 4 30 27 23 21
 6 -73 5 34 31 30 27 22
 7 -54 2 29 20
 8 -72 6 41 34 33 31 29 27
 9 -88 7 41 34 33 32 31 30 28
 1 -21 7 36 35 34 33 32 31 28
 9 -73 6 41 35 33 32 29 28
 6 -3 5 41 33 32 31 29
 8 -69 4 34 32 31 27
 5 -89 4 36 32 31 28
 4 -67 4 48 42 34 31
 8 -74 4 48 38 37 35
 4 -20 5 48 46 42 38 37
 6 -86 5 47 46 43 39 36
 10 -14 5 48 46 42 38 37
 9 -72 3 46 40 37
 7 -7 3 46 40 37
 10 -57 3 46 40 37
 7 -72 4 47 43 40 39
 1 -32 7 56 49 47 46 44 43 42
 5 -94 5 50 48 44 42 40
 4 -41 7 56 51 50 47 45 44 43
 5 -95 6 56 55 50 47 45 40
 6 -92 7 56 54 53 51 50 45 44
 8 -69 7 60 59 57 53 52 51 49
 1 -100 6 59 56 53 52 51 45
 8 -92 5 59 54 52 51 45
 1 -18 6 61 60 57 55 54 53
 3 -8 5 60 59 57 55 52
 5 -73 4 63 61 60 57
 8 -44 4 64 61 58 57
 10 -95 3 60 58 57
 5 -86 3 60 58 57
 5 -59 4 65 64 61 54
 1 -74 3 63 60 57
 7 -55 4 70 65 64 58
 10 -68 5 70 66 65 64 62
 10 -56 4 67 66 65 63
 5 -93 2 70 58
 4 -66 4 66 64 63 62
 4 -99 5 73 70 65 63 62
 8 -40 3 67 66 65
 1 -16 3 66 63 62
 4 -5 5 79 75 73 70 64
 5 -77 3 73 64 62
 5 -8 8 81 80 79 76 75 72 71 68
 7 -96 6 81 79 76 75 72 68
 2 -95 5 81 76 75 72 68
 3 -50 5 81 80 76 72 68
 6 -34 7 81 80 79 78 75 74 72
 8 -69 6 81 80 75 73 72 71
 3 -55 6 81 76 75 73 70 69
 9 -57 2 78 69
 7 -46 6 91 90 87 86 85 74
 9 -60 6 91 90 87 86 85 74
 9 -15 2 86 74
 7 -32 4 87 86 85 77
 5 -22 4 87 86 85 77
 4 -11 3 89 88 77
 7 -37 5 91 85 84 83 82
 8 -55 4 87 85 84 83
 6 -54 3 84 83 82
 7 -43 3 88 85 83
 10 -24 3 87 85 82
 8 -37 2 90 82
 1 -13 1 86
 10 -15 1 92
 3 -19 1 92
 8 -45 1 92
 7 -26 1 92
 6 -77 1 92
 6 -71 1 92
 7 -43 1 92
 5 -13 1 92
 4 -64 1 92
 1 -85 1 92
 0 24715 0
