82
 0 -45 21 2 3 4 5 6 7 8 9 10 11 12 13 14 15 16 17 19 21 22 25 30
 2 -34 15 50 49 45 43 40 39 38 35 33 32 31 28 26 24 23
 2 -17 15 55 47 45 43 42 41 40 39 38 35 32 31 29 28 27
 9 -33 14 81 55 49 45 43 42 41 40 39 37 36 34 29 27
 1 -77 9 55 49 47 42 39 35 31 27 18
 6 -53 13 55 54 51 49 48 43 42 41 40 36 35 33 31
 7 -67 12 57 55 45 40 39 36 35 32 31 29 28 27
 3 -24 10 57 50 47 45 43 40 32 31 27 23
 7 -4 10 56 50 42 40 39 37 36 33 29 20
 7 -57 6 51 40 33 32 31 23
 1 -75 11 62 61 57 55 51 47 40 39 36 35 28
 2 -62 9 52 51 48 43 42 40 34 31 29
 6 -81 11 62 61 57 55 54 47 45 39 36 35 32
 5 -12 8 80 55 47 40 39 38 29 27
 8 -44 11 78 62 61 58 56 55 54 53 39 34 32
 3 -48 9 80 55 54 52 47 42 40 39 31
 6 -56 8 58 57 54 52 47 39 35 31
 4 -31 8 81 79 51 48 43 40 36 29
 4 -87 15 80 78 76 73 61 60 59 56 51 50 48 46 45 44 40
 6 -32 14 80 79 77 62 60 58 57 54 53 52 48 45 44 43
 2 -28 14 81 80 79 78 76 62 61 59 54 53 52 47 46 40
 1 -80 10 78 77 62 59 56 53 51 46 40 34
 1 -94 7 81 80 55 54 52 48 29
 2 -46 10 81 79 78 73 61 57 54 51 48 36
 2 -46 11 81 80 78 71 61 57 54 52 51 47 46
 4 -63 11 80 79 77 70 62 59 57 53 52 48 46
 9 -50 11 77 76 74 73 61 59 56 54 52 51 46
 6 -13 12 80 76 75 73 72 60 59 58 56 54 53 44
 5 -63 9 78 77 76 72 62 59 53 46 44
 4 -81 10 80 76 75 73 60 58 56 53 48 44
 10 -53 9 81 77 76 75 71 61 60 56 44
 2 -36 7 81 80 75 73 59 52 44
 3 -6 9 79 78 77 76 71 68 62 53 47
 7 -36 5 80 76 71 47 44
 7 -34 12 80 78 77 74 73 70 68 66 65 63 59 53
 2 0 6 77 70 67 59 52 46
 4 -98 12 77 75 72 70 69 66 65 64 63 61 59 58
 8 -65 11 79 76 75 74 73 70 69 67 65 63 52
 3 -45 7 79 74 70 68 63 59 48
 5 -20 9 75 74 70 67 66 65 64 63 58
 3 -23 9 79 74 73 70 69 68 65 64 59
 4 -33 8 79 78 73 68 67 66 64 57
 4 -3 8 76 74 73 71 70 65 63 61
 8 -36 8 74 70 69 68 67 66 65 63
 2 -17 8 75 72 71 69 67 66 64 63
 10 -69 7 75 69 66 65 64 63 58
 6 -7 6 73 72 69 66 63 60
 9 -23 6 72 71 67 66 65 64
 6 -14 6 77 74 73 65 64 63
 4 -39 5 79 77 68 67 65
 10 -65 3 65 63 58
 2 -97 3 72 66 64
 8 -75 3 69 67 64
 6 -64 3 70 65 63
 7 -64 3 77 72 66
 5 -93 2 68 63
 4 -39 2 76 63
 6 -32 1 68
 10 -28 1 71
 4 -30 1 64
 3 -62 1 67
 1 -73 1 73
 5 -34 1 82
 8 -49 1 82
 2 -45 1 82
 4 -20 1 82
 9 -44 1 82
 5 -3 1 82
 4 -6 1 82
 6 -10 1 82
 4 -42 1 82
 8 -34 1 82
 3 -99 1 82
 5 -59 1 82
 9 -48 1 82
 5 -95 1 82
 8 -39 1 82
 6 -67 1 82
 10 -42 1 82
 5 -47 1 82
 10 -22 1 82
 0 18435 0
