92
 0 -94 15 2 3 4 5 6 7 8 9 10 11 13 14 15 16 18
 10 -37 7 38 34 26 25 23 21 12
 10 -3 6 38 34 32 26 22 12
 10 -93 6 35 30 29 26 25 17
 4 -52 8 42 38 35 34 32 30 27 26
 7 -66 8 40 38 34 33 32 29 23 20
 2 -88 7 37 33 32 31 28 24 20
 1 -55 6 47 34 33 30 20 19
 6 -27 7 36 35 34 30 29 27 23
 8 -84 7 42 34 33 32 30 27 25
 5 -24 7 51 40 39 38 35 32 22
 9 -96 4 47 33 30 20
 6 -10 8 51 42 37 36 34 33 32 24
 7 -60 5 40 37 34 32 20
 2 -70 9 51 47 42 40 39 37 36 33 32
 7 -48 8 51 47 43 42 37 36 34 24
 8 -72 9 51 48 45 42 40 38 36 34 33
 7 -22 6 51 47 39 36 33 32
 4 -62 7 66 54 51 41 40 37 32
 3 -25 7 51 48 46 42 41 36 35
 2 -5 8 51 46 45 42 41 40 39 36
 8 0 5 48 47 42 36 33
 7 -63 10 58 54 50 48 46 44 43 42 41 37
 3 -92 9 66 56 54 48 46 45 41 40 39
 7 -93 9 51 50 48 47 46 44 41 40 37
 6 -38 4 56 47 36 33
 1 -52 10 75 66 51 48 47 46 45 43 41 39
 1 -45 10 75 66 59 56 54 52 51 47 41 39
 9 -75 9 54 53 52 50 48 47 46 42 39
 9 -6 8 56 53 50 49 43 40 39 37
 1 -82 5 75 57 50 41 35
 9 -5 8 56 53 50 49 48 45 44 43
 7 -78 7 66 59 54 50 46 44 41
 1 -44 5 59 56 52 49 39
 9 -45 8 66 59 58 56 55 54 49 44
 7 -4 10 91 75 69 66 65 58 57 55 52 50
 9 -14 7 75 73 63 62 61 57 45
 4 -7 6 75 73 65 57 56 47
 4 -47 5 73 58 57 55 44
 2 -83 8 91 75 68 65 58 57 55 52
 7 -23 7 73 72 61 60 55 53 49
 10 -92 13 91 90 78 75 73 72 71 69 66 62 61 60 59
 1 -2 7 69 64 63 61 59 57 55
 5 -51 9 91 72 70 69 68 67 65 61 60
 10 -25 8 91 87 74 72 65 64 59 55
 4 -50 9 91 90 88 74 73 72 65 61 55
 6 -90 8 89 77 72 71 68 63 62 61
 4 -7 7 90 73 72 69 62 61 60
 4 -17 5 89 71 64 63 62
 8 -87 7 89 79 73 72 71 68 60
 10 -71 8 91 90 87 83 77 72 69 65
 6 -42 6 79 78 77 71 67 62
 7 -94 6 89 87 85 78 64 62
 10 -77 8 87 85 83 77 76 74 73 68
 6 -58 5 83 79 77 71 67
 2 -11 8 91 90 87 83 82 81 76 67
 10 -66 8 89 87 85 84 83 79 78 74
 5 -37 3 90 88 61
 6 -59 3 76 70 67
 2 -88 7 87 86 85 83 81 77 76
 4 -52 6 87 85 83 82 79 76
 8 -100 4 84 82 76 70
 5 -52 6 91 90 87 86 82 78
 10 -75 5 90 84 83 81 77
 4 -21 3 82 78 71
 5 -94 3 87 77 76
 6 -86 4 89 86 84 80
 1 -18 4 90 88 84 80
 6 -39 4 89 88 85 84
 5 -76 3 88 83 81
 10 -26 2 85 76
 4 -83 2 86 80
 6 -47 2 86 81
 4 -45 2 82 81
 6 -74 2 86 81
 9 -98 1 80
 1 -23 1 82
 3 -64 1 80
 6 -40 1 81
 6 -56 1 92
 4 -83 1 92
 8 -89 1 92
 2 -35 1 92
 1 -51 1 92
 6 -6 1 92
 7 -89 1 92
 7 -65 1 92
 4 -53 1 92
 5 0 1 92
 7 -59 1 92
 6 -56 1 92
 0 23840 0
