92
 0 -30 9 2 3 5 6 7 9 10 12 13
 1 -68 4 30 23 16 4
 10 -15 11 37 29 28 27 25 23 20 18 17 14 11
 10 -40 8 29 28 27 22 21 20 14 8
 4 -69 12 43 39 38 37 33 28 27 25 23 18 17 16
 2 -38 10 39 37 32 29 27 26 23 21 19 15
 5 -93 10 41 38 37 35 33 29 28 27 20 18
 1 -96 9 48 41 38 37 35 33 25 17 15
 5 -13 11 48 43 42 41 37 36 34 33 27 22 17
 2 -5 8 41 38 36 31 30 29 27 23
 10 -85 5 41 38 35 21 15
 8 -53 10 51 44 43 42 40 39 36 33 31 23
 2 -42 6 41 39 29 28 26 20
 8 -99 8 51 43 39 38 35 31 26 24
 6 -26 8 46 45 44 43 42 40 34 31
 4 -76 8 52 51 48 44 42 36 32 26
 9 -5 7 54 53 51 46 40 32 31
 7 -34 6 52 48 47 44 42 26
 2 -73 7 54 53 48 46 40 35 31
 7 -30 6 53 51 45 43 36 31
 3 -79 5 66 53 48 36 31
 3 -41 10 66 56 55 54 53 52 50 47 44 40
 4 -79 9 66 64 54 53 52 48 46 45 35
 2 -85 9 58 56 54 52 50 48 44 42 40
 9 -70 11 70 68 66 64 55 54 53 51 49 47 46
 3 -58 8 66 56 55 54 53 50 46 40
 10 -4 10 68 59 57 56 55 54 53 52 51 44
 8 -16 10 68 66 58 56 54 52 50 49 48 46
 7 -72 6 56 55 53 50 47 40
 5 -10 6 58 56 54 50 42 40
 2 -67 9 69 68 64 59 56 52 50 49 47
 6 -64 9 69 66 64 57 56 55 50 49 45
 5 -67 9 70 68 66 58 56 54 52 49 46
 1 -39 9 68 62 59 57 55 53 51 50 49
 8 -19 8 69 68 65 63 59 56 55 47
 3 -31 7 68 67 62 58 56 54 46
 2 -90 9 69 66 65 60 59 58 56 55 50
 8 -94 8 68 66 62 59 58 57 56 49
 2 -89 9 69 68 67 66 63 58 57 56 54
 5 -83 8 70 69 68 64 62 61 59 49
 10 -25 6 68 62 59 57 56 49
 10 -5 10 91 89 75 68 67 66 65 62 61 57
 2 -1 6 69 67 60 59 54 52
 8 -94 5 70 69 61 60 49
 9 -68 12 90 89 76 75 74 70 68 67 63 62 61 58
 1 -81 9 91 89 75 73 69 65 63 59 57
 5 -40 8 91 89 75 67 62 61 58 57
 1 -89 9 91 90 89 86 76 69 65 62 61
 9 -6 10 91 90 89 87 76 75 72 67 65 63
 9 -89 12 91 90 86 85 83 81 76 75 74 73 70 63
 9 -16 7 91 75 69 67 61 60 58
 10 -7 7 89 76 75 73 72 65 62
 9 -38 10 90 89 87 86 84 79 73 72 69 65
 6 -73 9 91 89 84 79 76 75 73 72 65
 3 -49 11 89 88 87 83 81 79 75 73 72 71 67
 3 -14 9 91 89 88 87 86 84 81 74 61
 7 -38 7 87 84 76 74 72 71 60
 10 -50 7 83 82 81 79 73 72 71
 2 0 7 83 82 81 79 77 72 71
 1 -56 8 90 86 83 81 80 79 78 77
 3 -83 5 82 79 73 72 71
 5 -71 7 87 84 83 82 79 78 77
 6 -70 6 84 82 80 79 77 71
 9 -49 6 91 85 81 80 77 75
 4 -23 5 85 83 81 74 71
 10 -35 5 88 86 80 79 71
 6 -54 5 86 85 84 78 77
 3 -5 3 81 79 71
 5 -21 3 85 82 81
 6 -100 3 87 79 77
 4 -12 1 78
 6 -76 1 80
 7 -35 1 77
 8 -6 1 77
 3 -28 1 82
 1 -69 1 88
 9 -76 1 92
 8 -20 1 92
 8 -36 1 92
 10 -35 1 92
 5 -7 1 92
 7 -34 1 92
 6 -66 1 92
 8 -97 1 92
 4 -44 1 92
 1 -58 1 92
 3 -57 1 92
 1 -85 1 92
 9 -44 1 92
 5 -27 1 92
 6 -53 1 92
 0 22310 0
