92
 0 -19 21 2 3 4 5 6 7 8 9 10 11 12 13 14 15 16 17 19 28 29 30 34
 3 -2 10 49 48 46 38 37 32 31 23 22 18
 5 -12 11 53 49 42 41 39 38 32 27 24 22 21
 1 -72 12 59 52 50 47 46 44 39 38 35 33 25 23
 5 -6 12 59 53 50 47 46 45 43 42 38 36 25 22
 4 -12 11 56 53 46 45 42 41 37 35 32 31 22
 6 -95 14 73 59 56 54 53 47 46 44 43 42 41 38 36 25
 8 -92 14 73 66 56 55 54 53 50 47 44 42 41 38 32 24
 1 -42 13 73 66 62 56 54 46 44 43 42 38 33 31 25
 2 -44 9 56 54 44 43 41 40 33 32 20
 5 -29 10 59 57 53 49 48 46 43 36 35 22
 9 -10 11 59 54 53 52 49 47 46 43 42 38 25
 3 -17 10 62 57 56 55 53 52 47 42 35 26
 5 -69 8 61 59 58 44 39 37 33 25
 9 -29 11 65 61 59 58 53 51 47 46 37 36 32
 5 -34 9 73 63 57 52 50 43 42 38 26
 1 -16 13 89 73 72 65 64 63 59 57 54 53 51 42 36
 2 -11 7 71 63 62 52 47 40 27
 5 -62 12 89 73 72 66 64 63 61 59 57 50 46 38
 10 -64 13 91 89 73 72 64 63 61 59 58 55 53 51 36
 10 -60 9 63 62 61 58 57 56 54 44 36
 2 -41 14 91 89 87 73 72 69 66 65 62 58 55 54 52 44
 3 -52 9 91 90 65 62 56 55 43 42 41
 6 -18 8 87 71 70 64 63 57 46 40
 3 -4 7 89 72 70 65 55 51 32
 2 -58 15 90 89 87 85 84 72 71 70 69 68 66 65 64 54 46
 4 -77 11 91 90 88 70 69 68 66 64 61 54 43
 3 -96 12 90 87 84 72 71 70 69 67 63 58 55 46
 10 -24 12 87 84 71 70 69 67 66 65 63 62 58 46
 6 -28 12 90 89 87 86 84 81 67 65 63 62 60 52
 9 -10 10 89 87 84 71 67 64 63 60 59 52
 10 -31 13 88 87 86 85 83 82 81 80 69 64 63 60 57
 9 -11 11 88 87 82 81 71 69 68 65 60 57 51
 2 -17 9 86 85 81 72 70 68 65 53 51
 2 -96 12 88 87 85 82 81 75 70 69 66 63 60 51
 1 -87 11 90 87 84 81 77 71 69 67 66 60 52
 1 -76 6 87 84 71 70 68 43
 8 -25 8 87 81 75 70 69 60 58 51
 1 -36 10 89 88 85 84 78 70 68 66 60 54
 8 -62 5 89 60 59 58 51
 7 -4 13 88 86 85 84 81 79 78 76 75 72 71 68 67
 1 -94 8 84 78 76 75 71 67 61 58
 4 -30 10 89 86 85 81 78 77 75 72 67 60
 7 -93 9 88 86 83 81 77 71 67 64 60
 4 -31 8 84 83 82 79 75 71 68 61
 9 -69 9 88 86 83 82 81 78 77 75 60
 10 -100 9 88 87 86 81 77 76 75 70 69
 2 -88 6 89 81 80 72 69 60
 5 -38 7 84 79 76 74 72 69 67
 8 -95 6 88 84 82 79 71 65
 4 -56 7 84 79 78 77 76 74 67
 4 -72 6 88 85 82 76 75 70
 2 -6 3 87 69 60
 6 -52 4 86 77 75 67
 6 -53 4 83 81 74 68
 4 -65 4 85 79 75 68
 2 -51 4 91 90 84 74
 9 -66 3 86 85 68
 8 -83 3 81 75 69
 10 -13 3 79 76 74
 9 -9 3 87 81 80
 2 -86 3 82 75 74
 1 -65 2 78 68
 2 -18 2 76 75
 1 -77 2 83 75
 8 -55 2 76 74
 3 -7 1 80
 5 -14 1 77
 7 -74 1 78
 8 -93 1 83
 10 -87 1 74
 2 -52 1 82
 4 -49 1 82
 4 -14 1 92
 1 -39 1 92
 9 -89 1 92
 6 -90 1 92
 6 -69 1 92
 9 -8 1 92
 3 -23 1 92
 9 -76 1 92
 4 -67 1 92
 3 -18 1 92
 6 -54 1 92
 5 -71 1 92
 6 -43 1 92
 2 -14 1 92
 3 -72 1 92
 6 -48 1 92
 9 -61 1 92
 2 -8 1 92
 0 21775 0
