92
 0 -38 6 2 3 4 5 6 9
 6 -39 6 19 14 13 11 8 7
 6 -47 8 23 20 19 18 16 14 13 12
 2 -16 7 23 19 18 16 15 12 10
 10 -86 7 26 23 20 17 16 15 14
 2 -52 7 26 25 21 20 18 17 13
 5 -32 5 23 18 16 15 12
 10 -1 7 28 27 26 25 21 20 17
 9 -35 3 25 21 15
 8 -25 5 27 26 25 22 17
 7 -74 4 26 25 23 17
 9 -8 4 28 27 26 17
 3 -80 2 22 15
 6 -6 5 36 28 27 25 21
 1 -51 8 41 36 32 30 29 28 27 24
 8 -71 6 36 32 30 27 25 24
 4 -93 7 41 36 33 32 30 29 24
 4 -68 5 41 40 36 27 22
 7 -81 7 40 39 36 32 30 29 25
 3 -90 9 41 39 37 36 34 33 32 31 29
 8 -28 3 41 31 22
 6 -45 6 37 35 33 32 30 29
 6 -3 6 48 41 40 36 34 27
 10 -13 7 48 40 39 38 37 34 31
 9 -45 5 41 38 34 33 31
 1 -78 5 48 47 38 36 35
 5 -46 3 49 38 31
 6 -38 4 47 45 40 35
 10 -26 6 53 49 48 47 42 38
 10 -93 2 38 34
 7 -66 4 50 47 45 35
 5 -71 6 53 49 47 45 43 42
 7 -64 8 57 55 53 49 48 47 45 44
 4 -11 5 50 47 46 43 42
 7 -32 4 52 46 43 42
 3 -25 7 57 56 55 54 50 46 45
 10 -2 5 57 55 49 47 44
 9 -73 4 50 45 44 43
 4 -44 5 56 53 51 49 43
 5 -70 6 64 63 56 55 51 49
 6 -91 3 51 50 43
 8 -35 3 58 55 44
 8 -77 6 64 63 62 58 57 55
 2 -48 5 64 63 59 56 54
 7 -49 4 64 63 58 51
 4 -57 4 64 58 53 51
 8 -67 3 64 52 51
 4 -3 3 64 52 51
 4 -74 1 50
 8 -76 2 62 52
 4 -13 3 62 60 59
 5 -18 3 73 68 58
 6 -5 3 62 61 59
 3 0 6 73 69 68 66 62 61
 4 -44 2 60 59
 2 -61 5 73 69 66 61 60
 1 -99 5 73 69 68 66 60
 5 -78 4 69 66 61 60
 7 -17 6 73 72 70 69 68 66
 4 -88 2 72 65
 8 -85 2 72 65
 6 -45 2 72 65
 1 -50 2 68 65
 1 -21 5 76 73 72 71 66
 3 -24 4 81 80 75 67
 9 -13 11 91 87 86 85 81 80 79 78 77 75 74
 3 -17 5 78 77 76 71 70
 7 -75 4 84 77 76 71
 7 -14 8 91 86 85 84 79 78 77 74
 5 -27 7 91 87 86 85 84 79 74
 5 -37 6 91 87 86 85 79 74
 4 -14 6 91 83 82 80 79 75
 2 -46 6 91 89 85 84 83 82
 10 -30 3 89 83 82
 1 -92 3 90 89 84
 2 -34 3 91 90 88
 3 -7 2 89 83
 8 -22 2 90 82
 7 -14 2 89 88
 9 -14 2 90 88
 2 -55 2 89 88
 9 -23 1 88
 10 -40 1 88
 4 -84 1 88
 6 -100 1 90
 10 -68 1 88
 7 -39 1 89
 6 -70 1 92
 9 -89 1 92
 7 -77 1 92
 9 -23 1 92
 0 21075 0
