92
 0 -47 14 2 3 4 5 8 9 10 11 12 14 15 16 18 20
 10 -80 8 34 27 23 22 19 17 13 7
 9 -42 6 31 27 23 19 17 6
 8 -84 10 49 45 44 32 31 30 29 26 23 19
 3 -87 13 59 49 46 45 43 42 40 38 37 36 34 32 25
 3 -55 11 51 45 44 43 42 41 37 36 30 29 24
 6 -31 11 51 49 46 44 43 38 35 32 31 28 26
 9 -93 9 46 44 42 41 40 37 31 22 21
 2 -90 7 38 37 36 31 30 29 22
 5 -8 10 51 49 44 43 42 41 35 33 30 26
 9 -94 10 46 44 42 41 40 38 35 32 31 24
 7 -54 9 46 45 43 42 38 36 35 31 24
 9 -88 12 59 51 49 46 44 43 42 41 40 36 35 33
 7 -3 8 45 43 40 38 37 36 32 24
 5 -74 8 49 44 43 41 39 34 32 28
 6 -80 8 51 46 44 43 42 37 35 32
 7 -52 9 59 51 50 44 42 40 37 35 33
 4 -93 9 59 50 46 44 42 41 39 36 33
 3 -33 6 51 50 46 41 40 28
 7 -74 8 61 59 46 45 40 37 35 33
 9 -36 8 59 55 51 48 47 43 38 35
 1 -35 7 68 59 52 51 45 43 33
 5 -23 8 68 55 48 47 46 43 39 38
 2 -62 6 61 59 54 49 39 34
 10 -97 6 61 55 51 48 41 35
 10 -91 5 61 48 40 37 36
 7 -93 5 55 47 43 42 37
 3 -30 6 68 61 59 52 42 33
 10 -9 4 61 59 50 35
 9 -35 4 58 46 40 39
 9 -2 3 68 52 33
 6 -87 3 61 52 33
 2 -32 9 67 63 62 58 55 54 53 48 47
 3 -81 8 67 62 58 55 52 50 48 47
 1 -82 5 68 58 57 54 39
 1 -44 10 68 67 64 63 62 60 58 57 55 47
 2 -53 4 68 57 54 39
 2 -44 10 74 67 66 65 63 62 56 54 53 52
 1 -12 10 70 67 66 65 64 63 62 56 53 52
 4 -63 6 68 67 60 57 55 47
 7 -25 6 68 63 60 57 53 47
 4 -38 10 74 67 66 65 64 63 60 57 56 53
 10 -17 10 91 67 65 64 61 60 58 57 56 50
 4 -96 9 76 74 64 63 61 58 57 56 53
 9 -69 7 74 64 63 60 58 56 53
 4 -56 7 82 67 64 63 60 57 53
 8 -100 10 77 76 74 73 72 71 70 66 65 56
 2 -52 7 72 70 65 64 60 57 56
 4 -59 9 90 82 81 73 70 69 67 63 62
 8 -84 10 90 82 81 80 77 76 75 74 69 63
 3 -21 8 91 82 81 77 73 71 63 58
 1 -95 7 90 82 81 77 72 69 60
 1 -52 10 91 90 89 81 79 75 73 72 71 69
 4 -6 8 86 81 76 75 73 70 69 64
 4 -53 11 91 90 89 88 87 86 85 78 77 76 73
 1 -42 7 90 89 86 82 81 75 69
 1 -69 6 89 86 79 75 73 69
 1 -22 8 89 88 87 86 80 79 78 75
 3 -32 5 86 85 80 79 69
 2 -65 6 89 80 79 78 76 75
 4 -21 6 90 87 86 81 78 73
 2 -17 4 80 78 77 71
 3 -30 7 88 87 86 85 84 79 78
 9 -72 5 89 88 85 78 77
 1 -19 5 86 84 81 78 75
 6 -26 5 89 86 83 82 80
 6 -92 4 87 84 78 75
 6 -55 4 88 85 80 78
 2 -73 4 88 87 84 78
 4 -69 3 85 79 78
 8 -73 3 86 85 83
 2 -45 3 86 85 84
 1 -20 2 83 80
 6 -74 2 89 78
 3 -26 2 85 83
 2 -12 2 84 83
 2 -22 1 79
 8 -66 1 83
 6 -3 1 83
 9 -1 1 84
 9 -25 1 83
 9 -10 1 87
 1 0 1 92
 10 -75 1 92
 8 -14 1 92
 6 -5 1 92
 5 -52 1 92
 7 -68 1 92
 5 -29 1 92
 7 0 1 92
 5 -93 1 92
 0 22565 0
