92
 0 -68 10 2 3 4 5 6 7 9 11 13 14
 4 -34 3 18 10 8
 8 -87 5 22 19 17 16 12
 4 -20 3 19 18 8
 8 -96 5 24 22 20 19 15
 4 -95 4 22 19 18 12
 2 -72 4 23 22 17 12
 4 -47 3 22 17 12
 7 -28 3 23 17 15
 10 -59 3 27 19 17
 3 -40 5 28 26 20 19 18
 6 -6 6 29 28 27 24 21 20
 2 -12 2 23 17
 9 -41 2 27 17
 4 -48 3 28 21 18
 4 -19 3 28 21 18
 1 -8 5 29 28 25 24 21
 3 -95 6 37 33 32 29 27 25
 10 -19 4 37 32 29 23
 9 -9 3 33 32 25
 1 -55 2 32 26
 5 -23 4 37 34 31 30
 10 0 2 34 25
 8 -53 4 43 33 31 30
 1 -97 3 43 31 30
 6 -87 3 37 34 30
 9 -93 3 43 31 30
 1 -79 3 43 35 32
 7 -30 4 40 38 35 34
 1 -68 5 46 42 40 38 35
 7 -13 5 46 42 38 36 35
 6 -41 3 40 36 34
 2 -38 4 45 42 40 36
 7 -75 8 61 55 51 47 46 45 44 42
 10 -68 5 55 53 45 44 39
 6 -53 3 55 48 39
 4 -71 6 61 54 53 50 49 43
 4 -24 6 61 57 54 51 49 47
 6 -54 5 61 54 51 50 41
 3 -51 5 61 60 59 50 48
 1 -96 5 58 57 56 52 49
 6 -2 5 60 59 57 52 50
 9 -70 6 60 58 57 56 55 52
 7 -33 7 76 62 60 58 56 54 52
 5 -58 4 58 56 52 49
 2 -49 7 76 67 62 60 58 56 52
 3 -87 6 67 62 58 56 53 52
 2 -5 6 78 76 64 58 57 56
 6 -100 8 78 70 69 66 64 63 60 59
 8 -5 4 78 76 58 56
 7 -41 8 76 70 69 68 66 64 63 60
 3 -19 7 78 70 69 68 66 64 63
 4 -33 8 78 76 75 74 71 70 69 65
 1 -25 6 75 74 70 67 65 63
 10 0 6 78 76 71 70 69 66
 8 -97 5 70 69 66 65 63
 7 -65 4 70 69 67 62
 8 -17 3 69 68 63
 10 -64 3 76 74 62
 1 -13 4 75 74 71 65
 6 -95 2 75 63
 5 -20 2 75 71
 8 -7 3 91 77 71
 7 -84 1 65
 9 -74 3 91 77 72
 9 -8 3 80 75 73
 2 -29 2 91 71
 1 -86 3 89 75 74
 8 -92 2 91 72
 5 -38 2 77 72
 2 -55 1 72
 2 -76 3 87 80 73
 8 -12 7 90 89 88 86 85 81 79
 9 -53 7 91 90 88 87 86 81 79
 10 -85 3 91 84 77
 1 -90 3 88 81 79
 6 -17 4 87 85 82 81
 1 -65 4 91 89 83 81
 2 -66 3 84 83 82
 10 -59 2 86 85
 6 -51 1 92
 8 -86 1 92
 6 -21 1 92
 8 -1 1 92
 3 -86 1 92
 10 -49 1 92
 1 -79 1 92
 10 -26 1 92
 2 -28 1 92
 5 -62 1 92
 4 -16 1 92
 0 22355 0
