92
 0 -31 18 2 3 4 5 6 7 9 10 11 12 14 15 16 17 19 20 25 31
 4 -8 10 49 39 34 33 29 28 26 24 22 8
 8 -48 9 39 36 34 33 32 24 18 13 8
 8 -98 14 59 55 54 53 49 45 42 37 36 34 30 27 22 18
 4 -58 12 58 52 51 49 42 41 39 35 33 22 21 13
 10 -89 15 91 59 56 55 54 53 49 46 44 43 37 36 33 30 27
 10 -62 16 60 59 57 55 53 52 51 49 47 46 43 42 40 39 29 23
 5 -21 12 89 69 54 52 51 50 44 43 42 35 23 21
 4 -12 19 90 75 69 68 67 60 59 58 57 56 53 52 51 47 46 42 41 40 39
 7 -15 10 89 59 58 55 54 52 49 33 29 23
 4 -22 12 91 90 89 69 56 52 50 49 48 42 32 28
 8 -43 17 90 89 69 68 67 59 58 57 56 55 51 48 47 46 43 41 36
 10 -7 15 90 89 69 67 60 57 56 55 54 53 50 48 47 43 38
 8 -36 13 91 90 71 69 65 60 58 53 51 49 47 46 34
 2 -58 16 90 89 75 70 69 67 62 61 59 58 55 51 50 47 43 41
 2 -74 9 89 67 62 60 56 54 49 41 29
 1 -6 14 91 90 89 68 65 63 60 57 56 55 51 48 46 42
 4 -23 14 89 75 69 68 65 63 62 60 56 51 50 48 46 44
 5 -21 12 90 70 68 67 63 60 57 56 55 51 47 39
 10 -94 14 89 75 71 70 68 67 65 63 62 61 60 58 53 47
 6 -42 12 90 88 71 68 67 65 63 57 56 48 47 46
 4 -12 10 91 89 75 69 62 60 47 46 44 43
 8 -26 10 90 71 70 68 67 65 62 56 48 41
 10 -14 14 87 84 81 75 71 70 69 68 65 63 59 56 53 44
 7 -49 9 71 63 62 59 55 54 51 47 39
 3 -16 12 90 89 86 70 61 60 58 56 55 52 51 50
 10 -89 9 90 88 71 70 69 67 52 51 39
 1 -40 10 86 75 70 68 67 61 57 54 51 43
 9 -67 15 91 90 87 85 75 74 71 70 68 66 65 64 63 61 50
 9 -77 13 88 87 86 85 75 74 73 70 68 67 61 57 51
 8 -90 10 91 87 84 73 68 67 63 62 53 47
 10 -85 14 87 85 84 81 80 75 73 71 70 68 67 64 63 53
 1 -49 9 87 69 68 67 65 63 62 61 47
 6 -88 12 88 87 86 75 74 73 70 68 67 61 57 56
 2 -52 11 87 85 83 75 73 68 67 63 61 59 53
 10 -78 14 87 86 85 84 83 81 75 74 71 70 66 65 64 63
 1 -78 9 89 88 87 85 74 73 69 61 51
 6 -65 6 83 71 68 66 61 46
 1 0 7 89 87 86 83 82 64 48
 9 -5 8 85 83 74 70 66 65 63 61
 6 -74 12 91 88 87 86 83 81 80 78 73 72 66 63
 5 -9 11 88 87 86 84 82 81 80 74 71 70 66
 4 -23 8 88 85 84 83 66 65 64 63
 1 -78 10 88 86 83 82 80 74 73 72 67 66
 6 -4 6 86 84 83 65 64 62
 7 -89 9 87 86 84 81 79 74 73 70 64
 2 -15 7 86 85 83 82 81 66 64
 8 -31 5 85 76 74 73 61
 10 -30 5 85 74 72 66 63
 4 -57 8 83 82 81 80 79 78 77 72
 2 -27 6 83 82 80 79 77 64
 1 -49 4 80 74 66 64
 1 -16 5 88 86 76 74 66
 9 -70 5 82 78 73 72 66
 6 -72 5 88 84 83 73 72
 7 -50 4 85 80 79 64
 5 -27 3 78 72 62
 3 -45 5 87 85 83 76 74
 8 -54 4 80 79 76 74
 1 -5 2 74 64
 8 -4 4 84 81 80 79
 6 -37 4 81 80 79 76
 6 -25 3 82 79 77
 7 -88 2 78 72
 7 -20 2 80 73
 10 -99 2 79 77
 7 -14 2 77 76
 3 -94 2 78 77
 2 -51 2 80 77
 3 -42 1 72
 6 -36 1 72
 7 -76 1 76
 10 -65 1 77
 3 -19 1 78
 3 -42 1 76
 9 -19 1 92
 8 -98 1 92
 10 -78 1 92
 1 -47 1 92
 7 -98 1 92
 9 -47 1 92
 4 -18 1 92
 3 -72 1 92
 7 -17 1 92
 8 -75 1 92
 1 -12 1 92
 4 -50 1 92
 3 -31 1 92
 6 -1 1 92
 1 -78 1 92
 4 -100 1 92
 0 21130 0
