92
 0 -46 13 2 3 4 5 6 7 8 9 10 11 13 18 20
 10 -39 8 29 26 25 22 19 17 16 15
 6 -26 11 41 40 33 32 30 29 28 26 25 17 16
 1 -25 7 36 35 26 25 24 19 14
 1 -55 6 29 26 19 17 16 15
 7 -11 6 41 39 29 28 25 12
 6 -12 8 36 35 28 27 26 25 23 14
 5 -8 7 33 29 25 22 21 19 16
 1 -2 7 36 30 29 28 26 24 22
 1 -18 7 36 33 32 29 26 24 19
 1 0 7 41 36 35 32 26 24 19
 4 -14 6 40 35 33 32 26 16
 3 -75 8 55 43 41 40 36 33 28 24
 6 -87 6 44 41 33 32 29 21
 6 -53 10 53 51 44 41 40 38 37 33 32 31
 4 -66 6 55 45 37 36 34 24
 5 -39 6 51 49 45 36 35 24
 3 -88 13 55 53 51 50 46 45 44 43 42 40 39 38 36
 2 -22 11 63 55 53 50 47 46 45 44 40 34 28
 6 -52 12 63 58 53 52 51 49 45 44 42 41 38 32
 8 -14 11 63 55 54 46 45 43 42 40 38 37 31
 6 -93 9 63 49 45 44 42 41 40 38 32
 1 -98 13 66 63 60 59 58 54 51 50 48 47 45 43 40
 10 -79 8 63 54 53 46 44 42 38 31
 7 -22 12 67 66 63 60 59 58 54 50 49 48 47 44
 2 -26 9 67 63 58 55 54 51 48 45 37
 7 -71 9 66 62 60 54 53 51 49 47 38
 7 -59 7 66 58 54 52 51 38 37
 9 -42 8 68 67 63 54 52 46 45 43
 10 -68 6 62 55 54 49 44 38
 1 -14 10 67 66 65 60 59 58 57 52 50 48
 5 -82 9 74 68 65 60 56 55 54 50 46
 1 0 6 67 61 52 48 46 45
 3 -16 8 65 61 60 59 57 52 51 48
 1 -57 4 62 55 47 46
 6 -96 9 73 71 68 65 62 61 60 56 54
 10 -35 6 71 65 60 59 56 49
 1 -53 6 74 67 65 59 57 48
 10 -82 9 90 76 70 69 68 65 63 58 57
 5 -28 7 71 69 68 67 61 57 52
 5 -87 3 67 62 47
 8 -64 5 69 65 64 61 57
 1 -58 3 72 64 49
 7 -57 8 77 74 71 70 69 68 65 57
 8 -32 7 91 74 73 70 69 65 56
 9 -45 6 77 71 69 66 59 57
 8 -97 6 91 73 71 69 64 61
 4 -64 6 91 73 71 69 68 56
 1 -74 5 76 75 69 61 57
 4 -68 6 91 86 72 70 64 62
 5 0 10 90 89 85 84 82 76 74 73 72 68
 9 -4 6 91 86 82 77 70 64
 2 -19 9 87 85 83 80 77 75 74 73 71
 9 -23 8 91 90 88 85 82 77 72 69
 9 -36 7 91 88 87 82 81 78 64
 8 -75 6 88 87 82 81 78 64
 5 -89 12 91 89 88 87 85 84 83 82 80 79 78 73
 4 -93 6 86 85 77 74 72 71
 5 -93 9 90 89 87 84 83 79 78 76 73
 10 -45 10 91 90 88 86 85 83 81 79 78 76
 4 -6 5 85 83 77 74 70
 6 -77 5 82 80 79 77 69
 4 -58 5 86 82 81 74 72
 2 -24 7 90 89 85 84 83 76 75
 9 -93 5 86 84 82 81 72
 6 -66 5 91 85 82 81 72
 9 -1 7 90 87 82 80 79 78 77
 7 -91 5 87 86 83 78 75
 5 -25 4 87 84 83 78
 5 -91 4 84 80 79 78
 2 -13 4 89 82 81 78
 3 -55 3 80 78 75
 8 -2 2 86 81
 3 -46 2 88 78
 10 -43 1 79
 5 -38 1 80
 5 -55 1 81
 9 -24 1 92
 7 -92 1 92
 3 -53 1 92
 5 -81 1 92
 1 -94 1 92
 10 -34 1 92
 8 -31 1 92
 5 -5 1 92
 6 -57 1 92
 10 -37 1 92
 4 -69 1 92
 5 -14 1 92
 4 -55 1 92
 3 -33 1 92
 0 21795 0
