92
 0 -22 11 2 3 4 5 6 9 10 11 12 14 19
 6 -98 8 40 33 27 23 18 17 13 8
 7 -69 6 36 28 24 22 16 7
 9 -31 8 39 37 33 31 27 23 18 17
 6 -93 7 39 38 31 29 27 25 15
 1 -3 7 36 33 29 28 27 18 13
 2 -70 9 44 40 39 38 37 29 27 25 18
 9 -99 7 44 42 36 29 28 21 16
 4 -79 11 46 44 42 39 38 37 36 35 31 24 18
 1 -69 9 44 40 39 36 31 29 26 24 22
 6 -24 10 49 46 39 37 33 31 30 29 26 25
 3 -36 8 44 39 32 31 28 25 24 20
 3 -32 9 49 46 44 37 35 31 30 26 25
 10 -48 9 49 46 44 42 39 33 28 26 24
 7 -96 11 50 49 47 46 44 40 37 36 32 26 24
 9 -77 7 49 47 38 32 31 30 26
 5 -66 6 49 46 44 42 36 24
 5 -15 7 50 49 47 34 32 30 26
 8 -84 7 49 48 46 43 38 31 30
 4 -88 10 59 53 50 49 47 46 45 43 35 34
 1 -88 10 53 51 50 48 47 46 45 43 37 34
 8 -5 8 53 51 48 47 46 42 37 33
 5 -14 7 59 54 44 43 35 32 30
 6 -77 6 62 59 54 48 43 30
 9 -27 6 48 47 45 42 41 34
 2 -59 10 62 59 55 54 53 52 51 48 45 43
 6 -90 4 62 46 43 30
 2 0 8 62 61 59 56 50 47 43 41
 3 -3 4 61 58 53 35
 1 -65 5 56 53 51 45 41
 3 -61 11 70 69 67 66 62 61 59 57 56 55 50
 5 -97 5 70 61 60 48 41
 7 -21 4 67 57 56 38
 4 -69 14 91 90 70 67 66 65 64 62 60 58 56 55 54 52
 10 -79 5 70 62 60 48 41
 7 -88 6 67 66 62 56 55 45
 3 -36 4 69 62 61 41
 4 -72 9 91 90 70 66 63 60 55 54 50
 6 -26 8 91 67 66 63 60 55 54 50
 9 -99 8 67 64 63 61 60 58 57 55
 10 -6 8 90 71 67 66 64 57 55 52
 3 -65 6 69 67 66 63 57 50
 1 0 8 71 70 67 66 64 63 58 57
 3 -10 9 91 85 75 73 70 67 64 60 55
 9 -34 7 90 74 65 64 61 60 58
 4 -78 8 90 85 75 71 69 65 64 55
 7 -30 6 90 67 66 65 60 58
 10 -61 7 89 88 83 82 71 65 56
 5 -79 6 89 83 69 65 63 62
 1 -69 7 88 84 75 71 65 64 58
 5 -28 7 87 86 80 71 68 64 63
 3 -96 7 86 83 81 80 79 68 63
 10 -15 9 87 85 84 83 80 75 72 68 67
 5 -87 11 89 88 85 84 82 81 80 79 77 73 72
 4 -89 9 89 86 84 83 81 80 74 72 68
 1 -35 4 86 81 80 63
 2 -91 6 88 86 85 77 74 65
 1 -51 8 87 85 83 80 79 78 72 68
 9 -31 9 90 87 86 84 81 80 77 76 73
 7 -40 5 88 87 83 71 69
 5 -54 9 91 88 85 84 83 81 79 78 77
 3 -3 7 88 84 82 81 74 73 72
 8 -75 6 85 84 75 74 73 72
 4 -100 7 89 83 82 79 78 77 72
 9 -44 5 87 80 79 76 73
 6 -8 4 82 80 79 72
 10 -47 4 88 79 78 77
 2 -92 3 82 77 76
 5 -62 3 86 77 76
 10 -99 2 83 72
 9 -35 2 81 79
 4 -45 1 76
 6 -16 1 78
 4 -38 1 78
 2 -100 1 77
 6 -7 1 92
 4 -18 1 92
 8 -26 1 92
 9 -44 1 92
 4 -71 1 92
 3 -48 1 92
 8 -90 1 92
 2 -37 1 92
 7 -2 1 92
 1 -94 1 92
 3 -85 1 92
 8 -91 1 92
 1 -3 1 92
 9 -42 1 92
 3 -25 1 92
 8 -96 1 92
 0 24335 0
