92
 0 -67 4 2 4 6 9
 10 -76 5 11 10 8 5 3
 5 -51 6 17 16 15 14 13 12
 7 -94 5 24 18 17 16 15
 5 -89 1 7
 9 -12 1 8
 7 -59 6 24 23 19 18 17 16
 7 -93 4 24 18 16 15
 3 -12 4 23 17 16 12
 1 -56 6 24 23 22 21 20 18
 9 -35 2 21 12
 10 -42 5 34 27 20 19 18
 2 -77 5 25 24 22 21 20
 8 -29 5 34 27 20 19 18
 5 -70 5 34 32 27 23 19
 4 -82 4 32 22 21 20
 1 -18 4 34 27 25 20
 3 -33 5 32 29 28 26 25
 2 -48 3 29 26 25
 3 -79 4 38 31 29 26
 7 -14 4 31 29 27 26
 3 -61 4 34 31 28 26
 4 -64 5 42 33 31 30 28
 5 -40 6 40 39 38 36 33 31
 3 -3 4 38 33 31 30
 7 -72 4 42 36 35 30
 2 -76 7 48 42 40 39 37 36 35
 3 -15 5 48 40 39 38 36
 4 -1 3 41 35 33
 4 -33 6 48 44 43 40 39 37
 6 -31 5 48 44 41 37 35
 3 -60 5 48 47 46 44 39
 9 -5 4 48 45 44 37
 4 -1 4 47 44 43 39
 7 -77 7 62 52 50 49 47 45 43
 9 -27 7 52 50 49 46 45 44 43
 6 -29 9 62 60 57 55 54 52 49 47 46
 1 -7 6 62 52 51 50 44 43
 8 -66 4 62 60 55 41
 2 -77 6 62 57 54 53 52 47
 3 -61 4 54 52 51 45
 8 -15 3 51 45 44
 2 -61 8 65 63 61 60 56 55 54 53
 5 -13 9 68 65 63 61 59 58 57 56 54
 3 -2 7 68 66 65 63 61 57 53
 10 -31 5 68 63 61 56 53
 5 -87 4 69 66 59 51
 1 -17 6 64 63 60 58 57 54
 1 -1 3 69 66 51
 9 -96 6 69 66 65 63 61 59
 6 -8 6 75 70 68 65 63 61
 9 -19 5 73 68 67 65 56
 7 -61 3 73 59 58
 4 -38 5 73 71 69 67 66
 10 -42 5 76 75 68 67 64
 1 -20 4 77 76 66 64
 6 -56 8 77 75 74 73 72 71 70 69
 8 -55 7 80 76 75 74 70 69 67
 4 -2 4 77 76 75 64
 1 -83 4 77 73 71 66
 7 -92 3 76 67 64
 8 -73 7 91 77 76 73 72 71 70
 1 -32 6 91 84 82 78 73 72
 8 -69 5 80 78 74 72 71
 4 -63 5 84 77 76 74 72
 3 -37 4 79 75 74 70
 7 -36 7 91 85 84 83 82 81 77
 8 -10 5 91 81 80 78 74
 9 -40 4 83 82 81 78
 8 -77 3 83 82 78
 6 -80 4 90 85 84 81
 3 -14 4 90 85 81 79
 8 -19 4 90 85 83 80
 2 -84 4 89 85 83 82
 1 -2 4 91 88 83 82
 8 -44 3 88 82 81
 10 -75 2 90 79
 9 0 4 89 88 87 85
 5 -71 4 89 88 87 86
 10 -20 4 89 88 87 86
 3 -89 3 89 87 86
 10 -91 2 90 86
 10 -72 2 87 86
 1 -74 2 88 86
 4 -56 1 86
 1 -60 1 92
 1 -84 1 92
 8 -39 1 92
 6 -34 1 92
 5 -63 1 92
 5 -13 1 92
 0 21310 0
