82
 0 -93 21 2 3 4 5 6 8 9 10 11 12 13 14 15 16 17 18 19 22 24 25 27
 3 -8 13 58 57 44 43 42 38 35 32 31 30 29 28 23
 8 -18 7 46 32 30 23 21 20 7
 5 -52 10 49 44 43 41 39 37 33 30 28 21
 5 -62 8 61 52 47 42 36 28 26 21
 1 -20 12 63 58 57 52 51 50 49 44 41 34 30 28
 10 -41 13 63 60 57 51 50 49 45 43 42 41 39 34 28
 5 -66 13 78 63 61 51 50 48 46 43 41 40 38 34 33
 1 -42 13 81 80 63 62 61 58 57 56 52 49 42 40 31
 8 -48 12 63 61 56 50 49 47 46 44 43 41 40 34
 5 -70 9 81 62 52 50 49 41 40 33 30
 2 -59 10 63 62 61 57 52 48 42 41 34 31
 5 -91 6 57 48 47 40 37 26
 2 -94 8 81 57 49 43 41 40 39 30
 9 -67 7 63 62 41 40 37 34 33
 3 -11 5 62 48 47 37 23
 9 -56 11 79 78 63 62 57 56 52 51 47 40 29
 7 -6 4 43 42 33 30
 7 -100 10 80 63 55 50 49 47 44 43 41 40
 6 -61 16 81 79 78 75 63 62 61 60 59 58 56 55 54 49 48 40
 7 -11 10 78 75 63 62 60 57 56 51 45 34
 6 -33 6 58 53 49 44 41 30
 1 -55 9 78 75 63 61 60 49 41 40 34
 3 -61 16 80 78 77 76 75 72 62 61 59 58 56 55 54 53 50 46
 2 -58 11 81 80 78 77 62 61 55 48 47 41 40
 2 -62 14 80 78 76 75 63 62 60 56 55 53 51 50 49 41
 4 -59 7 78 75 61 60 57 40 34
 3 -57 13 81 80 79 78 77 72 71 62 59 56 55 54 40
 8 -85 14 81 76 75 74 73 70 69 61 60 59 55 54 53 49
 3 -5 13 80 78 77 76 75 74 69 61 60 59 55 48 45
 6 -7 10 79 78 77 74 72 59 55 50 47 45
 6 -65 9 81 75 63 62 61 59 55 54 40
 5 -60 10 79 77 74 72 70 59 58 56 53 47
 5 -10 14 81 80 79 77 76 74 72 71 70 69 59 55 54 53
 3 -68 11 81 76 75 74 72 69 59 55 54 50 45
 8 -71 8 75 72 71 60 59 55 54 40
 4 -36 13 79 78 77 75 74 72 69 68 67 65 61 60 55
 9 -63 12 80 79 77 75 72 71 70 67 60 59 55 54
 7 -59 10 76 75 73 70 69 61 59 58 54 53
 1 -99 7 76 74 73 70 69 66 53
 1 -15 7 73 72 71 69 64 59 54
 6 -12 9 76 74 73 71 70 69 67 66 64
 8 -98 6 76 70 68 66 62 53
 4 -58 6 79 78 72 64 59 54
 1 -32 8 73 71 70 68 67 66 65 64
 3 -58 6 74 69 68 67 60 57
 5 -41 5 75 71 69 60 54
 7 -61 7 73 72 70 68 67 65 64
 9 -60 5 77 72 68 65 64
 9 -28 4 73 70 67 65
 7 -3 4 69 68 66 64
 8 -68 4 74 69 66 64
 3 -67 3 67 65 64
 4 -15 2 68 66
 1 -56 2 66 64
 7 -28 2 67 65
 7 -95 2 65 64
 10 -39 2 67 66
 6 -88 1 65
 4 -36 1 64
 5 -45 1 71
 7 -41 1 67
 7 -67 1 64
 8 -99 1 82
 7 -42 1 82
 9 -22 1 82
 6 -72 1 82
 6 -1 1 82
 2 -100 1 82
 3 -64 1 82
 10 -52 1 82
 10 -87 1 82
 10 -16 1 82
 10 -98 1 82
 8 -22 1 82
 5 -57 1 82
 1 -6 1 82
 2 -10 1 82
 8 -74 1 82
 8 -23 1 82
 8 -78 1 82
 0 20615 0
