92
 0 -100 7 2 3 4 5 7 9 10
 9 -52 6 22 21 20 14 12 6
 6 -34 7 23 22 20 16 13 12 8
 6 -85 6 23 22 16 14 11 8
 10 -56 6 23 22 20 18 16 8
 7 -1 4 23 18 16 8
 7 -19 5 36 26 20 16 14
 3 -100 5 36 27 26 17 15
 7 -51 5 26 21 20 17 15
 9 -5 4 27 20 15 14
 2 -45 5 27 26 21 19 17
 4 -9 4 27 26 19 17
 3 -34 3 26 25 21
 6 -1 2 25 17
 6 -60 1 19
 3 -91 5 33 31 29 27 25
 6 -58 4 33 29 28 24
 5 -77 4 33 31 26 25
 2 -35 3 33 25 24
 7 -99 2 25 24
 3 -8 3 33 31 29
 7 -16 3 32 31 26
 7 -26 4 44 34 33 29
 5 -5 2 31 30
 6 -20 2 42 28
 7 -63 3 54 38 30
 6 -16 7 54 47 42 39 38 37 32
 6 -56 6 54 47 39 38 35 32
 10 -40 6 54 47 42 39 35 32
 7 -83 8 53 47 45 44 42 41 39 35
 7 -46 4 45 42 38 34
 10 -46 7 53 50 49 46 45 41 40
 4 -66 6 53 50 49 46 45 40
 2 -42 5 54 46 41 40 39
 8 -85 1 37
 5 -73 1 37
 9 -70 5 59 50 49 46 40
 7 -45 4 53 50 44 43
 7 -79 5 52 51 50 49 48
 9 -13 1 43
 8 -74 1 43
 8 -7 1 43
 9 -27 5 60 55 52 51 48
 6 -23 2 59 46
 10 -20 6 59 58 57 56 52 51
 8 -59 3 60 55 48
 9 -77 3 60 55 48
 1 0 4 63 58 57 56
 9 -98 4 67 61 60 55
 9 -44 3 63 61 57
 10 -42 7 71 70 67 65 63 62 61
 3 -96 7 73 71 70 67 65 63 61
 9 -14 3 78 66 57
 2 -65 6 73 70 67 65 64 63
 4 -95 5 70 65 64 63 62
 3 -67 9 78 77 73 72 70 67 66 65 64
 8 -47 7 77 71 70 67 65 64 62
 10 -63 4 78 70 62 61
 8 -46 6 78 77 73 71 65 64
 10 -67 6 82 79 78 77 75 64
 7 -55 5 82 79 77 75 64
 6 -70 8 82 79 76 75 73 72 69 68
 10 -16 5 78 77 76 72 66
 6 -60 4 76 74 69 68
 6 -90 6 84 83 82 80 79 75
 9 -47 6 84 83 82 80 79 75
 5 -3 5 84 83 80 75 74
 7 -28 6 91 90 84 83 81 80
 10 -85 6 91 90 87 84 83 80
 3 -91 6 91 90 84 83 82 80
 6 -10 6 91 90 88 85 84 80
 8 -87 4 91 84 81 80
 9 -61 5 90 89 86 83 81
 2 -47 5 91 90 88 86 85
 6 -66 4 90 89 86 81
 8 -58 4 91 87 86 83
 6 -9 2 89 81
 4 -49 3 89 87 86
 1 -46 2 86 85
 4 -42 2 89 86
 10 -34 2 88 87
 3 -54 2 88 86
 2 -71 1 88
 6 -83 1 86
 2 -39 1 87
 3 -46 1 92
 4 -57 1 92
 6 -79 1 92
 2 -93 1 92
 9 -91 1 92
 5 -26 1 92
 0 23170 0
