82
 0 -87 15 2 3 4 5 6 7 8 9 11 12 13 14 16 18 28
 10 -67 11 48 32 31 30 25 23 21 20 17 15 10
 3 -79 11 56 48 46 41 39 36 34 27 24 20 19
 5 -44 9 54 48 43 35 32 30 23 19 17
 6 -61 17 67 56 53 51 50 48 47 46 45 44 42 41 39 37 36 26 24
 8 -63 10 57 48 43 41 39 37 34 32 31 17
 9 -25 7 47 42 41 29 27 24 20
 7 -99 16 65 57 56 55 52 48 47 46 43 42 41 40 39 35 33 27
 10 -56 18 58 57 55 54 51 50 48 47 46 45 43 42 41 40 38 37 35 32
 2 -82 9 66 58 57 56 54 43 39 27 22
 10 -26 6 57 47 42 27 25 20
 2 -68 12 67 58 57 48 46 42 41 40 34 32 31 27
 1 -80 19 81 66 58 57 55 54 53 52 51 50 49 48 47 46 45 44 42 40 34
 6 0 13 81 67 66 65 58 57 55 47 46 42 40 32 27
 2 -43 10 55 54 47 45 43 41 38 37 36 24
 4 -22 15 78 67 58 57 52 48 47 45 44 42 41 38 37 36 35
 1 -20 13 66 56 55 53 52 51 50 47 46 45 42 38 36
 6 -61 9 81 78 67 65 58 57 52 35 27
 2 -97 12 78 77 74 67 66 62 57 51 49 42 40 38
 10 -18 12 81 75 65 63 55 54 52 51 45 44 43 40
 2 -80 9 79 57 55 54 53 49 45 41 37
 1 -34 12 81 79 78 75 65 64 52 49 47 46 41 40
 6 -87 11 79 76 67 66 64 60 58 52 49 45 38
 6 -38 10 80 79 78 75 65 64 58 57 52 35
 5 -94 10 79 78 67 66 65 62 58 52 49 37
 9 -9 8 75 63 58 57 55 52 40 34
 10 -21 8 76 71 53 50 49 45 44 37
 9 -35 8 81 80 78 63 59 52 50 34
 3 -92 14 80 79 77 75 73 66 65 64 62 61 58 57 48 46
 2 -33 10 75 67 66 65 63 62 59 52 46 42
 5 -86 11 81 79 78 77 75 74 71 66 62 60 49
 2 -97 10 78 76 75 73 71 63 62 60 52 44
 1 -14 8 76 74 62 61 58 53 51 49
 4 -88 10 77 76 74 73 72 65 64 62 61 60
 9 -95 8 77 76 72 66 62 61 60 49
 3 -49 7 79 74 70 65 61 60 49
 5 -42 8 80 77 75 73 64 61 60 59
 10 -50 8 81 75 72 70 65 63 61 59
 2 -10 7 81 75 74 71 70 60 59
 1 -18 6 76 72 71 70 60 59
 4 -46 6 77 74 70 61 60 59
 6 -85 6 80 79 76 73 68 61
 10 -46 5 73 70 68 67 61
 2 -78 5 74 72 68 61 59
 5 -76 4 77 68 62 59
 3 -70 4 74 72 70 60
 9 -75 4 73 71 68 62
 4 -11 4 71 70 69 60
 6 -47 3 73 63 59
 10 -53 3 75 61 60
 10 -76 3 71 64 59
 1 -82 4 74 72 70 68
 7 -42 4 75 70 69 68
 5 -69 4 76 72 69 68
 5 -90 3 78 71 68
 7 -16 3 71 69 68
 3 -37 2 72 68
 10 -85 1 59
 3 -88 1 69
 2 -35 1 68
 8 -6 1 69
 8 -72 1 70
 9 -66 1 68
 5 -29 1 70
 10 -70 1 71
 6 -5 1 70
 2 -10 1 72
 6 -53 1 82
 3 -78 1 82
 9 -5 1 82
 5 -33 1 82
 8 -22 1 82
 8 -76 1 82
 8 -2 1 82
 8 -44 1 82
 7 -41 1 82
 9 -48 1 82
 3 -20 1 82
 5 -74 1 82
 5 -33 1 82
 1 -54 1 82
 0 21090 0
