92
 0 -8 13 2 4 5 6 7 8 9 11 12 14 15 16 17
 8 -61 4 39 29 24 3
 6 -41 8 44 36 30 28 25 23 21 13
 8 -58 8 44 37 36 28 27 25 22 18
 6 -71 5 31 29 20 19 10
 5 -58 5 44 28 22 21 18
 4 -23 7 48 44 39 34 32 25 24
 10 -22 7 44 40 38 34 33 32 19
 3 -58 5 38 36 28 24 22
 5 -78 8 50 44 42 40 38 35 34 22
 3 -49 7 48 45 42 40 37 31 22
 8 -75 6 55 39 33 32 31 28
 7 -84 5 42 37 32 31 26
 2 -45 3 50 24 23
 9 -72 10 55 51 50 43 42 41 40 39 34 33
 1 -100 7 56 48 43 42 38 37 26
 3 -22 6 50 49 44 39 34 32
 8 -59 5 50 48 45 43 24
 4 -53 8 56 51 50 49 48 42 39 35
 9 -3 5 55 42 39 33 32
 10 -65 4 45 43 33 31
 3 -73 6 58 55 54 49 39 32
 1 -28 5 55 54 45 40 32
 6 -32 6 56 51 42 41 40 33
 8 -32 3 64 45 31
 5 -38 5 55 50 45 41 33
 1 -42 8 56 55 52 50 49 45 41 38
 2 -32 10 64 59 57 56 53 52 51 46 45 42
 6 -45 10 64 59 58 57 54 53 52 46 45 44
 6 -94 9 63 59 56 54 53 48 46 45 40
 8 -44 7 59 56 52 51 50 41 38
 9 -8 6 63 56 51 47 43 41
 2 -71 11 67 64 62 59 58 57 54 53 52 49 46
 5 -65 10 64 61 60 59 58 57 56 54 52 45
 2 -24 9 64 62 59 55 54 53 52 46 45
 3 -11 7 63 59 58 51 50 46 45
 5 -18 4 64 52 49 41
 3 -12 14 91 90 78 76 71 67 65 63 62 61 60 58 54 53
 6 -68 7 70 67 64 59 57 52 46
 2 -21 7 64 62 60 58 57 52 47
 5 -50 6 91 67 62 57 53 46
 5 -15 13 91 90 78 76 71 66 65 63 62 61 60 58 54
 2 -7 9 72 70 68 67 66 64 60 59 52
 8 -84 7 71 68 67 63 60 56 55
 1 -17 4 90 71 67 47
 8 -10 10 89 78 77 76 72 71 68 66 61 60
 4 -3 12 91 87 78 77 76 75 72 70 69 68 66 65
 6 -78 11 89 77 76 75 74 71 70 69 66 64 62
 5 -35 8 90 89 76 73 71 68 66 63
 3 -46 7 90 88 76 75 70 62 54
 1 -32 9 90 89 85 77 76 72 71 69 68
 7 -82 12 91 90 89 88 85 84 83 78 75 74 73 71
 7 -65 8 87 75 73 72 70 69 68 66
 2 -35 7 89 87 86 85 73 72 68
 3 -7 7 90 84 82 78 76 72 66
 8 -1 6 89 88 86 84 83 62
 4 -54 5 90 87 75 69 65
 1 -18 9 89 86 85 84 83 82 75 74 72
 2 -6 8 90 88 84 83 80 77 76 75
 2 -37 5 82 81 75 74 69
 5 -100 5 86 84 83 74 73
 10 -76 4 85 80 73 72
 5 -74 4 82 77 74 72
 4 -9 6 88 83 82 81 80 79
 8 -100 4 85 81 80 73
 8 -17 5 88 85 83 81 79
 4 -92 5 87 86 84 81 79
 6 -16 4 84 83 82 74
 7 -23 4 84 83 80 79
 3 -97 4 84 83 82 80
 4 -2 3 87 82 81
 5 -47 2 81 79
 7 -25 2 82 79
 5 -2 1 80
 2 -61 1 79
 4 -35 1 86
 5 -90 1 81
 5 -4 1 80
 5 -86 1 92
 8 -93 1 92
 9 -73 1 92
 7 -9 1 92
 10 -8 1 92
 7 -80 1 92
 8 -99 1 92
 8 -4 1 92
 10 -46 1 92
 5 -35 1 92
 5 -58 1 92
 2 -70 1 92
 5 -3 1 92
 0 20395 0
