92
 0 -19 17 2 3 4 5 6 8 9 10 11 15 16 17 18 23 27 29 35
 7 -37 9 49 46 42 40 34 25 21 20 7
 8 -71 13 45 44 43 41 40 39 38 37 34 28 26 19 12
 8 -40 12 47 46 44 42 38 36 32 28 25 24 21 14
 1 -66 15 68 54 53 52 49 45 44 42 39 36 34 33 32 30 26
 3 -68 10 56 55 51 48 44 39 37 36 22 19
 7 -44 9 91 55 45 44 41 39 37 33 13
 4 -32 9 54 47 45 41 40 38 36 25 24
 8 -72 8 91 57 55 46 45 38 37 13
 6 -59 12 65 62 61 58 54 53 51 50 47 45 32 25
 2 -100 12 90 62 56 55 54 53 51 47 46 44 36 30
 3 -98 14 90 88 68 66 62 61 60 58 53 51 50 48 42 32
 8 -15 9 61 60 54 53 52 50 47 36 30
 8 -81 17 91 89 75 68 67 65 62 61 59 58 57 54 53 52 50 48 43
 10 -55 14 91 90 75 68 67 60 59 57 56 51 50 48 46 36
 1 -66 12 91 70 67 65 62 61 59 57 55 45 44 41
 2 -85 9 68 66 56 51 50 48 44 40 31
 4 -42 5 60 55 54 37 25
 9 -99 15 91 89 86 75 67 66 65 62 61 60 59 57 54 53 46
 8 -14 12 91 70 68 66 65 62 58 57 55 53 52 45
 10 -75 10 91 70 68 64 60 58 57 51 45 39
 1 -79 10 90 74 66 62 60 58 54 52 50 40
 2 -8 10 90 89 75 74 60 55 54 51 50 37
 9 -77 12 91 89 86 75 71 68 62 61 60 59 51 43
 2 -24 13 91 90 89 87 86 75 74 70 67 64 57 56 48
 7 -28 13 90 89 88 87 75 73 65 64 61 58 55 51 50
 8 -88 10 89 75 71 67 62 58 57 54 52 51
 4 -49 11 91 89 88 75 66 63 61 57 55 52 50
 10 -61 13 91 90 86 75 74 71 69 68 65 64 60 58 57
 4 -31 11 89 88 87 86 75 74 67 66 64 59 48
 1 -76 12 89 88 87 86 75 74 71 67 64 58 57 53
 5 -58 12 91 89 87 86 80 75 69 67 64 63 57 55
 7 -29 10 89 87 86 83 71 70 69 61 58 57
 2 -25 10 89 88 87 86 79 74 73 71 66 51
 8 -26 11 90 89 88 86 85 83 73 71 69 63 61
 2 -43 10 89 88 86 84 74 72 66 65 64 58
 2 -33 9 87 86 85 84 70 69 68 63 62
 4 -75 8 89 84 75 74 73 71 63 52
 1 -97 9 88 86 83 75 71 69 65 63 61
 1 -44 7 89 88 86 75 67 64 53
 5 -62 10 87 86 84 83 80 75 74 73 71 63
 6 -94 8 87 86 83 82 75 65 63 57
 2 -92 9 88 85 82 80 74 73 72 64 63
 1 -13 6 83 80 74 71 69 60
 9 -84 12 90 89 88 86 84 81 80 79 78 76 74 69
 7 -78 6 82 81 74 73 64 58
 6 -88 10 88 87 84 82 80 79 78 77 73 68
 9 -20 8 84 83 80 79 78 73 71 69
 5 -56 7 87 83 82 80 74 67 63
 7 -87 9 86 85 84 82 80 79 78 77 76
 3 -66 7 85 84 81 80 78 76 69
 1 -28 6 87 86 80 78 76 64
 6 -69 7 85 84 82 80 79 78 72
 9 -86 5 84 82 81 77 70
 2 -1 5 84 79 78 76 71
 3 -24 4 85 80 77 63
 1 -59 5 85 84 78 77 73
 6 -51 3 85 80 63
 8 -73 3 83 80 63
 4 -55 4 87 84 79 73
 3 -87 4 82 80 78 74
 3 -70 1 64
 5 -12 3 79 78 76
 4 -14 3 83 79 77
 1 -90 3 81 77 76
 4 -50 3 83 82 78
 10 -98 2 81 73
 1 -98 2 76 72
 1 -100 2 82 77
 7 -48 2 88 80
 6 -6 1 72
 7 -53 1 81
 2 -81 1 76
 8 -21 1 77
 8 -65 1 85
 4 -95 1 92
 4 -81 1 92
 7 -47 1 92
 6 -62 1 92
 4 -61 1 92
 5 -26 1 92
 6 -2 1 92
 8 -83 1 92
 4 -35 1 92
 6 -2 1 92
 8 -64 1 92
 4 -10 1 92
 8 -92 1 92
 5 -20 1 92
 6 -73 1 92
 6 -79 1 92
 0 25500 0
