82
 0 -71 17 2 3 4 5 6 7 8 9 10 11 12 13 14 15 16 25 28
 10 -36 14 52 46 45 41 40 38 36 35 34 32 30 22 21 19
 8 -3 14 50 48 47 43 41 40 38 37 36 35 34 30 19 18
 3 -79 11 57 50 48 43 39 36 35 31 26 22 20
 6 -52 10 52 50 48 46 40 38 31 26 22 19
 10 -20 8 65 63 46 33 31 29 23 20
 9 -65 13 65 56 53 52 51 49 47 44 41 39 33 26 23
 8 -19 12 65 57 52 50 48 46 44 42 40 33 31 30
 1 -22 10 52 51 46 41 39 30 29 27 24 23
 2 -70 7 50 48 47 46 41 19 17
 4 -8 9 52 48 47 40 37 36 34 32 19
 8 -29 12 62 59 57 54 51 50 48 45 39 37 27 22
 7 -46 11 64 52 50 48 46 44 43 42 40 34 30
 8 -38 12 65 62 59 56 52 51 49 48 47 38 36 27
 1 -67 12 62 59 51 50 47 46 44 43 42 39 38 36
 10 -96 12 65 63 62 56 53 52 50 48 47 46 42 40
 10 -61 10 81 80 65 62 56 53 52 45 42 40
 5 -53 12 63 62 61 59 58 56 54 53 46 45 44 42
 6 -33 11 63 62 61 60 57 56 55 53 49 44 39
 5 -91 8 75 73 62 56 53 52 41 40
 10 -41 10 64 63 61 59 58 53 51 50 47 44
 9 -2 10 78 65 63 61 58 56 55 49 44 42
 3 -24 5 81 50 42 40 36
 4 -1 11 81 80 79 76 62 59 58 55 54 53 42
 4 -12 5 55 53 52 42 36
 1 -72 10 81 80 79 78 64 63 62 58 55 42
 3 -65 7 78 64 63 61 55 44 42
 2 -13 7 79 78 60 55 49 46 43
 2 -67 12 78 76 73 71 69 68 62 61 60 58 53 44
 10 -91 12 81 79 74 71 69 63 62 61 60 56 53 49
 4 -44 8 81 80 78 77 64 51 49 47
 5 -63 9 78 76 74 71 61 58 56 53 42
 8 -100 8 80 79 78 71 70 64 58 45
 5 -39 12 81 80 79 77 74 73 72 70 69 62 60 54
 6 -55 10 81 79 78 76 74 73 69 60 54 53
 2 -33 9 80 78 76 74 73 69 61 58 54
 10 -68 5 81 80 74 53 42
 2 -57 9 80 74 69 68 67 63 60 58 53
 2 -64 10 78 77 76 75 73 71 70 69 64 58
 1 -77 6 76 69 61 59 55 54
 1 -52 8 80 77 72 69 68 64 60 55
 9 -21 9 77 75 73 72 70 69 68 67 60
 4 -41 5 76 69 65 56 54
 6 -90 9 81 80 79 77 75 72 70 67 66
 9 -97 8 75 74 73 72 69 68 67 60
 9 -94 7 81 74 73 71 70 68 67
 3 -32 6 76 71 69 68 67 60
 7 -32 6 79 75 73 68 67 60
 8 -93 6 73 72 70 68 67 66
 10 -37 6 75 71 70 69 68 67
 6 -8 6 76 75 74 73 67 66
 1 -59 3 79 67 58
 1 -2 3 77 70 66
 6 -4 3 71 68 67
 6 -95 3 74 71 67
 2 -60 3 68 67 66
 4 -19 3 79 69 66
 9 -23 2 72 66
 1 -20 2 78 66
 3 -4 1 66
 4 -28 1 70
 8 -74 1 66
 10 -5 1 76
 9 -94 1 67
 4 -89 1 75
 4 -94 1 82
 8 -72 1 82
 8 -67 1 82
 10 -79 1 82
 5 -34 1 82
 7 -98 1 82
 8 -60 1 82
 7 -49 1 82
 1 -33 1 82
 8 -77 1 82
 5 -42 1 82
 9 -89 1 82
 4 -40 1 82
 5 -19 1 82
 7 -15 1 82
 6 -100 1 82
 0 20440 0
