92
 0 -71 18 2 3 4 5 6 7 8 9 10 11 12 13 14 15 16 19 21 23
 5 -71 19 65 57 54 52 50 49 48 46 44 43 42 41 37 35 30 28 27 25 24
 1 -31 19 65 64 60 54 51 50 49 48 47 44 43 40 39 38 35 33 31 30 25
 2 -92 9 65 57 45 42 34 31 30 18 17
 10 -20 9 50 44 43 38 36 34 30 22 18
 3 -44 14 65 64 60 52 50 49 48 43 41 40 39 34 30 25
 1 -32 13 68 65 60 58 57 48 47 46 45 35 31 29 26
 7 -18 8 68 51 43 39 37 32 31 20
 1 -79 8 54 49 42 41 38 30 25 22
 1 -44 17 91 68 65 63 57 56 53 52 51 48 47 45 43 41 40 39 35
 5 -90 20 91 76 68 64 62 61 60 58 57 56 55 53 52 51 50 49 47 45 43 39
 7 -89 14 91 71 70 68 64 60 54 53 48 45 44 38 35 34
 1 -41 14 64 60 59 58 55 53 52 50 45 43 41 39 38 37
 6 -23 17 75 71 68 65 64 61 60 58 56 55 54 53 52 50 47 43 35
 3 -23 14 91 71 65 64 60 57 53 51 46 45 44 37 35 34
 2 -86 13 91 63 60 58 57 56 53 50 48 43 42 41 34
 7 -53 11 91 75 64 60 58 55 53 49 43 38 35
 1 -6 14 75 70 68 64 61 60 59 56 54 52 51 49 47 41
 6 -5 11 91 71 68 65 63 62 61 60 57 51 34
 2 -16 16 91 90 71 70 69 67 63 59 58 57 56 55 52 50 48 45
 8 -99 16 91 90 76 75 73 70 69 68 60 59 58 56 55 52 51 47
 1 -53 13 91 76 75 68 67 63 62 61 59 58 55 47 39
 6 -18 12 90 76 75 62 60 57 55 51 50 48 47 43
 6 -93 7 91 70 68 63 60 56 34
 8 -5 11 91 76 74 71 70 68 63 62 55 53 45
 6 -47 10 75 74 71 70 66 64 56 55 51 41
 7 -1 10 88 74 71 69 68 67 64 61 58 45
 2 -94 13 90 89 86 75 74 73 71 70 69 61 60 59 55
 3 -51 8 91 76 69 63 61 55 53 49
 3 -69 11 91 74 73 71 70 69 66 63 58 56 55
 7 -87 6 75 67 66 55 52 41
 3 -64 8 90 75 71 69 67 56 52 47
 1 -22 10 90 88 84 76 75 74 73 69 66 53
 10 -53 8 90 76 75 73 69 59 55 47
 1 -56 10 89 86 84 76 74 69 67 66 62 59
 6 -21 8 87 86 81 79 70 64 57 55
 2 -22 6 90 87 73 70 69 47
 7 -70 8 90 86 82 74 72 63 62 56
 2 -44 9 90 88 87 86 80 73 71 69 66
 9 -79 9 86 82 81 80 75 74 71 70 67
 6 -66 9 87 86 85 84 79 76 72 69 62
 3 -35 5 89 86 70 66 61
 1 -70 11 87 86 85 84 82 81 80 79 77 72 70
 7 -3 10 90 88 87 86 85 80 79 74 73 72
 5 -53 7 84 83 82 80 75 73 66
 10 -56 10 89 88 86 84 83 81 80 79 78 69
 4 -74 8 89 86 84 82 81 80 77 66
 2 -79 7 86 83 82 79 73 72 61
 7 -94 6 88 87 80 73 71 66
 10 -91 10 89 88 86 85 82 81 80 79 77 72
 4 -99 9 89 87 84 83 82 81 79 77 72
 3 -34 8 89 85 83 82 81 79 74 72
 8 -18 7 89 86 85 83 82 72 67
 7 -2 6 85 84 82 73 72 67
 6 -2 8 88 85 84 83 82 80 78 77
 5 0 7 88 84 83 81 79 78 77
 6 -12 5 88 83 82 74 72
 10 -96 6 89 86 82 80 79 77
 2 -47 5 87 83 79 77 72
 6 -8 3 82 80 67
 2 -80 5 84 81 80 78 77
 8 -69 4 80 78 77 73
 8 -94 4 87 80 79 77
 2 -70 4 90 89 83 78
 6 -63 4 85 83 79 77
 7 -12 3 85 79 72
 5 -25 3 79 78 77
 4 -25 3 83 78 77
 6 -42 2 82 77
 10 -13 2 88 83
 4 -34 2 84 79
 2 -28 1 78
 2 -70 1 81
 5 -49 1 77
 6 -20 1 87
 6 -32 1 80
 7 -5 1 92
 3 -59 1 92
 10 -30 1 92
 5 -5 1 92
 2 -92 1 92
 10 -81 1 92
 3 -89 1 92
 3 -50 1 92
 5 -71 1 92
 1 -70 1 92
 9 -38 1 92
 10 -58 1 92
 10 -40 1 92
 10 -23 1 92
 2 -5 1 92
 0 21815 0
