92
 0 -87 6 2 3 4 7 8 9
 10 -74 5 21 14 11 6 5
 9 -20 4 21 16 14 11
 3 -2 4 21 15 14 11
 5 -27 3 22 13 10
 1 -49 5 25 22 19 17 12
 1 -6 2 14 11
 6 -34 5 23 22 20 19 16
 8 -90 4 23 22 19 16
 1 -84 3 19 16 15
 6 -92 4 23 22 19 18
 6 -74 2 20 15
 9 -38 4 27 25 20 18
 7 -38 5 27 26 25 24 20
 2 -58 3 27 23 18
 7 -87 2 25 18
 4 -27 2 20 18
 4 -42 5 35 30 28 26 24
 5 -42 8 37 35 34 33 30 29 27 26
 10 -65 6 35 34 33 30 29 28
 9 -89 7 44 37 35 34 33 30 29
 10 -84 8 44 39 37 36 35 34 33 30
 2 -48 5 44 34 33 30 29
 6 -25 5 34 33 32 31 29
 4 -7 4 48 37 34 30
 3 -62 5 48 44 39 32 31
 3 -97 4 44 36 32 31
 5 -53 5 44 42 38 37 32
 1 -5 7 54 47 42 41 39 38 36
 2 -64 2 32 31
 3 -76 8 54 51 47 46 43 42 41 38
 4 -60 6 54 47 46 43 41 40
 7 -45 5 54 46 43 42 38
 2 -66 5 47 46 43 42 40
 3 -42 5 47 46 43 41 40
 5 -15 5 52 48 46 43 40
 4 -63 5 59 52 51 46 45
 8 -23 3 52 49 40
 9 -47 5 56 55 52 50 46
 6 -32 5 67 59 56 53 45
 3 -100 4 67 53 52 45
 3 -42 3 52 49 45
 10 -58 6 63 60 55 53 50 49
 10 -12 4 55 53 52 49
 4 -16 4 63 62 55 50
 1 -92 3 60 53 49
 1 -61 3 67 62 50
 5 -28 4 63 58 57 55
 3 -49 7 71 67 66 65 64 62 61
 9 -12 2 58 57
 3 -35 3 71 60 58
 3 -47 4 64 63 61 60
 10 -49 3 66 65 58
 6 -90 2 65 55
 6 -25 6 78 72 71 70 64 61
 9 -35 4 78 71 64 60
 6 -80 7 74 73 71 70 69 66 65
 3 -7 5 78 72 70 64 61
 3 -44 8 81 78 74 73 72 70 69 68
 5 -73 5 73 70 69 68 65
 3 -67 6 81 80 76 75 74 73
 6 -36 6 82 81 78 77 75 70
 4 -18 6 82 81 80 74 71 69
 8 -66 3 81 69 68
 4 -13 7 91 81 80 77 76 75 72
 1 -84 7 91 82 81 79 78 76 75
 8 -21 8 91 90 88 87 82 80 79 76
 8 -8 7 91 89 88 80 79 77 75
 6 -84 6 91 90 88 87 79 76
 5 -51 6 90 88 87 80 79 76
 6 -95 6 91 90 88 87 79 76
 6 -14 6 89 88 87 86 85 79
 7 -44 4 91 87 84 82
 1 -93 4 88 87 86 79
 6 -60 5 90 87 86 84 83
 7 -68 4 89 86 85 83
 4 -34 4 86 85 84 83
 10 -6 4 88 85 84 83
 9 -22 2 84 83
 6 -29 2 86 83
 10 -53 2 85 84
 5 -76 2 85 83
 2 -78 1 92
 5 -7 1 92
 7 -72 1 92
 7 -44 1 92
 4 -70 1 92
 3 -19 1 92
 9 -10 1 92
 10 -53 1 92
 7 -70 1 92
 0 22295 0
