92
 0 -81 5 2 3 4 8 13
 9 -31 3 10 6 5
 2 -58 2 7 6
 1 -82 4 18 15 10 7
 8 -65 4 18 15 9 7
 7 -84 7 24 22 20 19 18 15 12
 1 -27 5 24 21 16 14 11
 3 -10 6 29 22 20 17 15 14
 3 -59 4 24 17 16 14
 1 -4 8 31 29 27 26 24 23 22 19
 8 -82 5 29 27 20 19 17
 2 -86 4 31 29 27 17
 1 -42 4 26 24 19 18
 8 -54 3 31 27 19
 4 -13 6 34 33 31 28 26 25
 10 -66 6 36 33 31 29 28 26
 10 -29 4 28 26 25 23
 9 -24 4 34 31 28 25
 10 -45 3 33 28 25
 10 -71 8 42 41 38 37 36 34 33 31
 4 -34 8 49 41 38 37 36 34 32 30
 8 -10 3 41 30 25
 3 -11 5 42 36 34 33 32
 4 -67 6 49 41 38 36 35 34
 10 -33 5 49 38 37 36 32
 10 -78 5 49 41 38 35 30
 4 -33 5 38 36 35 34 30
 9 -33 4 41 38 32 30
 9 -96 5 51 42 37 34 32
 3 -1 7 51 46 45 44 42 40 39
 2 -25 1 32
 3 -20 3 44 40 35
 9 -28 5 51 49 46 44 43
 5 -62 4 46 44 40 39
 8 -72 5 50 46 45 43 39
 3 -28 4 51 47 44 40
 2 -50 4 54 46 44 43
 2 -16 5 59 56 51 47 43
 2 -11 6 63 59 58 54 48 47
 9 -18 4 59 54 48 43
 1 -77 3 63 47 44
 2 -98 3 63 50 47
 2 -50 7 66 65 63 58 55 53 52
 6 -28 4 59 53 50 48
 10 -97 3 58 55 47
 4 -26 2 55 47
 8 -12 4 66 65 53 52
 8 -7 6 70 66 65 57 56 55
 7 -14 5 70 59 57 56 55
 7 -94 5 70 66 65 57 55
 10 -65 5 65 63 62 61 54
 4 -18 4 67 64 60 57
 9 -14 4 67 64 61 57
 5 -53 7 77 73 72 70 69 67 66
 3 -64 5 82 68 67 62 61
 10 -42 4 82 67 64 62
 2 -80 5 82 77 75 69 62
 9 -63 5 81 77 76 68 67
 4 -35 4 77 76 68 65
 4 -99 7 82 75 74 73 72 71 70
 2 -22 5 74 73 72 71 69
 6 -39 6 83 76 74 73 72 71
 1 -27 4 82 75 74 69
 2 -1 3 76 71 68
 4 -62 7 86 82 81 80 79 75 74
 1 -94 6 83 82 80 76 74 71
 3 -93 5 83 80 75 74 71
 8 -18 4 83 78 74 72
 1 -20 8 90 86 85 83 81 80 79 76
 4 -77 7 90 85 84 81 80 79 76
 3 -65 7 91 90 89 86 85 84 79
 8 -12 6 91 86 85 84 80 79
 10 -10 6 91 89 84 81 79 78
 9 -89 5 91 90 89 85 84
 1 -48 4 91 89 84 78
 4 -97 4 91 89 88 87
 3 -84 3 89 88 84
 4 -27 3 90 88 87
 9 -7 2 88 87
 8 -48 2 89 87
 3 -92 2 88 87
 8 -61 2 90 88
 2 -50 1 84
 8 -43 1 87
 8 -55 1 88
 10 -88 1 87
 3 -80 1 92
 1 -56 1 92
 1 -30 1 92
 4 -80 1 92
 5 -50 1 92
 0 22000 0
