92
 0 -45 5 2 3 5 6 11
 5 -19 7 16 15 14 10 9 8 7
 8 -72 4 15 13 8 4
 8 -24 8 28 24 22 20 18 16 14 12
 1 -76 4 21 16 13 8
 6 -25 4 22 18 16 15
 8 -40 7 36 32 28 25 24 21 20
 1 -98 5 32 23 20 19 17
 9 -66 5 28 24 22 20 18
 4 -99 4 22 21 19 18
 2 -33 4 22 21 19 18
 3 -44 7 36 35 32 30 26 25 21
 9 -63 4 32 29 22 18
 8 -20 5 36 26 25 21 19
 10 -94 3 36 23 20
 7 -52 7 45 36 35 32 31 29 26
 6 -10 7 36 35 34 29 28 27 25
 7 -95 3 35 26 23
 2 -96 7 45 35 34 33 31 29 27
 7 -97 4 35 30 27 26
 8 -38 3 34 29 23
 2 -48 3 36 27 25
 4 -93 4 46 45 31 27
 4 -27 3 45 31 29
 6 -13 4 45 40 37 33
 3 -52 3 40 34 33
 8 -82 4 40 39 38 37
 7 -39 4 46 39 38 37
 4 -3 4 46 44 38 37
 6 -60 4 45 44 38 37
 6 -9 2 39 37
 10 -54 4 48 44 41 38
 10 -4 4 48 44 42 38
 1 -65 2 50 37
 9 -95 5 50 48 44 43 42
 2 -68 5 53 50 44 43 42
 8 0 4 53 48 43 41
 4 -6 4 53 50 47 43
 10 -77 4 57 53 50 44
 10 -9 3 48 47 42
 9 -2 2 47 42
 9 -57 6 57 55 54 52 51 49
 9 -13 6 57 55 54 52 51 49
 10 -10 3 55 49 47
 8 -36 4 57 55 53 47
 10 -5 5 57 55 54 53 49
 2 -47 5 66 58 54 52 51
 10 -64 5 66 58 54 52 51
 3 -89 7 71 66 63 60 59 58 56
 7 -86 5 66 63 60 56 54
 4 -52 5 71 64 61 60 59
 2 -37 6 76 71 70 62 61 60
 4 -94 5 72 71 66 64 61
 10 -75 5 71 70 68 61 59
 8 -67 4 72 70 64 61
 7 -99 3 70 64 61
 5 0 9 81 80 76 72 71 69 68 67 66
 1 -18 6 81 80 72 70 68 67
 4 -27 3 76 72 65
 10 0 5 81 80 72 69 67
 1 -89 3 73 67 65
 5 -41 4 81 74 72 67
 1 0 4 81 76 72 67
 6 -56 5 76 75 73 69 68
 2 -6 7 91 82 81 80 77 75 74
 9 -81 6 91 89 82 77 75 74
 1 -98 6 91 89 82 79 77 75
 5 -19 6 91 89 82 79 78 77
 7 -42 5 90 89 82 78 77
 6 -8 2 78 73
 4 -63 4 90 79 78 77
 3 -31 1 73
 10 -25 3 90 89 77
 10 -4 3 90 79 78
 9 -83 2 88 78
 7 -8 2 88 78
 2 -57 6 88 87 86 85 84 83
 10 -60 5 87 86 85 84 83
 2 -53 3 86 84 83
 2 -3 3 90 89 84
 6 -23 2 85 83
 5 -34 1 83
 9 -65 1 92
 4 0 1 92
 3 -39 1 92
 6 -66 1 92
 4 -45 1 92
 5 -88 1 92
 8 -95 1 92
 2 -45 1 92
 6 -86 1 92
 0 21505 0
