92
 0 -73 13 2 3 4 5 6 7 9 11 12 13 15 17 18
 9 -44 6 41 35 32 30 14 8
 6 -4 9 46 42 37 29 28 23 22 20 16
 3 -92 5 37 29 23 16 10
 7 -49 12 54 41 40 39 36 34 31 28 27 26 24 19
 2 -40 4 41 24 16 14
 6 -23 7 46 40 36 30 28 24 20
 3 -24 10 54 48 42 39 34 33 31 29 28 27
 10 -79 10 54 51 48 46 41 39 36 35 30 29
 2 -6 8 54 41 40 39 30 28 27 24
 8 -92 7 48 41 38 35 31 29 20
 4 -49 7 54 48 46 36 34 32 21
 9 -4 11 54 48 43 41 40 39 38 37 31 28 27
 6 -63 9 54 51 48 46 39 37 29 27 25
 10 -84 7 48 40 35 34 33 31 20
 7 -78 10 61 54 51 48 45 43 40 39 36 35
 6 -19 8 54 45 43 40 39 35 31 27
 2 -97 7 54 45 41 40 39 31 27
 5 -31 10 61 52 51 50 48 47 44 43 42 33
 4 -34 7 54 53 51 45 43 39 27
 7 -27 5 51 43 39 33 27
 2 -3 8 61 59 56 54 48 45 41 36
 5 -26 10 61 59 57 52 51 48 47 45 44 40
 8 -53 8 61 52 50 48 47 45 43 35
 2 -17 8 66 61 52 50 47 44 43 33
 5 -99 7 61 56 52 47 45 43 35
 2 -63 11 66 62 61 59 57 56 52 50 49 47 44
 4 -90 11 66 62 61 59 57 53 52 51 49 47 44
 3 -44 7 61 57 52 49 47 43 40
 4 -35 4 66 50 47 33
 9 -24 11 73 66 62 61 60 59 57 56 53 51 44
 6 -78 6 66 57 53 52 49 40
 10 -44 9 69 67 65 59 57 56 55 53 45
 9 0 7 66 63 59 57 51 50 45
 4 -3 6 66 62 57 53 49 44
 10 0 8 69 66 63 62 57 50 49 47
 1 -74 7 67 59 57 56 55 50 45
 10 -16 7 66 63 61 56 51 50 47
 1 -59 7 63 62 57 56 52 49 47
 9 -58 10 91 72 70 69 67 63 62 60 55 50
 8 -84 7 72 69 67 66 57 52 47
 6 -73 7 67 65 62 58 56 55 49
 2 -48 12 90 77 73 72 70 68 67 65 64 63 62 59
 7 -1 7 91 69 67 65 63 58 55
 1 -77 4 76 68 62 49
 1 -69 8 91 89 77 73 72 70 68 53
 2 -35 6 91 70 65 60 58 55
 10 0 5 77 66 63 62 53
 6 -77 8 91 90 89 73 72 70 64 60
 4 -87 7 90 77 73 68 65 64 58
 10 -36 7 90 76 75 72 70 67 64
 2 -34 6 91 89 87 70 68 64
 6 -34 5 90 87 75 64 58
 7 -12 5 90 89 87 64 58
 10 -33 5 90 89 71 68 64
 4 -76 6 89 86 85 77 74 70
 8 -58 10 91 90 86 84 83 82 79 78 75 74
 8 -35 7 86 85 84 79 76 74 71
 9 -37 8 91 89 85 79 78 76 75 74
 8 -100 8 88 87 86 85 82 78 77 74
 5 -79 6 89 86 84 80 72 71
 2 -25 8 88 85 83 82 81 79 78 74
 6 -25 7 89 87 82 79 78 75 74
 8 -7 7 88 86 85 82 79 78 74
 6 -73 7 87 84 83 80 79 78 75
 7 -83 5 87 84 80 79 71
 4 -79 7 89 88 87 82 81 80 78
 8 -22 6 86 84 80 79 78 75
 1 -30 6 87 85 83 82 78 77
 8 -10 4 84 82 79 71
 3 -67 3 83 81 78
 2 -77 2 79 78
 1 -58 2 79 78
 8 -6 1 80
 10 -41 1 81
 10 -48 1 82
 4 -11 1 79
 4 -64 1 92
 5 -50 1 92
 6 -33 1 92
 9 -44 1 92
 4 -25 1 92
 7 -74 1 92
 6 -14 1 92
 10 -48 1 92
 5 -6 1 92
 9 -87 1 92
 5 -92 1 92
 1 -4 1 92
 10 -99 1 92
 9 -78 1 92
 0 21315 0
