92
 0 -90 15 2 3 4 5 6 7 8 9 10 12 13 16 17 21 23
 5 -82 5 30 28 26 22 11
 10 -4 7 41 33 30 26 24 22 15
 5 -62 4 33 19 15 14
 4 -73 9 41 33 32 31 27 26 25 19 18
 1 -47 8 31 28 27 24 22 20 19 18
 10 -86 6 41 34 33 28 20 15
 7 -71 6 40 33 27 26 24 14
 7 -71 10 41 40 37 34 29 27 26 24 22 20
 7 -6 9 41 40 37 33 31 29 27 24 22
 6 -64 6 50 41 31 27 19 18
 5 -38 5 41 26 24 22 18
 10 -57 7 48 41 37 33 29 27 22
 4 -58 7 48 41 37 35 31 29 22
 8 -63 4 43 31 27 18
 1 -32 9 50 47 42 40 39 35 32 30 29
 9 -71 4 40 38 24 20
 10 -18 9 53 48 47 45 42 40 39 37 29
 9 -23 10 61 53 52 47 45 43 39 38 35 34
 3 -23 9 73 53 52 48 47 46 39 36 32
 4 -60 8 61 53 44 43 42 39 35 29
 3 -49 10 73 56 52 51 50 47 46 42 38 32
 4 -97 7 52 47 46 39 38 33 32
 2 -48 10 60 53 52 48 46 45 44 43 39 35
 4 -41 13 61 56 54 53 52 51 50 47 46 45 44 39 38
 7 -54 7 66 61 47 44 38 36 35
 4 -69 6 61 52 39 38 36 35
 2 -30 11 66 63 60 56 52 51 50 47 46 45 39
 6 -34 9 73 66 63 54 52 49 46 38 36
 5 -15 9 91 73 63 61 60 56 45 43 37
 5 -67 10 91 73 66 61 60 55 52 51 44 39
 6 -87 9 91 71 63 61 60 54 45 44 43
 10 -17 11 91 77 71 70 58 57 56 54 53 51 49
 2 -92 10 91 73 71 63 62 60 56 54 48 44
 9 -1 11 91 77 73 71 63 57 56 55 54 51 49
 8 -43 11 91 76 72 71 70 65 59 58 57 56 51
 4 -17 7 72 71 67 62 55 54 44
 5 -7 7 77 71 67 60 58 57 55
 2 -41 6 71 70 65 59 58 49
 10 -32 8 76 75 70 68 63 62 59 57
 6 -4 8 91 90 75 73 71 68 65 59
 6 -25 6 76 75 65 63 59 55
 4 -1 3 66 58 49
 6 -81 7 77 76 75 74 68 65 57
 8 -94 7 77 75 74 72 70 68 57
 3 -57 7 91 77 76 75 71 70 58
 10 -38 6 87 76 75 72 65 55
 5 -93 8 90 74 70 69 68 67 65 64
 2 -15 7 82 76 75 74 72 69 64
 6 -89 7 86 75 74 70 69 64 62
 9 -28 6 90 89 86 69 67 64
 5 -14 9 90 88 87 86 83 82 75 74 68
 7 -9 5 90 87 75 65 63
 2 -59 3 89 84 59
 9 -18 6 86 83 74 70 69 68
 5 -28 7 90 87 83 82 75 74 68
 5 -44 6 90 86 84 82 69 64
 7 -57 4 90 86 69 62
 7 -1 5 86 82 74 69 64
 4 -44 5 86 82 76 75 64
 8 -15 8 88 86 83 82 80 79 75 74
 6 -48 9 89 87 85 84 83 82 81 79 78
 7 -4 7 86 84 83 82 80 79 74
 3 -22 7 87 85 83 81 80 79 78
 7 -58 7 89 85 84 81 80 79 78
 9 -56 5 89 88 82 80 74
 3 -75 5 85 83 82 80 75
 5 -52 5 89 85 84 80 79
 4 -35 3 88 81 79
 8 -87 3 88 82 79
 7 -84 3 83 80 78
 5 -48 3 90 86 78
 8 -2 3 85 79 78
 8 -4 2 81 78
 7 -2 1 84
 3 -57 1 78
 10 -74 1 80
 5 -44 1 92
 5 -63 1 92
 9 -44 1 92
 9 -12 1 92
 5 -87 1 92
 5 -100 1 92
 2 -55 1 92
 10 -41 1 92
 8 -30 1 92
 4 -65 1 92
 5 -2 1 92
 1 -35 1 92
 1 -57 1 92
 1 -72 1 92
 0 20845 0
