82
 0 -50 19 2 3 4 5 6 7 8 9 10 11 13 14 15 17 18 21 23 25 31
 10 -88 13 64 44 43 42 40 39 35 33 28 27 26 16 12
 10 -61 17 64 55 53 47 45 44 43 42 41 40 37 36 35 34 33 29 27
 5 -79 10 53 47 46 38 37 36 34 29 22 19
 10 -28 11 81 64 57 53 42 40 30 28 26 24 20
 10 -71 14 81 63 53 49 48 47 46 45 44 42 41 34 30 29
 6 -41 8 57 53 46 45 44 36 28 19
 1 -92 13 81 64 54 53 52 46 42 41 39 38 35 33 28
 7 -6 12 81 57 53 52 48 45 42 35 34 33 30 28
 4 -7 11 81 57 55 53 48 46 43 42 37 33 24
 8 -16 16 81 80 64 63 62 57 55 53 52 49 45 44 43 42 37 35
 7 -78 10 81 53 52 49 46 45 41 34 32 30
 6 -12 11 81 78 64 55 49 47 44 43 41 37 29
 4 -84 11 81 77 63 56 53 52 48 47 35 34 30
 3 -70 9 81 78 64 54 52 46 41 33 30
 1 -98 9 81 63 56 55 53 49 48 37 29
 9 -4 8 80 78 63 55 53 46 36 29
 7 -40 12 81 77 76 64 63 56 55 53 52 49 47 34
 3 -81 10 81 80 61 55 54 52 51 42 35 33
 5 -87 8 61 55 54 52 43 37 35 33
 9 -77 10 81 77 74 56 55 53 52 49 37 34
 1 -84 10 77 73 64 63 62 58 57 56 51 32
 4 -60 9 80 78 62 61 55 54 52 42 37
 6 -41 12 80 78 76 75 68 63 61 59 56 52 49 45
 7 -12 14 81 79 78 77 75 74 73 71 61 58 57 55 54 51
 6 -35 13 79 77 76 75 73 72 70 62 61 60 55 50 47
 3 -16 11 81 77 75 73 71 68 56 52 51 49 48
 7 -43 7 80 78 77 74 62 55 37
 7 -25 13 77 76 75 74 71 69 62 61 57 54 52 51 50
 1 -89 6 79 74 62 55 50 37
 5 -5 14 81 80 79 78 75 74 73 70 69 63 61 60 58 51
 2 -93 10 76 74 72 71 70 60 59 55 50 48
 5 -51 11 76 74 73 71 70 63 62 60 59 56 49
 8 -22 9 80 78 75 73 69 61 54 51 50
 8 -28 12 78 76 75 74 72 71 70 69 68 60 59 58
 10 -36 11 81 79 77 75 74 73 72 71 68 58 54
 2 -14 10 76 75 73 71 70 69 68 60 58 51
 6 -90 10 78 73 72 71 69 68 61 59 56 49
 7 -8 8 77 76 71 70 58 55 51 50
 5 -43 8 73 72 69 68 61 60 56 49
 2 -79 10 80 74 72 70 69 68 67 61 59 58
 1 -17 8 77 76 72 71 70 69 60 50
 3 -64 8 77 73 71 69 60 59 58 50
 9 -44 9 79 74 73 71 70 68 67 58 56
 6 -1 6 74 73 69 66 65 54
 2 -74 6 77 74 73 71 58 56
 1 -33 5 74 71 68 59 58
 7 -84 5 80 78 69 67 61
 10 -13 4 79 67 65 58
 6 -55 4 68 67 66 65
 5 -8 3 72 66 59
 4 -20 3 67 66 65
 9 -30 3 69 68 67
 6 -2 2 70 60
 10 -42 2 69 65
 9 -75 2 66 65
 4 -68 2 66 65
 4 -41 1 66
 3 -71 1 65
 6 -5 1 67
 1 -2 1 65
 6 -41 1 68
 7 -84 1 67
 10 -29 1 68
 1 -50 1 82
 5 -79 1 82
 3 -39 1 82
 4 -26 1 82
 10 -4 1 82
 7 -53 1 82
 1 -67 1 82
 3 -4 1 82
 5 -92 1 82
 3 -40 1 82
 3 -49 1 82
 4 -20 1 82
 1 -14 1 82
 6 -49 1 82
 9 0 1 82
 4 -28 1 82
 1 -57 1 82
 0 18090 0
