92
 0 -39 15 2 3 4 5 6 7 8 9 10 12 13 14 17 23 26
 9 -2 5 34 33 24 18 11
 7 -33 6 34 33 31 28 21 15
 1 -94 5 34 24 20 19 15
 4 -9 9 42 37 34 33 30 29 27 20 18
 10 -37 5 34 33 32 19 15
 6 -35 10 45 44 42 39 38 37 34 33 27 24
 5 -10 6 47 44 33 28 22 18
 1 -50 6 47 38 34 33 31 16
 9 -40 5 47 45 33 31 15
 9 -8 4 32 31 25 15
 9 -34 4 53 37 21 20
 9 -2 6 55 53 37 36 29 21
 8 -54 6 55 53 38 37 36 21
 6 -85 7 44 42 39 38 37 36 27
 5 -22 7 45 44 39 36 35 32 27
 3 -5 7 44 42 39 38 36 35 27
 10 -60 8 53 46 45 43 39 38 36 31
 6 -34 9 55 53 51 47 46 45 44 36 31
 6 -98 8 51 47 46 45 39 38 36 31
 7 -20 9 50 47 46 45 44 43 41 35 32
 4 -8 9 55 53 52 46 43 41 37 36 35
 8 -16 9 55 53 52 46 45 43 41 36 35
 5 -15 5 47 43 36 32 31
 2 -76 7 53 46 45 41 39 36 35
 9 -83 11 62 59 57 55 54 53 46 45 44 42 40
 8 -35 10 59 57 55 53 52 50 46 43 41 40
 3 -90 8 55 53 52 51 45 42 38 35
 6 -27 8 57 52 47 46 45 43 41 40
 2 -19 8 62 57 55 53 50 46 43 40
 8 -75 5 59 52 50 41 35
 4 -84 8 80 69 62 58 57 54 52 40
 4 -28 13 71 68 65 63 62 59 57 55 52 51 50 49 48
 4 -60 10 71 62 59 58 56 54 52 50 49 46
 6 -68 5 69 64 58 57 40
 1 -39 10 71 69 63 62 61 59 57 54 50 49
 1 -48 9 71 70 63 61 57 56 54 50 49
 8 -65 10 80 71 66 64 62 58 57 56 54 48
 3 -92 11 72 69 68 65 63 62 61 60 56 55 50
 5 -73 7 71 68 65 63 56 49 48
 2 -89 10 80 77 73 71 64 63 62 60 56 54
 9 -33 9 91 72 71 69 67 63 58 56 50
 7 -82 6 69 68 60 58 54 51
 6 -54 5 91 79 77 63 52
 9 -90 7 89 79 78 72 66 64 60
 10 -16 7 90 77 72 67 65 63 61
 5 -70 5 73 72 69 59 56
 2 -12 9 90 89 78 77 73 72 70 67 61
 1 -28 7 90 89 78 74 72 66 60
 9 -43 10 87 86 85 80 79 78 77 76 73 64
 7 -87 10 90 89 87 85 79 77 76 73 72 61
 4 -58 8 89 86 84 78 73 72 67 64
 7 -4 7 91 90 87 85 77 76 61
 2 -31 8 89 87 85 76 75 74 72 65
 6 -12 10 91 87 86 85 84 83 81 77 75 73
 4 -10 10 89 88 87 86 85 84 83 76 75 74
 7 -35 8 91 86 85 84 76 75 73 72
 1 -28 9 90 86 85 84 83 79 78 75 74
 8 -25 6 91 88 85 84 78 64
 10 -42 4 91 86 83 67
 4 -8 6 86 84 83 81 75 74
 10 0 6 90 89 86 83 81 78
 3 -66 5 89 88 85 84 82
 5 -10 4 90 83 75 74
 5 -79 4 91 84 83 79
 2 -40 4 84 83 81 77
 2 -20 3 87 85 76
 1 -21 3 89 87 79
 1 -13 3 89 86 81
 4 -70 3 88 83 82
 10 -81 2 84 75
 5 -59 2 83 81
 9 -100 1 74
 10 -83 1 82
 8 -15 1 82
 5 -59 1 81
 4 -11 1 88
 7 -52 1 82
 10 -94 1 81
 9 -93 1 84
 4 -61 1 92
 8 -50 1 92
 2 -59 1 92
 10 -53 1 92
 9 -68 1 92
 4 -46 1 92
 2 -55 1 92
 1 -61 1 92
 9 -78 1 92
 2 -46 1 92
 7 -38 1 92
 0 21050 0
