92
 0 -53 16 2 3 4 5 6 7 8 9 10 11 12 13 14 16 18 23
 8 -35 11 59 43 41 39 32 31 26 22 19 17 15
 5 -32 14 64 59 52 49 43 41 38 36 29 27 26 22 21 20
 6 -80 16 65 63 56 49 44 43 42 41 40 39 37 33 32 31 30 25
 6 -44 13 69 59 58 52 51 47 44 43 37 35 31 28 15
 4 -85 10 69 52 44 41 39 35 34 31 27 15
 9 -40 13 66 65 64 63 57 47 45 44 43 37 33 31 30
 2 -48 13 65 59 56 55 53 52 51 49 46 45 43 41 22
 10 -79 14 75 65 64 63 59 56 55 53 52 49 48 42 41 24
 10 -51 21 91 73 67 66 64 63 62 59 58 55 53 52 51 50 48 47 46 45 42 41 34
 2 -23 15 91 69 66 65 64 58 56 54 53 52 51 49 42 41 31
 5 -31 17 91 75 74 69 67 66 65 63 58 55 54 53 51 47 42 40 38
 3 -16 8 73 55 48 42 41 39 37 24
 9 -18 16 89 73 67 66 62 59 58 56 55 54 53 52 51 48 42 34
 8 -49 14 91 67 66 65 64 63 55 54 53 49 45 42 40 38
 10 -11 14 91 70 68 66 65 63 58 57 56 54 52 48 44 37
 10 -37 10 91 75 68 66 62 56 46 44 42 29
 4 -37 15 75 69 68 65 62 60 58 56 55 54 50 49 47 44 42
 3 -91 14 91 74 73 69 68 62 56 54 53 52 51 49 48 42
 3 -54 13 91 74 73 69 68 67 66 62 55 54 53 48 42
 4 -60 10 90 73 62 58 55 54 51 45 44 34
 9 -77 14 91 75 72 68 66 63 62 61 60 57 50 48 47 44
 1 -73 14 90 89 72 68 66 65 63 62 61 60 55 54 50 48
 8 -48 13 91 74 72 68 66 62 60 57 54 51 47 46 44
 2 -74 12 74 66 62 60 59 58 57 54 51 48 47 46
 7 -35 12 90 89 72 69 66 65 63 61 54 53 51 47
 9 -91 11 91 90 75 71 67 66 65 63 60 56 46
 3 -45 8 91 75 72 67 61 55 49 38
 5 -38 12 90 88 74 73 72 67 61 58 57 53 51 48
 6 -59 10 91 90 75 72 69 62 55 51 48 46
 5 -79 10 89 75 73 72 67 62 61 60 50 48
 9 -39 9 90 75 73 64 62 61 55 47 45
 5 -55 8 91 88 74 68 67 54 53 52
 1 -88 12 88 86 84 83 75 74 72 71 70 68 61 60
 6 -21 10 91 88 85 84 73 71 70 67 62 53
 1 -68 7 91 71 68 65 62 60 54
 1 -13 7 89 84 74 72 62 61 53
 4 -21 6 71 70 68 62 60 56
 4 -34 5 88 86 71 60 51
 8 -83 10 89 88 87 83 82 79 72 71 70 62
 4 -83 7 90 84 78 74 71 70 60
 5 -57 6 90 83 72 70 61 57
 8 -63 6 90 87 79 72 62 54
 3 -71 11 89 88 85 84 83 82 81 80 79 78 67
 2 -83 12 89 88 86 84 83 82 81 80 79 78 76 71
 3 -59 8 89 88 87 85 81 76 70 61
 5 -23 10 87 86 83 82 81 79 78 77 76 70
 7 -4 9 86 85 84 83 80 79 78 76 71
 5 -78 9 89 86 83 82 79 78 77 76 70
 4 -33 8 88 84 83 82 79 76 71 70
 9 -74 8 85 84 83 82 79 78 77 70
 8 -65 8 90 87 86 85 82 81 76 71
 9 -6 3 83 77 60
 1 -94 7 86 85 84 83 80 78 76
 3 -95 7 88 84 83 81 79 78 77
 5 -42 7 88 86 84 83 81 80 78
 5 -61 6 85 84 82 79 77 76
 6 -2 5 85 81 79 76 71
 4 -52 5 86 80 78 76 72
 1 -41 5 87 82 81 79 76
 2 -81 5 82 80 79 78 77
 4 -8 5 86 81 78 77 76
 3 -38 5 83 82 80 79 78
 6 -25 5 85 84 81 78 77
 10 -99 4 88 79 78 73
 8 -23 4 87 82 79 78
 1 -12 3 86 77 76
 5 -53 2 77 76
 3 -32 2 80 78
 9 -56 1 80
 2 -94 1 77
 7 -82 1 81
 8 -99 1 76
 6 -74 1 85
 6 -60 1 85
 5 -87 1 92
 3 -31 1 92
 6 -16 1 92
 6 -79 1 92
 10 -13 1 92
 4 -48 1 92
 7 -13 1 92
 5 -58 1 92
 3 -69 1 92
 4 -62 1 92
 4 -20 1 92
 8 -71 1 92
 4 -41 1 92
 10 -77 1 92
 2 -76 1 92
 10 -27 1 92
 0 23625 0
