92
 0 -48 12 2 3 4 5 6 7 9 10 12 15 16 17
 1 -47 13 44 37 33 32 30 29 28 25 22 21 19 18 13
 8 -84 10 39 37 36 33 32 30 29 27 18 14
 8 -22 6 44 29 28 27 20 8
 10 -49 6 31 29 28 24 20 8
 9 -17 7 44 37 36 29 22 18 11
 2 -92 12 56 45 40 39 38 37 35 34 30 29 28 25
 3 -10 9 56 43 42 39 38 36 34 30 18
 4 -46 10 56 45 44 43 40 38 36 35 26 25
 6 -98 9 45 44 40 39 38 35 34 28 26
 7 -95 10 62 56 45 43 42 40 38 35 34 26
 8 -45 7 45 40 39 38 32 28 26
 4 -97 7 56 45 42 41 36 35 24
 5 -91 6 56 53 44 42 35 22
 1 -61 5 56 42 39 27 26
 9 -74 11 66 62 56 53 51 44 43 42 40 38 30
 2 -75 7 53 48 45 42 40 38 23
 3 -55 6 62 57 45 40 35 26
 3 -98 9 66 62 56 53 51 48 42 40 35
 2 -74 13 66 64 60 57 54 53 51 50 49 48 47 46 43
 4 -84 11 70 57 56 54 53 51 49 47 46 45 42
 10 -14 5 62 43 41 38 34
 1 -42 11 67 66 64 62 57 56 55 54 52 49 41
 6 -95 7 65 62 53 52 48 46 34
 9 -15 10 67 66 64 62 54 52 51 50 49 41
 3 -1 9 64 54 53 52 51 50 49 48 41
 2 -26 9 70 62 60 57 54 51 49 45 40
 3 -53 8 66 62 57 54 53 50 42 41
 7 -47 9 70 67 66 64 57 55 54 50 41
 4 -40 7 64 55 54 52 50 48 41
 3 -25 8 70 67 66 56 55 53 50 41
 8 -33 7 66 60 57 55 50 46 43
 1 0 6 57 55 51 50 47 43
 4 -52 9 70 67 64 60 57 54 51 50 47
 8 -75 10 75 74 67 65 64 61 60 52 50 49
 2 -4 8 67 65 64 61 54 53 52 46
 5 -59 4 64 50 49 43
 3 -52 9 75 72 67 65 64 60 58 57 52
 10 -44 7 75 67 63 60 55 52 50
 4 -90 6 75 65 61 55 50 46
 6 -96 5 75 65 60 47 46
 4 -12 9 75 72 67 65 63 61 60 58 55
 1 -65 6 75 74 67 65 58 52
 9 -78 5 77 65 64 63 48
 1 -18 5 74 67 66 59 50
 6 -90 6 78 74 72 63 59 58
 2 -25 5 72 63 61 59 58
 4 -49 8 80 78 74 73 72 69 67 59
 9 -75 7 79 78 72 71 68 63 58
 9 -75 5 79 78 72 68 58
 8 -17 5 79 78 72 71 58
 1 -54 5 91 80 77 70 59
 2 -27 9 90 89 80 79 78 73 72 71 69
 2 -77 8 90 89 79 78 75 73 71 68
 5 -94 8 90 89 80 79 78 74 71 68
 7 -76 8 90 89 80 79 78 76 73 72
 2 -67 7 90 89 78 74 71 68 63
 3 -77 7 90 89 80 77 76 73 69
 10 -22 6 90 89 82 79 71 68
 3 -52 7 90 89 87 82 79 78 71
 5 -25 5 89 78 76 73 71
 2 -45 5 89 88 81 76 74
 9 -32 5 91 88 82 81 76
 2 -46 5 88 82 81 78 76
 9 -18 3 90 73 69
 2 -54 5 88 87 82 81 78
 1 -34 6 88 87 84 83 81 79
 5 -62 4 88 85 81 76
 4 -22 6 88 87 85 84 83 81
 4 -38 3 88 79 78
 6 -90 5 88 85 84 83 81
 10 -49 5 91 88 84 83 82
 3 0 4 87 84 83 81
 1 -8 4 87 86 84 82
 8 0 3 86 83 82
 9 -50 3 87 84 83
 6 -77 3 87 84 83
 8 -75 2 84 83
 10 -73 2 86 85
 6 -1 2 85 83
 6 -87 1 86
 3 -54 1 85
 4 -33 1 92
 6 -53 1 92
 3 -59 1 92
 10 -67 1 92
 6 -91 1 92
 6 -74 1 92
 1 -68 1 92
 7 -69 1 92
 10 -17 1 92
 0 23730 0
