92
 0 -92 12 2 4 5 6 8 9 10 11 14 15 20 21
 5 -63 2 23 3
 1 -67 7 34 29 28 26 16 12 7
 7 -50 10 37 34 30 29 28 27 26 24 17 12
 1 -25 9 39 33 31 30 29 28 27 19 13
 9 -100 7 37 30 28 22 18 17 16
 3 -45 9 37 33 32 31 30 27 24 19 18
 4 -45 9 39 36 34 33 29 28 26 25 24
 9 -58 9 39 37 36 33 31 30 27 25 23
 10 -29 4 45 27 23 17
 5 -10 8 39 38 37 36 32 30 28 25
 3 -98 8 45 41 40 39 38 33 32 25
 10 -23 6 45 40 37 36 25 23
 7 -17 8 45 42 41 39 35 34 31 27
 4 -79 7 41 40 39 38 32 30 25
 7 -59 7 43 41 39 38 32 31 27
 1 -32 6 42 41 39 36 33 32
 1 -74 5 61 44 41 39 25
 1 -50 8 52 46 44 43 41 40 38 36
 3 -29 7 59 44 41 40 39 35 33
 6 -99 6 47 46 45 35 34 31
 5 -15 9 54 48 47 45 44 43 42 41 38
 6 -17 6 54 49 41 38 35 32
 4 -60 10 59 57 54 52 47 45 44 43 41 40
 4 -97 8 59 54 52 51 50 47 42 35
 8 -19 6 71 61 58 46 45 31
 8 -19 11 71 63 61 59 58 55 54 52 47 46 40
 7 -9 11 71 62 61 60 59 57 56 55 47 44 41
 8 -64 5 74 62 50 46 38
 1 -34 11 70 63 61 59 58 56 54 50 48 47 46
 10 -20 6 57 54 53 52 44 40
 9 -63 10 71 61 59 58 57 55 52 50 48 44
 2 -15 9 76 71 61 56 54 53 52 48 46
 9 -13 9 70 63 62 59 57 54 51 50 43
 5 -80 6 63 58 57 53 48 43
 5 -27 10 71 69 62 60 58 55 54 53 51 47
 6 -16 6 71 59 55 54 49 44
 7 -74 11 71 65 63 61 60 59 58 57 56 55 53
 8 -87 6 74 70 68 58 48 46
 5 -71 7 77 74 70 68 50 49 48
 2 -15 7 89 74 68 58 53 51 50
 1 -15 7 77 76 71 68 63 57 49
 8 -91 8 90 89 76 71 65 64 56 55
 3 -46 8 90 76 70 69 68 66 63 51
 7 -91 12 91 90 89 87 76 75 72 69 68 67 66 65
 1 -100 5 77 75 66 57 51
 5 -6 12 91 89 87 84 77 76 75 73 67 66 65 64
 7 -15 7 91 81 69 67 65 62 60
 4 -59 6 89 73 72 67 66 56
 8 -62 6 75 72 69 67 66 65
 9 -52 10 91 87 86 85 84 83 82 80 73 64
 2 -62 9 90 89 85 83 78 75 72 68 66
 7 -28 8 88 87 86 85 84 72 70 66
 3 -80 7 91 89 86 84 75 74 65
 8 -61 6 87 83 77 72 68 67
 7 -86 11 91 88 87 86 85 84 83 82 81 78 75
 1 -95 7 90 89 87 85 84 83 64
 7 -82 8 90 86 85 83 82 80 76 73
 8 -96 6 89 87 85 82 72 68
 1 -66 8 90 89 87 85 84 79 78 75
 7 -6 8 90 87 86 83 81 80 79 78
 8 -59 5 89 86 84 83 82
 10 -65 5 85 84 81 80 78
 8 -78 3 88 78 72
 2 -18 4 88 83 82 78
 3 -25 3 82 80 79
 9 -35 3 85 82 78
 4 -42 3 86 84 80
 6 -21 3 86 84 78
 8 -19 3 83 82 78
 9 -4 3 83 82 80
 5 -98 2 81 79
 7 -64 2 81 79
 8 -87 2 81 79
 3 -30 1 80
 9 -65 1 78
 8 -38 1 79
 3 -17 1 92
 10 -23 1 92
 3 -15 1 92
 4 -39 1 92
 7 -30 1 92
 7 -56 1 92
 5 -36 1 92
 5 -29 1 92
 10 -61 1 92
 9 -20 1 92
 7 -21 1 92
 1 -44 1 92
 3 -55 1 92
 4 -19 1 92
 0 21855 0
