92
 0 -9 14 2 3 4 5 6 8 9 11 13 14 15 23 24 30
 10 -40 5 28 21 17 10 7
 5 -85 7 29 25 22 20 18 16 12
 5 -92 6 41 28 22 21 20 10
 10 -6 6 35 34 21 20 17 12
 10 -58 9 41 35 34 33 32 31 28 26 21
 7 -57 7 50 36 34 29 25 22 19
 2 -68 8 41 36 35 32 31 26 25 21
 1 -33 4 41 35 29 12
 7 -34 7 38 34 33 31 29 26 16
 2 -19 8 59 50 48 41 35 31 28 21
 9 -51 10 53 43 39 38 36 33 32 31 28 26
 1 -40 7 50 36 35 32 29 27 20
 8 -87 5 41 37 31 26 22
 1 -78 12 56 53 51 50 46 45 44 41 39 35 34 27
 8 -26 13 59 56 53 51 50 49 46 44 40 39 36 35 32
 5 -5 9 53 48 45 43 42 41 39 38 26
 2 -50 14 60 59 56 55 49 48 46 45 43 42 41 39 37 35
 7 -23 11 59 56 46 45 44 43 41 40 38 35 33
 8 -45 13 60 59 56 53 52 51 46 44 43 42 40 39 38
 2 -46 10 60 46 45 43 42 40 39 38 37 29
 10 -6 10 56 53 52 51 45 44 43 39 38 32
 7 -96 7 59 53 49 47 43 40 28
 9 -78 11 60 59 55 53 52 51 49 46 45 42 39
 4 -36 9 65 60 58 56 55 47 43 39 37
 4 -81 10 61 60 59 58 52 51 50 49 47 40
 6 -14 11 66 65 63 62 61 60 59 58 52 43 40
 5 -88 7 63 60 56 51 46 44 42
 2 -25 10 64 63 61 58 55 54 52 51 49 47
 4 -8 8 65 61 58 55 53 52 44 39
 1 -13 10 81 70 64 63 61 55 52 47 46 44
 1 -76 6 71 63 60 48 47 42
 1 -27 9 65 64 63 61 60 54 52 51 47
 3 -83 8 65 63 62 61 54 52 49 48
 5 -83 7 70 65 63 61 58 52 47
 7 -75 9 73 71 70 66 60 58 57 55 45
 1 -65 9 78 67 64 63 62 61 54 53 52
 9 -36 7 71 63 61 58 55 49 47
 8 -27 9 72 71 70 69 68 67 66 63 54
 3 -86 7 78 72 71 67 64 57 55
 8 -7 7 72 71 69 68 66 63 54
 3 -81 6 75 68 65 61 58 54
 9 -80 6 78 75 69 67 57 54
 10 -89 5 69 67 66 62 57
 2 -89 9 90 89 77 76 69 68 65 64 63
 4 -1 8 89 78 77 71 69 68 62 58
 1 -52 7 91 89 78 69 67 66 62
 10 -7 5 70 69 67 66 57
 7 -52 11 91 89 77 76 74 73 72 70 69 68 66
 9 -40 7 90 78 75 72 69 68 54
 5 -72 10 91 90 89 81 78 74 72 71 69 68
 6 -74 4 72 71 69 57
 2 -21 9 91 90 89 88 76 75 74 69 68
 4 -94 10 89 87 86 85 81 79 77 76 74 73
 10 -64 6 91 89 77 74 69 68
 6 -34 6 89 79 77 73 70 69
 3 -75 7 91 90 89 87 76 74 68
 5 -65 8 91 90 88 86 85 80 74 72
 5 -39 7 89 88 84 80 78 75 72
 10 -18 8 91 89 87 86 85 77 76 74
 4 -4 8 91 89 88 87 86 85 79 73
 9 -9 6 90 85 80 76 74 72
 6 -11 8 91 88 87 86 85 83 79 74
 6 -17 7 88 87 85 84 80 79 75
 2 -12 6 91 86 81 79 78 74
 4 -27 6 90 88 85 84 83 75
 8 -58 4 90 87 77 73
 5 -37 5 86 85 84 80 79
 5 -61 6 87 86 85 84 83 82
 5 -2 6 90 87 85 84 83 82
 10 -61 4 88 84 79 75
 5 -98 2 87 79
 5 0 2 82 80
 9 -89 2 84 82
 4 -33 2 86 82
 2 -13 2 84 82
 9 -28 2 88 83
 2 -50 2 85 82
 9 -44 1 82
 6 -86 1 83
 10 -36 1 83
 6 -31 1 92
 1 -100 1 92
 3 -99 1 92
 10 -36 1 92
 3 -81 1 92
 2 -50 1 92
 2 -49 1 92
 8 -49 1 92
 4 -67 1 92
 7 -49 1 92
 0 21980 0
