92
 0 -98 7 2 3 4 5 9 10 16
 2 -36 5 13 12 11 8 6
 9 -62 4 13 11 7 6
 1 -4 2 11 7
 4 -35 5 23 21 15 14 12
 9 -53 6 23 21 20 19 17 15
 3 -62 6 23 21 20 19 17 15
 9 -38 6 25 24 23 20 19 17
 8 -62 5 23 22 21 19 15
 3 -81 2 23 11
 10 -9 3 22 21 15
 10 -45 3 34 19 17
 5 -43 3 22 21 18
 3 -12 3 34 24 17
 5 -21 4 34 28 25 18
 6 -76 4 34 28 25 18
 7 -13 3 28 22 18
 7 -27 6 33 32 30 29 27 26
 5 -47 5 33 32 30 29 28
 8 -65 5 34 29 28 27 26
 6 -43 3 34 32 24
 7 -80 4 31 30 29 27
 9 -49 3 34 28 27
 7 -71 2 29 28
 7 -1 2 31 27
 8 -6 3 37 36 31
 2 -88 7 43 40 39 38 37 36 35
 9 -92 2 46 31
 10 -56 6 45 40 39 38 37 36
 1 -100 6 46 40 39 38 37 35
 9 -55 6 44 43 40 39 38 35
 10 -25 5 46 40 39 37 35
 1 -13 6 46 44 43 42 40 35
 2 -36 6 49 48 46 41 39 37
 1 -27 7 53 52 50 49 48 45 41
 6 -100 7 53 52 49 48 47 46 42
 7 -95 4 53 52 44 42
 7 -25 4 53 48 42 41
 1 -94 3 53 47 42
 1 -12 6 63 60 54 53 52 47
 9 -43 7 68 63 60 59 56 54 47
 6 -27 5 76 62 54 51 50
 9 -92 8 63 61 60 59 57 56 53 49
 3 -100 6 63 60 59 56 54 47
 2 -2 6 65 63 61 57 55 51
 1 -71 8 68 65 64 63 61 59 57 55
 8 -77 5 69 65 64 57 55
 9 -4 7 76 67 64 63 62 59 58
 3 -100 6 69 68 64 62 58 55
 2 -58 5 68 64 63 56 55
 6 -26 5 67 64 60 59 58
 9 -42 5 76 69 68 67 56
 4 -79 6 76 75 70 69 67 58
 5 -58 5 70 67 65 61 58
 6 -42 6 78 77 75 74 67 66
 3 -31 2 75 58
 4 -30 5 76 73 72 70 62
 6 -83 5 79 78 77 74 66
 6 -29 4 78 74 69 66
 2 -100 4 78 75 70 66
 6 -67 6 90 78 77 73 72 71
 9 -91 5 82 79 78 77 71
 3 -83 5 82 79 78 72 71
 2 -60 4 79 72 71 70
 9 -21 5 90 82 74 72 71
 7 -4 4 90 73 72 71
 3 -6 5 91 82 80 79 72
 6 -7 3 91 77 70
 7 -20 4 90 89 82 71
 1 -93 6 90 89 87 83 82 81
 1 -53 3 91 81 80
 3 -36 5 88 87 86 85 83
 3 -18 4 89 86 85 82
 5 -12 4 89 88 87 81
 5 -37 4 89 86 85 82
 2 -47 4 89 88 84 80
 1 -71 3 85 83 80
 2 -80 3 85 84 80
 5 -7 3 90 89 81
 7 -60 2 87 86
 6 -63 2 85 84
 2 -88 2 88 84
 10 -89 1 84
 8 -48 1 92
 3 -92 1 92
 10 -44 1 92
 10 -70 1 92
 9 -61 1 92
 10 -22 1 92
 3 -91 1 92
 4 -78 1 92
 0 23350 0
