92
 0 -85 21 2 3 4 5 6 7 8 9 10 11 12 13 14 15 16 18 19 20 21 25 26
 7 -30 11 62 57 56 55 54 49 41 39 35 27 17
 3 -100 13 67 66 56 55 54 53 46 41 40 39 30 24 23
 2 -73 11 58 56 53 44 41 38 32 31 30 29 23
 3 -49 9 91 67 54 49 46 44 41 35 17
 3 -44 16 91 68 67 62 57 54 53 49 45 41 39 37 36 34 33 28
 1 -71 14 91 67 66 57 55 54 53 49 44 41 40 39 37 23
 1 -3 11 62 57 56 53 49 43 41 38 33 29 23
 10 -69 11 67 66 62 54 53 44 39 37 35 31 23
 4 -21 10 66 56 54 43 41 38 37 33 30 23
 1 -18 12 66 60 57 54 53 49 46 43 42 41 39 23
 4 -47 10 89 66 58 55 54 49 41 37 33 23
 2 -80 10 62 57 55 51 49 43 38 37 36 22
 7 -65 10 89 66 55 54 53 49 43 38 37 23
 2 -21 8 55 53 50 43 40 35 31 24
 4 -92 14 91 90 89 66 59 53 49 45 43 39 38 37 36 33
 1 -34 9 89 66 58 53 43 40 38 37 23
 10 -8 14 89 66 62 59 58 53 52 45 44 43 41 37 36 35
 4 -39 9 91 66 61 57 55 51 47 43 22
 7 -15 14 68 66 65 64 61 60 59 57 56 55 49 48 41 35
 9 -1 13 90 89 74 68 66 62 61 60 59 49 43 39 35
 7 -13 13 89 88 74 65 64 63 60 58 56 53 52 50 48
 3 -37 9 86 68 65 61 52 51 50 45 36
 4 -63 7 89 59 49 45 44 37 36
 2 -61 14 91 89 88 87 83 72 68 64 60 59 53 49 47 41
 4 -82 9 67 66 65 64 54 53 51 49 38
 1 -74 12 88 87 74 71 68 66 65 63 60 59 51 43
 7 -60 10 90 73 66 64 60 59 56 55 51 40
 3 -47 9 89 86 66 63 61 60 47 45 40
 1 -18 9 90 87 84 71 65 62 60 57 47
 8 -97 8 87 84 73 61 60 57 51 49
 4 -45 11 89 88 87 85 84 71 69 68 65 63 55
 1 -60 9 88 86 80 73 70 64 63 51 40
 10 -6 12 89 88 87 85 81 77 73 72 71 69 66 59
 4 -44 11 88 87 86 84 82 81 80 78 70 63 51
 5 -32 9 87 80 73 72 71 69 64 63 47
 5 -81 11 86 84 83 79 78 76 72 69 63 61 60
 6 -3 12 88 85 84 83 82 80 79 71 70 69 68 63
 7 -19 8 86 82 81 80 78 73 65 51
 7 0 9 84 83 82 81 79 77 74 72 71
 8 -39 8 90 82 80 79 74 73 71 63
 1 -24 8 88 86 85 82 81 78 70 62
 7 -49 9 86 85 83 81 80 79 77 76 64
 3 -81 9 87 86 82 81 80 79 77 70 68
 2 -62 2 87 48
 3 -42 8 86 81 80 79 78 76 69 64
 6 -35 8 85 81 79 78 77 75 74 70
 9 -58 6 83 79 77 71 70 69
 1 -70 6 82 81 79 71 70 69
 9 -17 4 90 78 75 59
 7 -55 7 85 83 79 77 76 72 69
 1 -35 7 87 83 81 80 79 77 72
 10 -39 6 86 84 81 76 71 69
 1 -54 6 87 82 78 74 70 69
 6 -42 6 86 82 81 80 79 70
 7 -6 6 87 83 78 77 76 69
 7 -31 5 89 83 78 77 72
 8 -44 3 84 69 68
 3 -46 4 84 82 80 70
 4 -49 4 85 82 81 80
 5 -64 4 88 82 80 75
 4 -74 3 77 76 69
 7 -58 2 77 75
 8 -86 2 84 75
 6 -67 2 83 75
 6 -43 2 79 75
 6 -24 2 86 75
 8 -51 1 73
 7 -89 1 75
 5 -83 1 76
 6 -80 1 78
 5 -33 1 75
 5 -93 1 76
 5 -78 1 76
 9 -4 1 92
 2 -65 1 92
 1 -36 1 92
 3 -15 1 92
 6 -36 1 92
 7 -90 1 92
 6 0 1 92
 1 -93 1 92
 9 -64 1 92
 10 -54 1 92
 9 -97 1 92
 6 -36 1 92
 4 -44 1 92
 10 -93 1 92
 1 -21 1 92
 7 -27 1 92
 9 -86 1 92
 0 22345 0
