92
 0 -97 11 2 3 4 5 6 7 8 9 11 13 21
 9 -51 12 41 38 36 34 32 31 30 29 23 17 15 12
 4 -20 8 41 36 35 33 23 22 20 10
 5 -51 11 37 36 35 34 32 29 27 24 20 16 14
 4 -4 7 48 34 32 26 24 18 10
 4 -8 12 38 37 35 34 33 32 28 27 24 23 22 14
 5 -91 8 48 40 38 36 34 30 25 12
 4 -76 9 40 38 37 36 35 34 30 26 23
 9 -43 9 56 48 41 40 35 33 32 26 22
 3 -61 8 43 40 38 31 30 28 27 25
 9 -24 6 40 37 36 28 24 19
 2 -7 5 56 53 33 22 20
 1 -2 4 41 36 28 23
 8 -48 9 65 59 56 48 46 42 41 40 39
 2 -35 5 56 40 37 28 22
 7 -94 6 59 44 40 39 38 33
 4 -56 7 59 56 53 45 44 43 28
 2 -97 6 56 54 44 40 37 33
 10 -82 5 56 53 45 44 22
 4 -38 13 65 61 59 57 55 54 52 51 49 47 46 45 44
 7 -16 7 65 57 56 53 48 46 39
 3 -97 5 65 59 55 42 39
 6 -50 12 61 59 56 55 54 53 52 49 48 47 46 45
 1 -93 9 65 57 55 54 51 47 45 44 43
 9 -69 5 55 54 47 45 37
 7 -50 5 59 55 47 44 39
 2 -74 11 65 64 61 57 55 54 52 51 49 47 44
 1 -81 7 65 55 54 52 51 46 42
 8 -60 11 65 64 63 61 57 56 55 54 53 51 47
 2 -72 10 65 64 61 59 57 54 52 51 49 47
 2 -48 9 61 56 55 54 52 51 49 47 46
 8 -87 7 65 64 59 55 54 53 42
 10 -6 9 65 63 61 57 55 49 47 46 45
 1 -8 9 61 57 56 55 53 52 50 46 45
 4 -27 6 65 64 59 55 44 42
 4 -41 11 65 64 63 61 59 58 57 56 54 50 49
 10 -54 8 61 59 57 53 52 51 50 49
 8 -19 8 64 63 61 57 55 54 51 47
 3 -37 7 67 64 58 54 51 50 43
 10 -48 8 68 64 61 57 55 53 51 47
 10 -16 6 64 61 52 50 49 44
 3 -84 6 66 63 61 60 57 47
 9 -23 4 91 61 52 49
 5 -94 9 79 74 70 68 67 66 63 60 58
 2 -65 11 90 80 76 74 71 70 68 67 64 62 58
 2 -21 11 91 80 75 72 71 70 67 66 64 62 60
 8 -6 4 76 70 58 50
 8 -14 9 90 81 74 73 69 67 66 63 62
 2 -54 10 88 81 80 75 73 71 70 68 66 60
 3 -48 10 90 89 81 80 74 73 72 71 69 62
 1 -84 9 89 88 86 81 80 79 74 72 60
 5 -31 7 89 79 74 73 70 69 63
 6 -92 6 90 89 87 80 79 58
 2 -29 8 88 86 80 79 73 72 68 66
 8 -7 11 90 88 86 80 79 78 77 75 74 72 70
 8 -82 9 91 88 81 80 77 76 72 71 70
 2 -79 7 90 79 78 77 74 71 67
 9 -7 6 91 88 86 81 73 69
 4 -24 4 87 84 73 62
 6 -99 5 90 87 85 84 69
 8 -73 5 90 88 85 79 70
 10 -55 6 88 86 85 79 78 77
 1 -98 6 88 86 83 80 77 75
 3 -79 6 89 86 85 84 83 77
 10 -51 5 89 85 83 81 77
 3 -99 4 89 87 82 76
 9 -12 5 89 88 86 84 82
 6 -70 4 87 84 83 77
 7 -91 2 78 77
 3 -47 3 87 84 82
 4 -79 3 86 85 82
 5 -14 3 85 83 82
 9 -36 2 85 82
 5 -1 2 87 82
 4 -92 2 84 82
 6 -10 1 78
 8 -64 1 82
 10 -70 1 83
 7 -86 1 83
 4 -85 1 82
 6 -78 1 84
 7 -25 1 92
 6 -53 1 92
 7 -8 1 92
 9 -38 1 92
 2 -31 1 92
 7 -78 1 92
 2 -80 1 92
 6 -10 1 92
 3 -59 1 92
 9 -18 1 92
 0 23355 0
