92
 0 -47 9 2 3 4 5 6 7 8 10 16
 3 -8 7 22 21 19 18 17 13 9
 1 -35 7 22 21 18 17 14 13 12
 10 -98 5 22 17 14 12 11
 8 -18 5 21 19 18 13 9
 7 -95 8 27 24 22 20 19 18 15 14
 8 -32 6 29 27 23 21 19 17
 2 -54 6 29 27 24 21 19 15
 1 -34 6 37 27 24 23 20 14
 4 0 5 24 23 21 19 13
 1 -65 5 37 27 24 20 13
 2 -38 6 34 29 27 26 23 19
 7 -15 8 36 34 33 32 29 28 26 25
 8 -82 8 36 34 33 32 29 28 26 25
 10 -50 7 37 34 31 30 28 26 23
 10 -96 4 34 28 27 21
 10 -16 3 36 34 20
 9 -58 5 31 30 28 26 23
 4 -15 7 38 37 33 32 31 30 28
 1 -55 4 33 32 28 25
 4 -48 4 36 32 26 25
 4 -56 5 34 33 30 29 28
 9 -18 5 41 38 36 33 32
 5 -90 6 43 41 40 38 36 30
 3 -22 4 43 38 31 30
 6 -35 5 43 41 40 38 35
 7 -47 3 39 38 31
 1 -7 8 49 46 45 43 42 41 40 39
 6 -23 4 46 43 41 35
 2 -25 3 49 46 35
 5 -26 5 46 45 42 41 40
 7 -93 2 40 35
 4 -50 4 46 43 40 39
 9 -92 4 50 49 45 40
 7 -18 3 45 42 39
 5 -25 3 49 46 39
 9 -4 3 49 45 39
 5 -71 3 49 44 42
 8 -49 3 50 47 44
 7 -71 3 52 47 44
 3 -91 7 62 59 58 52 51 50 47
 10 -56 6 59 58 52 51 50 47
 4 -45 7 62 59 58 56 53 52 51
 9 -58 5 59 58 56 51 48
 10 -93 5 58 56 52 51 48
 1 -50 4 62 55 53 52
 9 -69 4 61 56 55 53
 8 -92 4 62 61 55 54
 2 -41 4 61 59 55 54
 1 -30 3 61 55 53
 4 -97 5 71 64 61 57 55
 5 -83 2 61 54
 7 -100 1 54
 2 -7 5 71 64 63 60 57
 3 -33 7 76 74 72 69 68 63 60
 6 -43 6 74 72 71 67 66 65
 1 -44 6 74 72 70 69 67 65
 5 -37 6 69 68 66 65 64 63
 10 -64 5 74 67 65 64 63
 8 -17 4 79 78 77 66
 4 -28 3 83 76 63
 3 -74 2 70 65
 8 -33 5 91 80 79 75 73
 1 -54 5 91 83 80 79 73
 6 -92 4 91 77 75 73
 2 -29 4 88 83 82 70
 3 -62 3 76 75 68
 7 -5 5 90 82 81 79 78
 3 -76 4 90 88 83 75
 10 -46 3 91 80 75
 2 -54 6 89 88 87 86 81 80
 10 -56 5 90 85 82 81 79
 5 -29 4 90 82 81 78
 1 -62 4 86 85 81 79
 3 -12 5 89 87 86 85 81
 3 -57 4 88 86 82 81
 5 -95 4 88 86 85 83
 7 -9 3 86 85 84
 6 -94 2 89 88
 1 -1 2 90 85
 4 -20 1 84
 6 -16 1 87
 2 -95 1 84
 9 -17 1 92
 9 -30 1 92
 6 -20 1 92
 4 -92 1 92
 4 -59 1 92
 8 -92 1 92
 9 -99 1 92
 4 -65 1 92
 0 22520 0
