92
 0 -85 16 2 3 4 5 6 7 8 9 10 11 13 15 16 17 19 20
 9 -7 9 42 38 37 31 29 25 24 21 12
 2 -50 11 49 43 42 38 32 31 28 27 26 25 22
 2 -28 6 37 31 24 23 21 18
 8 -52 5 39 36 30 25 14
 4 -40 8 44 36 33 32 31 30 26 23
 3 -66 10 44 43 42 39 36 35 34 33 30 24
 6 -68 9 50 44 38 36 33 32 31 30 23
 4 -27 7 49 43 37 32 25 22 21
 4 -54 8 49 43 38 36 33 30 26 25
 1 -51 7 49 43 42 40 32 31 21
 9 -18 7 44 36 35 33 30 27 23
 7 -45 7 49 42 39 34 32 31 22
 3 -47 8 46 44 43 42 37 35 32 24
 9 -37 7 42 39 37 35 32 27 22
 5 -12 7 41 39 37 36 35 33 25
 9 -86 9 51 49 47 44 42 41 37 35 30
 8 -28 8 50 47 44 43 41 36 33 30
 3 -25 8 48 47 44 39 37 35 33 30
 6 -8 4 47 33 32 27
 10 -4 8 61 50 47 44 41 39 36 33
 2 0 7 60 50 47 46 44 41 30
 1 -44 11 59 54 52 51 49 48 47 45 43 40 39
 7 -5 3 49 47 27
 10 -17 10 60 54 52 51 50 48 47 45 44 40
 8 -42 8 59 54 53 46 45 41 37 35
 4 -18 9 60 59 58 54 51 50 45 41 40
 5 -46 9 54 53 52 50 48 46 45 44 39
 2 -1 4 52 50 43 32
 10 -66 6 62 59 54 52 45 40
 8 -31 4 48 47 45 35
 8 -81 7 63 60 59 54 53 51 41
 2 -87 6 67 60 58 52 46 45
 3 -89 9 66 65 61 60 58 53 51 48 47
 3 -92 11 73 72 68 67 63 62 60 58 56 55 52
 3 -30 9 66 65 60 59 56 55 53 51 48
 2 -60 7 72 69 68 67 60 52 50
 7 -39 7 66 65 60 59 58 56 48
 1 -3 11 78 74 72 71 68 66 64 63 62 58 56
 4 -58 8 72 71 69 67 65 63 61 53
 4 -48 5 74 73 66 65 48
 6 -56 4 69 65 59 48
 6 -83 11 87 74 72 69 68 67 66 65 64 60 58
 1 -15 9 91 78 71 69 66 64 62 59 58
 3 -27 8 78 73 68 66 65 63 57 55
 1 -65 6 91 89 77 72 71 51
 3 -34 11 89 78 77 74 73 72 71 69 68 64 62
 7 -67 8 89 78 72 71 68 67 64 62
 5 -30 9 89 78 76 75 74 71 67 65 62
 3 -37 8 86 85 84 78 77 64 63 55
 4 -70 7 85 78 74 69 68 62 57
 9 -90 6 91 89 78 66 65 57
 2 -71 9 89 87 85 78 77 74 70 68 64
 4 -86 6 89 74 71 70 67 56
 6 -65 10 91 89 88 87 83 82 81 76 75 74
 5 -82 7 90 87 86 85 82 75 69
 7 -78 4 87 86 70 64
 8 -47 8 90 89 86 85 84 81 77 75
 6 -18 6 89 86 85 75 74 72
 10 -67 4 88 76 71 70
 6 -2 7 85 84 82 81 76 75 74
 7 -37 5 87 82 81 80 70
 9 -74 6 91 90 87 83 82 79
 10 -92 5 88 83 82 81 75
 4 -6 5 86 85 81 79 77
 4 -70 5 83 82 81 80 76
 3 -75 5 91 85 84 80 79
 5 -42 4 90 86 81 76
 9 -11 4 88 84 81 80
 5 -17 3 84 83 79
 5 -18 3 85 82 80
 8 0 3 83 81 79
 2 -59 3 86 80 79
 9 -53 2 80 79
 6 -100 1 79
 6 -93 1 79
 4 -54 1 80
 3 -98 1 80
 4 -46 1 92
 3 -98 1 92
 2 -74 1 92
 4 -83 1 92
 10 -11 1 92
 4 -91 1 92
 6 -63 1 92
 10 -11 1 92
 8 -54 1 92
 5 -35 1 92
 3 -24 1 92
 3 -89 1 92
 9 -86 1 92
 0 22245 0
