92
 0 -30 6 2 3 4 5 7 11
 3 -38 4 12 9 8 6
 5 -98 2 8 6
 4 -24 3 10 9 8
 5 -41 3 19 13 10
 1 -93 5 25 19 17 14 10
 9 -64 5 25 19 18 17 10
 8 -90 6 24 23 22 20 18 15
 3 -42 4 23 17 16 15
 10 -22 5 30 24 23 21 16
 6 -84 4 21 18 17 15
 10 -11 5 30 28 24 23 16
 3 -61 3 20 18 15
 1 -29 7 37 35 30 29 26 21 20
 8 -38 8 38 37 32 30 28 27 26 25
 6 -62 5 37 32 29 22 20
 9 -57 7 37 32 31 30 29 28 27
 9 -66 6 38 36 35 32 31 27
 6 -83 4 37 31 29 24
 5 -64 6 54 38 36 33 31 27
 6 -41 4 33 32 31 28
 8 -18 4 35 33 31 27
 1 -40 3 35 31 27
 9 -2 5 41 40 39 36 34
 7 -15 3 39 31 29
 1 -35 5 46 44 41 39 33
 8 -27 5 46 43 41 40 34
 6 0 4 54 49 42 36
 7 -90 3 54 47 33
 3 -7 7 49 48 47 44 43 42 41
 8 -48 6 50 47 46 42 41 40
 8 -60 5 52 49 48 41 39
 10 -64 4 48 43 42 40
 8 -53 6 52 49 48 47 44 42
 5 -96 6 54 52 50 48 46 42
 3 -13 5 48 46 45 44 43
 3 -35 3 48 41 40
 2 -31 3 48 43 42
 6 -61 5 67 60 54 50 45
 3 -2 4 58 52 51 49
 3 -94 3 67 60 45
 10 -72 2 67 45
 9 -77 5 60 58 52 51 50
 10 -5 7 67 63 60 59 56 55 51
 7 -26 4 58 55 53 51
 4 0 6 67 61 60 57 55 53
 5 -100 6 67 66 61 57 55 53
 6 -95 7 67 66 63 62 59 57 56
 9 -25 3 67 55 53
 3 -71 6 66 65 63 62 57 56
 5 -41 6 69 66 65 62 61 57
 7 -95 6 69 66 64 63 62 59
 7 -100 3 63 59 56
 1 -81 3 69 61 59
 1 -79 5 72 68 65 64 62
 3 -65 5 83 72 71 69 64
 6 -92 4 72 71 68 64
 9 -13 2 64 63
 10 -34 5 80 76 72 71 65
 3 -88 4 83 72 69 64
 3 -80 3 83 72 64
 8 -29 8 83 82 80 76 75 74 71 70
 10 -9 8 84 83 80 76 75 74 72 71
 10 -2 6 82 80 76 75 74 70
 5 -97 6 83 82 75 74 73 70
 10 -40 6 84 82 80 75 74 71
 6 -41 6 83 82 75 74 73 70
 2 -75 6 84 83 82 76 75 74
 1 -75 5 84 76 75 74 73
 2 -9 5 86 84 81 79 77
 1 -8 4 86 81 77 73
 4 -42 3 86 77 73
 2 -49 4 91 85 79 78
 7 -18 2 81 77
 6 -74 6 91 90 89 88 86 85
 6 -33 4 90 85 81 79
 10 -81 2 91 78
 5 -100 3 90 89 87
 6 -33 3 89 88 87
 1 -33 3 91 89 87
 9 -71 2 88 87
 1 -76 2 88 87
 4 -64 2 88 87
 4 -34 1 85
 7 -85 1 87
 7 -38 1 87
 9 -11 1 92
 1 -24 1 92
 7 -43 1 92
 1 -42 1 92
 10 -70 1 92
 0 22870 0
