92
 0 -53 6 2 3 4 6 7 13
 5 -3 5 18 16 14 11 5
 3 -26 7 19 17 15 12 11 10 9
 2 -28 6 19 18 15 12 11 9
 5 -63 5 24 21 20 15 8
 7 -53 4 18 17 16 12
 6 -79 5 32 25 24 21 15
 8 -87 3 26 19 17
 9 -22 4 32 28 26 16
 10 -44 8 32 31 29 28 26 25 24 22
 5 -56 7 32 31 28 25 24 23 22
 7 -9 5 32 31 26 23 21
 8 -16 5 31 25 24 23 21
 5 -1 3 28 26 20
 5 -23 6 31 29 28 26 23 22
 10 -76 5 31 25 24 23 22
 6 -95 5 31 28 25 23 22
 3 -82 6 41 32 31 28 27 23
 4 -92 5 32 31 29 27 23
 9 -18 5 32 31 27 25 23
 3 -84 2 28 22
 8 -81 7 41 38 36 35 33 30 27
 1 -73 8 49 38 37 36 35 34 33 30
 7 -79 5 41 34 33 30 27
 8 -70 9 49 41 40 39 38 37 36 34 33
 9 -94 6 49 40 39 37 36 33
 10 -34 5 49 43 42 40 37
 9 -51 4 47 42 40 35
 4 -67 6 47 45 44 43 42 41
 6 -82 4 53 45 43 39
 4 -14 2 40 37
 10 -46 3 48 45 36
 2 -57 4 53 47 45 44
 9 -54 4 47 46 44 42
 9 -5 5 53 51 48 45 43
 6 -16 3 47 46 42
 2 -95 3 61 47 45
 8 -26 2 47 42
 4 -16 4 54 52 47 44
 10 -75 4 54 53 51 44
 4 -40 4 61 53 48 46
 8 -69 8 64 61 59 57 54 53 51 50
 3 -10 6 64 61 59 56 50 46
 4 -63 4 65 61 55 48
 7 -14 3 64 50 46
 2 -55 5 62 57 55 54 52
 4 -71 3 59 56 51
 3 -14 5 64 59 58 57 56
 7 -48 5 66 65 64 62 53
 2 -95 3 62 55 52
 5 -22 2 65 55
 2 -69 6 79 71 66 65 63 60
 1 -13 1 55
 8 -39 5 79 66 65 63 60
 7 -21 2 63 58
 8 -91 7 79 76 71 67 66 63 62
 9 -45 6 79 72 68 67 66 63
 2 -7 3 79 71 60
 1 -11 1 60
 10 -56 7 77 75 72 70 69 68 67
 5 -52 7 79 77 76 75 70 67 66
 4 -46 7 78 77 75 73 72 70 69
 5 -57 7 91 85 78 77 75 70 69
 8 -64 7 83 79 78 77 76 75 74
 5 -76 6 91 85 78 77 75 69
 2 -24 4 91 82 78 69
 3 0 5 82 81 80 78 73
 10 -3 4 85 82 76 74
 5 -65 3 89 83 74
 4 -72 3 89 82 74
 7 -94 3 91 89 74
 3 -94 6 91 90 88 85 83 82
 9 -47 5 91 88 87 85 84
 5 -94 4 90 84 81 80
 1 -46 4 90 89 82 80
 6 -89 5 91 89 88 87 86
 10 -45 4 90 89 87 86
 5 -79 3 90 88 84
 9 -97 3 90 88 87
 2 -28 2 88 87
 10 -39 2 88 86
 1 -45 2 87 86
 3 -55 2 87 86
 10 -98 1 86
 10 -29 1 89
 1 -79 1 92
 5 -54 1 92
 7 -27 1 92
 2 -51 1 92
 8 -80 1 92
 6 -48 1 92
 0 23375 0
