92
 0 -93 6 2 3 4 5 10 11
 3 -75 5 16 15 13 9 7
 2 -18 6 17 16 15 14 13 8
 4 -6 5 16 14 13 12 7
 6 -8 4 18 17 14 6
 4 -32 4 24 22 16 15
 2 -96 5 26 22 20 18 17
 1 -88 4 22 21 20 18
 5 -10 4 24 21 18 14
 3 -46 4 24 21 15 14
 2 -30 3 21 18 13
 6 -66 4 28 21 18 17
 4 -20 5 28 26 25 24 19
 6 -17 6 30 28 27 26 25 23
 10 -81 3 26 25 19
 9 -57 4 32 30 28 21
 5 -24 5 30 29 27 25 23
 8 0 2 25 19
 10 -50 4 31 30 27 23
 6 -37 3 28 25 23
 2 -86 3 35 26 25
 5 -51 5 39 35 34 32 31
 3 -77 6 39 37 35 34 33 32
 2 -6 4 39 34 31 27
 5 -74 5 44 41 39 36 31
 3 -5 4 41 38 37 29
 3 -89 6 46 45 44 41 36 33
 1 -65 4 41 36 34 33
 6 -6 8 56 48 46 45 44 43 40 36
 7 -75 7 56 48 45 40 38 37 36
 1 -26 3 53 37 33
 6 -54 6 56 46 44 43 40 36
 4 0 7 58 56 52 48 43 40 38
 7 -17 7 56 48 47 46 45 43 42
 8 -26 4 53 46 44 41
 1 -7 5 53 52 50 47 42
 9 -6 6 63 60 57 54 51 46
 6 -76 4 51 50 47 42
 5 -13 7 62 58 54 51 50 49 47
 5 -4 3 50 47 42
 9 -49 7 65 63 58 56 54 51 49
 10 -98 8 65 64 63 62 60 57 54 49
 7 -6 6 65 64 63 62 54 49
 4 -32 3 62 54 47
 6 -13 6 72 63 59 57 51 50
 9 -82 5 65 62 58 50 49
 4 -47 6 72 67 65 63 59 57
 5 -92 5 72 67 65 63 51
 10 -20 3 72 69 55
 10 -34 6 73 70 69 67 66 61
 2 -8 6 73 70 69 66 64 61
 1 0 6 72 70 69 67 66 64
 1 -58 5 73 67 64 63 61
 8 -31 3 69 67 59
 10 -89 4 73 70 66 61
 2 -28 1 57
 8 -77 3 70 69 61
 9 -71 4 77 71 69 67
 5 -42 4 77 73 70 66
 8 -70 4 74 73 70 66
 9 -3 4 81 77 71 68
 3 -25 3 74 73 66
 9 -89 4 81 76 74 70
 4 -86 4 81 77 76 71
 4 -55 2 75 68
 6 -38 2 76 71
 3 -8 1 68
 8 -15 5 91 80 78 76 74
 5 -96 5 91 81 78 76 74
 3 -63 1 71
 9 -20 5 85 82 80 79 75
 4 -67 3 91 81 74
 10 -9 5 91 83 82 81 78
 3 -43 5 89 88 85 82 79
 7 -48 4 91 88 83 78
 7 -30 4 89 88 84 83
 5 -26 3 88 87 82
 2 -57 4 90 89 87 84
 7 -88 2 84 83
 1 -1 3 88 87 86
 3 -85 3 89 88 86
 3 -88 2 90 84
 10 -2 2 87 86
 3 -11 1 86
 9 -78 1 87
 4 -58 1 92
 9 -7 1 92
 8 -16 1 92
 6 -62 1 92
 7 -67 1 92
 5 -51 1 92
 0 19780 0
