92
 0 -26 22 2 3 4 5 6 7 8 9 10 11 12 13 14 15 16 19 20 21 22 23 24 36
 3 -58 13 62 49 48 47 46 45 42 38 37 30 28 27 25
 7 -30 10 48 47 44 43 38 37 34 33 30 18
 5 -83 16 91 66 62 57 56 54 49 47 46 44 41 40 39 38 30 26
 2 -36 7 71 49 45 40 30 28 17
 3 -56 13 65 57 56 54 47 45 42 40 39 38 37 31 27
 3 -59 15 90 89 62 56 55 54 51 48 45 43 42 41 38 37 25
 3 -82 12 91 70 66 62 52 49 46 44 40 32 30 28
 5 -48 7 56 53 43 39 38 31 18
 5 -37 10 65 62 47 44 41 38 35 34 32 26
 5 -21 17 91 90 71 60 57 54 52 51 50 49 48 47 45 44 43 41 33
 4 -51 10 65 62 51 41 38 37 35 33 29 25
 3 -45 13 91 68 66 64 60 57 55 51 47 46 44 38 28
 5 -40 13 91 68 66 64 62 60 52 50 49 48 47 45 28
 8 -49 11 91 71 70 64 55 52 51 44 39 37 28
 4 -34 19 91 90 88 71 70 68 64 63 60 59 58 57 54 51 50 49 44 43 41
 9 -3 13 91 70 64 58 57 55 52 51 50 44 41 37 35
 4 -73 11 71 66 65 60 57 55 54 49 45 42 40
 4 -41 8 91 68 66 64 63 60 47 28
 4 -18 15 91 89 85 81 70 69 66 65 63 59 58 56 52 44 40
 5 -50 13 90 89 71 70 68 65 64 58 56 52 45 44 41
 4 -95 13 90 86 71 70 68 66 65 57 54 52 48 45 42
 3 -93 13 91 90 89 87 70 64 60 58 56 52 50 48 41
 2 -37 12 89 70 69 66 65 63 58 56 54 50 44 40
 3 -15 15 91 88 87 81 70 69 68 64 63 61 59 58 57 53 44
 10 -91 11 89 87 84 70 69 68 58 53 50 48 45
 10 -30 13 89 87 85 82 70 68 67 64 60 59 55 52 51
 5 -99 10 90 89 88 83 65 61 59 56 54 41
 3 -37 13 90 89 87 84 83 81 70 69 68 63 56 53 50
 5 -31 10 88 87 77 65 64 60 58 55 51 50
 9 -63 11 91 89 88 85 81 70 68 59 58 50 44
 8 -53 9 89 86 84 82 71 64 60 50 45
 5 -35 11 89 88 87 81 70 69 68 64 61 58 56
 1 -5 11 91 89 82 80 78 69 66 64 60 59 54
 10 -19 9 90 89 84 83 82 69 63 56 48
 2 -37 9 86 84 80 79 68 67 63 56 46
 9 -48 10 87 82 80 79 68 66 63 61 59 53
 2 -82 9 86 84 81 76 71 69 67 52 50
 7 -48 10 87 86 85 81 79 75 74 69 68 58
 9 -18 11 90 87 86 84 83 82 77 68 67 64 61
 4 -88 9 84 82 81 80 79 75 73 69 53
 9 -56 13 91 85 84 82 80 79 78 77 76 75 74 73 67
 3 -37 11 85 84 83 81 79 76 75 74 72 66 65
 1 -57 11 84 83 82 80 79 78 76 75 74 73 67
 2 -60 7 88 81 79 73 67 63 59
 6 -97 7 85 81 77 76 72 65 61
 2 -41 9 85 84 83 78 77 75 74 72 70
 9 -25 6 81 80 79 73 67 61
 1 -49 8 89 84 78 77 75 74 73 72
 2 -40 5 80 79 73 72 61
 5 -55 5 86 80 76 73 61
 1 -10 7 88 83 77 75 74 73 72
 5 -73 6 86 85 78 76 74 67
 10 -23 6 87 85 81 75 74 67
 9 -5 5 86 84 81 73 63
 8 -81 6 78 77 76 75 74 72
 1 -33 6 85 83 80 78 76 74
 9 -79 5 83 82 80 76 67
 3 -51 4 77 76 75 72
 2 0 4 83 76 75 72
 2 -88 3 78 75 74
 6 -83 3 77 76 73
 1 -17 2 74 72
 2 -28 2 79 72
 4 -63 2 82 73
 5 -76 2 77 73
 1 -59 1 72
 6 -33 1 73
 10 -27 1 77
 3 -94 1 73
 9 -80 1 73
 1 -84 1 92
 3 -79 1 92
 9 -68 1 92
 1 -46 1 92
 1 -10 1 92
 2 -38 1 92
 1 -82 1 92
 2 -34 1 92
 1 -49 1 92
 3 -13 1 92
 5 -71 1 92
 5 -71 1 92
 4 -48 1 92
 9 -1 1 92
 5 -26 1 92
 8 -14 1 92
 6 -80 1 92
 5 -98 1 92
 8 -85 1 92
 9 -21 1 92
 0 22510 0
