92
 0 -61 13 2 3 4 5 6 7 8 9 10 11 12 13 18
 8 -1 5 23 19 16 15 14
 9 -42 8 34 33 32 30 26 25 23 14
 9 -41 7 34 28 26 25 22 17 16
 2 -78 8 42 34 32 31 27 21 20 17
 1 -60 10 44 39 36 34 33 30 28 25 23 22
 8 -21 8 44 36 35 32 27 22 20 19
 8 -94 8 43 34 33 30 29 26 23 16
 7 -83 8 40 39 34 32 30 25 24 17
 2 -76 5 39 35 24 20 15
 8 -43 6 39 35 32 30 26 15
 5 -32 7 56 33 31 30 29 27 21
 8 -21 11 45 44 43 42 40 37 35 32 31 30 28
 9 -78 6 44 43 39 27 24 20
 4 -22 10 56 50 44 43 42 38 36 34 31 27
 10 -73 9 51 50 44 40 39 38 37 32 31
 7 -83 9 51 50 49 44 43 41 35 33 29
 9 -96 7 56 53 50 42 35 31 27
 2 -96 9 56 50 49 48 45 38 34 31 30
 5 -41 7 56 50 47 41 40 37 29
 4 -49 6 53 44 43 41 39 26
 9 -15 13 58 57 56 53 52 51 50 49 47 45 43 42 40
 7 -75 7 60 56 54 51 38 35 31
 10 -48 11 60 55 54 51 50 49 48 47 46 41 38
 7 -69 6 56 51 48 45 37 31
 7 -18 9 63 58 51 50 48 47 46 37 36
 6 -29 6 64 57 51 46 40 37
 2 -58 10 73 69 65 63 60 56 51 50 49 38
 7 -37 7 70 65 64 54 46 45 38
 4 -85 7 59 58 57 54 51 47 46
 3 -72 4 57 47 46 41
 1 -77 7 71 63 58 56 49 48 47
 1 -37 12 82 69 65 64 63 62 61 60 58 57 53 52
 3 -51 13 76 70 69 68 67 66 65 64 62 61 59 55 54
 4 -29 6 82 71 63 55 48 47
 3 -11 10 71 69 68 65 64 62 61 59 57 55
 2 -47 7 73 72 62 61 60 52 49
 1 -35 6 62 61 59 57 53 52
 7 -38 6 69 65 63 60 57 49
 8 -86 5 66 61 55 54 48
 8 -69 10 74 72 70 69 66 65 63 62 59 58
 5 -53 6 76 72 68 67 66 46
 7 -27 11 89 82 76 74 73 72 71 67 66 65 62
 2 -41 10 88 76 73 70 69 68 66 65 63 60
 5 -62 6 82 75 68 67 60 55
 5 -71 9 90 86 82 75 74 73 71 69 61
 3 -3 9 90 89 81 75 73 68 65 64 62
 9 -60 9 90 89 80 76 72 69 68 67 65
 9 -90 5 89 76 70 67 59
 6 -51 8 90 86 82 76 74 71 64 61
 10 -65 6 76 75 72 68 67 61
 6 -80 8 90 89 81 80 76 71 68 67
 2 -75 10 91 90 89 88 80 79 76 75 74 72
 4 -68 8 90 88 82 81 79 74 71 63
 8 -13 10 91 90 89 88 87 80 79 77 74 72
 10 -21 9 89 86 82 81 80 77 75 74 67
 1 -88 7 89 88 80 76 75 72 66
 4 -22 7 90 89 81 80 77 68 67
 8 -30 11 91 90 88 87 86 85 82 81 80 79 75
 8 -81 6 90 87 81 79 77 74
 8 -51 6 89 81 80 79 78 77
 1 -54 6 91 88 80 79 78 77
 6 -57 6 89 87 86 80 78 77
 10 -3 6 88 87 85 80 79 78
 3 -64 6 87 86 85 84 79 78
 5 -54 5 90 87 86 85 84
 6 -58 4 91 88 84 79
 3 -30 4 87 86 85 78
 2 -26 4 91 84 79 78
 9 -84 4 86 84 79 78
 8 -37 4 87 85 84 83
 3 -29 3 86 85 81
 8 -81 3 85 84 83
 9 -76 2 84 78
 1 -25 2 84 78
 3 -61 1 77
 2 -15 2 85 83
 10 -58 1 83
 9 -22 1 83
 1 -72 1 84
 3 -21 1 84
 8 -82 1 83
 8 -23 1 92
 4 -62 1 92
 9 -98 1 92
 6 -45 1 92
 6 -5 1 92
 2 -49 1 92
 9 -12 1 92
 10 -37 1 92
 4 -99 1 92
 0 23340 0
