92
 0 -6 6 2 3 4 5 6 10
 2 -92 7 17 15 13 11 9 8 7
 1 -57 6 19 18 17 16 15 14
 3 -26 5 22 19 17 12 7
 9 -37 5 31 19 17 16 9
 7 -22 6 31 22 20 18 17 16
 4 -71 4 31 20 18 16
 7 -39 4 33 23 22 14
 1 -69 4 33 22 20 18
 8 -23 4 33 22 20 18
 6 -59 6 25 24 23 22 21 19
 8 -10 5 33 31 26 23 20
 2 -34 4 33 23 21 20
 9 -72 3 31 21 20
 6 -48 6 33 28 26 25 24 22
 2 -96 5 33 28 27 25 21
 9 -12 5 33 28 27 25 21
 7 -63 4 27 25 23 21
 10 -89 8 41 36 33 32 30 29 28 26
 3 -73 5 32 28 27 25 24
 2 -31 6 41 37 36 32 29 26
 8 -91 6 42 41 37 32 29 27
 1 -61 6 41 36 35 34 29 28
 1 -18 6 42 41 40 39 36 30
 1 -76 4 42 39 36 30
 8 -70 5 42 40 39 35 34
 1 -74 4 39 36 35 34
 9 -94 5 46 45 42 38 37
 3 -83 4 45 40 39 38
 5 -90 4 45 38 37 34
 5 -6 5 55 45 43 41 40
 2 -87 2 38 34
 8 -48 2 45 34
 1 -25 6 55 53 47 46 44 43
 1 -89 2 45 38
 1 -75 5 55 53 47 46 43
 1 -61 6 55 53 51 50 47 44
 1 -50 5 55 53 49 47 43
 7 -70 5 55 51 47 46 44
 1 -75 5 53 51 48 47 46
 1 -47 5 58 53 51 47 44
 5 -83 5 53 52 50 49 48
 7 -25 5 66 61 51 50 48
 10 -61 4 56 52 49 48
 9 -31 4 58 52 49 48
 9 -41 8 70 68 65 62 60 58 56 49
 4 -30 6 66 65 60 57 56 52
 4 -29 8 70 69 68 65 64 62 60 57
 3 -19 4 64 63 57 54
 8 -72 5 68 60 59 58 56
 5 -9 6 70 69 67 64 63 59
 10 -21 5 70 68 64 63 61
 7 -44 5 71 68 65 60 59
 4 -69 6 75 72 71 69 66 61
 1 -85 5 77 75 68 67 63
 1 -61 6 84 77 75 72 71 67
 9 -82 3 71 67 59
 6 -61 4 77 74 73 63
 7 -63 9 86 84 83 80 78 77 75 74 73
 7 -43 3 84 82 67
 2 -70 3 84 82 67
 3 -10 1 63
 3 -6 4 91 78 72 71
 2 -32 7 86 84 80 78 77 75 73
 1 -63 6 86 83 77 76 74 73
 1 -65 7 86 85 83 81 78 77 76
 3 -50 6 86 83 80 78 74 73
 6 -5 5 91 85 83 76 72
 5 -58 7 91 85 83 82 81 78 76
 9 -30 5 86 82 80 78 74
 7 -64 5 85 83 82 79 76
 8 -10 4 86 82 81 79
 8 -82 4 91 90 85 79
 1 -76 4 91 85 81 79
 6 -57 4 91 89 85 82
 5 -83 2 88 80
 9 -92 2 91 79
 1 -22 1 79
 10 -75 3 89 88 87
 2 -25 3 90 89 87
 1 -44 3 89 88 87
 7 -69 2 90 88
 8 -12 2 90 89
 2 -55 2 90 88
 7 -57 1 87
 2 -77 1 87
 3 -3 1 92
 9 -63 1 92
 1 -40 1 92
 3 -10 1 92
 10 -19 1 92
 0 23360 0
