92
 0 -76 15 2 3 4 5 6 7 8 9 10 11 12 14 16 18 19
 6 -12 10 42 39 36 34 31 29 27 25 21 15
 5 -37 7 29 26 25 23 22 21 13
 4 -33 11 44 42 38 35 32 31 28 27 25 23 17
 10 -6 12 42 41 39 37 36 31 30 28 27 25 23 20
 10 -77 11 44 42 41 38 32 31 29 28 27 23 22
 5 -39 5 42 41 23 17 13
 10 -11 10 44 41 39 36 32 31 30 24 23 20
 10 -17 8 42 39 37 31 30 23 21 20
 4 -97 14 55 45 44 42 41 39 38 33 32 31 30 29 26 24
 6 -98 7 42 41 39 36 35 32 20
 6 -44 6 39 37 36 34 25 20
 2 -54 10 54 52 45 44 38 36 35 33 31 24
 10 -65 8 55 51 44 41 38 37 25 23
 7 -70 10 52 48 45 44 40 38 33 32 30 24
 8 -49 10 55 52 45 44 38 37 36 33 31 29
 1 -86 12 64 55 52 51 49 48 45 39 37 36 33 29
 8 -30 12 64 55 54 48 45 42 41 40 39 36 33 29
 2 -26 9 55 53 52 43 41 40 38 33 30
 2 -5 8 55 52 51 45 40 38 33 29
 8 -93 10 61 55 54 53 51 49 44 41 35 33
 8 -62 9 55 54 51 49 43 39 37 36 33
 2 -42 10 64 57 53 52 50 49 48 45 43 33
 2 -75 9 64 57 51 50 49 47 46 43 37
 5 -63 9 61 57 54 52 50 49 48 40 33
 1 -47 10 72 66 57 54 52 50 49 47 46 43
 2 -95 9 72 66 64 61 57 52 51 50 40
 7 -62 8 72 57 55 53 50 49 48 43
 6 -65 7 72 59 58 57 53 50 43
 4 -41 10 72 67 66 61 59 57 56 54 50 47
 9 -56 8 71 66 61 60 57 48 46 40
 6 -85 5 61 57 56 51 37
 4 -64 5 72 66 65 47 46
 1 -51 6 67 64 59 58 48 47
 8 -77 6 71 58 57 56 50 48
 3 -21 9 76 72 71 67 65 59 58 57 56
 4 -83 8 78 72 68 67 65 60 59 53
 1 -21 7 67 66 64 62 60 58 49
 8 -60 6 76 72 65 58 56 47
 6 -13 8 91 76 67 65 62 59 58 56
 6 -55 6 91 71 70 67 58 50
 10 -98 9 76 72 68 66 65 63 60 59 56
 6 -44 8 91 75 71 67 65 62 61 56
 10 -45 8 76 70 69 68 67 65 60 57
 4 -49 7 91 78 71 69 65 61 58
 6 -86 7 78 76 73 69 67 59 58
 4 -88 8 91 90 78 71 70 68 62 60
 2 -38 8 91 78 73 70 68 65 63 62
 1 -57 10 91 87 79 78 73 70 69 68 65 63
 3 -81 8 79 78 76 69 68 65 63 60
 3 -40 7 78 76 71 68 65 63 60
 10 -55 6 78 73 71 69 65 58
 10 -4 6 91 90 76 66 63 62
 6 -93 7 91 90 87 78 75 73 63
 4 -3 6 87 86 78 73 68 65
 7 -99 9 90 88 87 86 78 77 74 73 69
 5 -55 5 91 87 79 78 63
 8 -85 4 90 79 68 63
 3 -30 8 89 88 87 86 79 77 75 70
 2 -84 10 89 87 86 85 84 83 77 75 74 73
 9 -4 8 89 88 87 86 85 76 74 70
 4 -60 7 88 87 86 83 79 74 69
 3 -99 8 89 86 85 84 83 82 77 74
 3 -43 6 87 84 78 76 75 74
 10 -89 6 90 88 85 83 77 74
 9 -59 5 88 87 83 75 74
 10 -44 4 88 84 79 74
 6 -14 3 84 75 74
 1 -54 5 85 84 82 81 80
 10 -47 5 84 83 82 81 80
 4 -60 4 86 83 82 80
 7 -71 4 90 88 81 80
 4 -97 3 82 81 80
 8 -67 2 81 80
 3 -50 2 82 80
 1 -40 2 81 80
 8 -81 1 80
 3 -1 1 83
 10 -12 1 85
 9 -80 1 92
 10 -11 1 92
 5 -76 1 92
 6 -47 1 92
 6 -2 1 92
 6 -18 1 92
 4 -93 1 92
 3 -47 1 92
 9 -29 1 92
 3 -91 1 92
 1 -37 1 92
 8 -94 1 92
 0 24570 0
