92
 0 -30 12 2 3 4 5 6 7 9 11 15 17 20 23
 5 -10 5 29 19 18 14 13
 10 -48 3 16 13 8
 10 -89 4 22 19 13 12
 1 -16 3 18 13 10
 6 -31 2 12 8
 4 -10 4 29 24 19 13
 3 -76 5 25 24 22 21 19
 2 -54 2 19 13
 10 -43 4 24 22 21 19
 5 -72 4 25 24 22 21
 2 -26 6 34 32 29 28 26 24
 7 -89 4 32 30 25 21
 6 -7 4 32 28 24 22
 6 -53 4 32 28 24 22
 5 -25 3 29 25 19
 6 -28 3 22 21 19
 1 -57 4 34 28 26 24
 7 -31 6 35 34 30 28 27 26
 4 -72 6 36 35 34 32 30 27
 4 -53 5 35 34 28 27 26
 7 -58 6 40 35 34 31 30 26
 2 -28 5 39 35 34 32 27
 1 -80 4 36 35 30 27
 1 -48 6 45 44 40 35 34 31
 6 -71 7 45 44 41 39 37 36 33
 2 -42 4 45 44 40 31
 4 -88 5 45 44 40 37 33
 8 -95 5 45 40 37 36 35
 7 -11 7 50 47 45 44 43 39 38
 1 -28 3 41 37 33
 7 -19 7 50 47 44 43 42 41 38
 6 -21 3 47 42 38
 10 -89 3 50 43 38
 8 -30 5 49 48 47 43 42
 9 -33 2 42 38
 8 -80 3 50 43 42
 10 -48 6 62 54 53 51 49 48
 4 -88 2 48 42
 4 -51 4 53 52 50 46
 5 -54 6 67 62 60 59 52 49
 4 -41 4 54 53 52 46
 4 -29 4 54 53 52 46
 9 -55 3 59 52 46
 1 -3 4 62 57 52 51
 10 -88 7 67 62 61 60 58 57 56
 2 -35 6 66 62 58 57 56 54
 7 -77 5 67 59 58 57 52
 7 -42 6 66 63 58 57 56 55
 8 -13 6 67 66 63 59 56 55
 10 -3 5 67 63 60 56 55
 3 -9 6 71 66 65 64 63 56
 6 -40 4 66 64 57 56
 5 -82 6 70 67 65 64 63 61
 10 -66 4 71 65 64 61
 3 -77 5 81 74 70 69 68
 5 -2 4 81 73 71 65
 9 -28 4 81 74 69 64
 7 -54 4 81 74 69 64
 3 -84 2 66 65
 4 -61 5 81 74 73 69 68
 8 -61 1 63
 10 -79 5 81 77 75 73 68
 5 -69 4 77 75 73 68
 3 -84 4 77 75 74 68
 8 -15 4 81 77 73 68
 2 -9 3 74 73 68
 6 -53 6 90 83 80 78 76 72
 7 -100 6 80 79 78 77 76 75
 8 -55 4 91 78 77 73
 6 -53 3 90 78 76
 2 -55 5 91 86 84 82 79
 10 -81 5 90 87 85 82 80
 9 -53 5 90 89 88 86 79
 8 -97 5 91 88 87 84 82
 2 -45 5 91 88 86 85 84
 3 -23 5 90 88 86 85 84
 7 -43 3 87 85 84
 8 -36 2 87 85
 3 -4 2 86 84
 3 -17 2 88 84
 9 -8 1 89
 4 -45 1 84
 7 -19 1 92
 2 -29 1 92
 10 -11 1 92
 2 -55 1 92
 9 -35 1 92
 5 -44 1 92
 2 -40 1 92
 5 -91 1 92
 0 21400 0
