82
 0 -96 20 2 3 4 5 6 7 8 9 10 11 12 13 14 15 16 18 19 21 28 33
 1 -70 15 59 56 52 46 40 39 38 36 35 32 31 30 27 22 20
 10 -60 12 47 46 42 40 39 38 35 34 31 25 23 22
 2 -16 9 59 54 44 40 39 36 30 27 25
 4 -83 6 55 37 29 27 22 17
 5 -48 9 59 56 44 38 36 35 34 27 26
 4 -50 8 54 52 40 35 30 27 23 20
 3 -77 8 55 52 48 43 42 34 24 17
 1 -45 6 52 49 40 37 27 17
 1 -43 9 80 58 52 46 40 38 35 34 23
 4 -74 7 48 40 39 34 32 31 24
 3 -36 10 80 58 55 54 51 49 46 43 38 27
 10 -55 11 81 65 58 56 55 52 48 41 37 35 31
 8 -95 13 80 65 63 58 56 55 53 52 49 48 44 37 35
 5 -28 12 81 65 63 56 52 51 50 49 48 44 35 34
 8 -17 10 81 80 65 58 55 53 48 45 43 37
 10 -70 7 65 61 58 56 53 41 31
 1 -90 6 81 50 48 43 41 30
 2 -96 11 81 79 65 58 55 54 53 51 49 48 44
 7 -97 10 80 79 64 58 55 53 51 50 49 42
 8 -69 9 79 64 63 55 53 51 50 48 42
 7 -58 7 80 77 62 50 49 43 41
 8 -37 10 79 77 65 62 59 57 51 50 48 43
 3 -39 11 81 80 77 74 73 65 63 53 51 50 49
 7 -46 8 78 76 63 56 55 52 49 37
 5 -15 7 80 78 54 52 49 48 37
 8 -66 6 79 64 53 50 48 42
 4 -38 6 65 63 62 49 48 34
 9 -86 5 79 75 53 48 42
 7 -98 10 80 79 78 77 76 73 70 63 62 49
 9 -18 8 80 77 76 75 71 63 51 44
 1 -42 8 79 74 62 61 58 57 55 51
 8 0 7 77 76 64 63 56 54 49
 4 -6 14 79 78 77 76 75 74 72 71 70 69 68 61 60 54
 2 -37 12 79 78 77 76 74 73 72 70 69 68 61 57
 7 -83 12 79 77 76 74 73 71 70 68 67 63 60 53
 3 -47 8 79 77 75 73 62 61 57 51
 5 -14 5 70 65 57 53 48
 6 -91 9 78 76 74 72 70 69 61 58 57
 4 -22 8 76 75 73 71 65 60 55 53
 6 -34 6 79 78 74 57 54 51
 5 -82 11 81 78 77 76 74 73 70 69 68 67 57
 9 -67 9 75 73 72 70 69 64 63 61 60
 5 -39 8 74 73 72 70 67 64 62 60
 1 -49 8 75 73 71 70 69 67 60 56
 3 -19 7 75 72 70 68 62 61 60
 1 0 7 79 74 73 69 68 67 57
 3 -54 7 76 74 72 71 69 61 60
 10 -43 5 75 72 68 61 57
 2 -54 6 78 76 75 71 69 60
 2 -46 5 72 70 69 68 67
 5 -52 4 72 68 67 66
 3 -89 3 78 66 62
 3 -73 3 73 67 66
 7 -85 3 77 70 67
 1 -88 3 74 68 66
 4 -62 2 71 60
 5 -95 2 75 68
 8 -98 2 73 70
 6 -35 1 66
 8 -89 1 67
 5 -13 1 69
 8 -77 1 66
 1 -65 1 68
 3 -44 1 66
 2 -51 1 82
 5 -62 1 82
 4 -47 1 82
 3 -24 1 82
 9 -14 1 82
 10 -9 1 82
 8 -57 1 82
 5 -82 1 82
 10 -53 1 82
 1 -61 1 82
 2 0 1 82
 7 -50 1 82
 8 -19 1 82
 9 -21 1 82
 1 -81 1 82
 9 -53 1 82
 0 21470 0
