92
 0 -1 9 2 3 4 5 6 7 9 10 11
 7 -58 6 23 20 19 18 17 15
 2 -12 2 23 8
 1 -32 5 23 20 18 15 13
 5 -9 5 32 23 18 16 15
 9 -58 4 23 22 14 12
 8 -16 3 23 15 12
 9 -33 4 21 18 17 14
 8 -56 3 28 22 12
 2 -40 4 23 21 20 17
 1 -48 4 26 23 22 17
 4 -15 3 21 20 17
 6 -46 8 32 31 30 28 25 24 22 21
 10 -71 6 32 31 28 27 25 20
 3 -33 6 31 28 26 25 22 21
 3 -21 4 31 28 27 20
 8 -17 8 35 33 32 31 30 27 25 24
 4 -13 6 31 30 28 27 24 22
 10 -82 6 33 32 31 29 26 25
 10 -96 6 42 38 35 33 26 24
 10 -17 5 38 37 33 29 27
 10 -3 6 42 40 39 37 35 29
 9 -64 2 33 25
 5 -45 5 40 39 37 34 29
 8 -15 8 51 49 46 42 41 40 38 36
 6 -5 4 41 37 36 30
 9 -50 6 51 42 41 40 39 34
 2 -97 5 51 41 39 38 34
 8 -49 5 51 49 43 41 36
 8 -48 3 51 39 34
 2 -1 4 49 47 46 42
 5 -89 3 42 41 39
 10 -32 3 51 48 39
 4 -81 5 49 48 47 46 44
 7 -61 5 49 48 46 45 44
 7 -10 4 48 47 45 44
 2 -29 4 48 47 45 44
 3 -28 3 48 47 43
 8 -95 5 58 54 47 45 44
 7 -99 5 58 54 47 45 44
 8 -43 3 56 48 44
 7 -76 3 48 45 44
 9 -26 3 58 52 44
 10 -37 4 66 59 53 50
 10 -53 4 59 53 52 50
 2 -62 3 56 53 50
 1 -77 5 60 59 57 56 53
 6 -66 4 58 54 53 52
 6 -33 3 55 54 53
 3 -100 4 64 62 57 55
 6 -30 2 53 52
 5 -22 6 76 64 63 62 61 60
 5 0 4 64 63 62 61
 1 -13 2 60 57
 2 -48 5 76 72 67 61 60
 6 -14 3 66 62 61
 10 0 5 79 76 72 63 61
 1 -73 5 76 71 65 64 62
 9 -57 4 79 72 63 61
 8 -33 6 79 75 74 70 68 65
 7 -23 4 71 70 68 65
 5 -58 4 75 73 69 67
 9 -61 5 77 75 74 73 69
 5 -36 4 91 79 72 68
 3 -55 5 91 83 78 77 69
 10 -88 3 84 76 73
 6 -41 6 91 90 82 81 79 74
 1 -81 2 89 73
 10 -3 7 90 89 87 85 84 81 80
 10 -65 7 91 90 89 88 84 83 82
 3 -89 6 90 89 87 84 83 81
 2 -7 2 81 74
 3 -40 5 90 88 82 80 78
 7 -2 5 89 88 87 83 80
 4 -31 5 91 89 87 85 84
 1 -18 5 91 89 87 85 81
 4 -71 4 90 87 82 80
 4 -82 2 87 86
 3 -82 2 87 85
 9 -30 1 86
 8 -78 1 88
 8 -13 1 85
 7 -23 1 85
 6 -70 1 86
 1 -43 1 92
 3 -25 1 92
 6 -62 1 92
 2 -71 1 92
 10 -71 1 92
 7 -3 1 92
 2 -51 1 92
 0 20055 0
