92
 0 -44 12 2 3 4 5 7 10 11 12 13 14 22 43
 2 -91 11 41 38 33 31 29 27 23 18 17 16 15
 4 -72 6 33 27 24 21 16 6
 10 -29 7 33 32 31 25 24 18 8
 8 -98 10 44 40 33 31 26 25 23 20 19 18
 8 -27 4 26 25 18 9
 7 -75 9 41 40 37 34 33 29 28 27 16
 4 -96 8 44 40 38 37 34 28 20 16
 3 -14 10 44 40 38 37 35 34 32 30 28 20
 4 -36 11 47 41 40 37 35 34 33 32 31 30 25
 6 -96 5 51 38 35 20 18
 9 -79 10 51 47 44 42 35 34 32 30 28 25
 9 -15 8 47 44 40 37 34 28 26 25
 3 -22 9 51 47 44 42 41 38 34 30 28
 5 -67 7 47 46 40 35 34 32 28
 6 -76 6 51 48 47 42 30 26
 7 -5 6 51 47 45 44 42 25
 5 -4 5 47 37 34 30 28
 2 -51 8 52 51 49 42 41 38 36 34
 6 -34 10 63 52 50 49 48 47 45 42 41 36
 3 -13 5 49 47 46 34 32
 4 -49 5 51 49 48 41 30
 1 -49 3 42 35 30
 5 -77 4 59 47 37 34
 1 -59 7 63 59 52 49 48 39 36
 7 -2 5 59 52 45 36 35
 3 -61 5 63 50 48 44 36
 5 -63 11 64 63 59 56 55 53 52 50 49 48 45
 8 -4 10 66 59 56 53 52 50 49 48 47 45
 9 -52 5 63 59 52 39 36
 5 -81 11 66 64 63 59 56 55 54 53 50 48 45
 9 -41 8 68 64 63 59 56 54 52 39
 1 -15 9 64 63 62 60 56 55 52 49 45
 6 -73 8 63 56 55 54 53 50 48 45
 4 -91 14 72 70 68 67 66 64 63 60 58 57 56 55 53 49
 4 -85 10 72 70 68 67 64 60 57 55 53 46
 6 -47 8 72 70 68 63 60 58 52 46
 6 -64 8 72 70 68 63 59 57 54 46
 8 -57 11 73 70 69 67 66 62 61 58 57 55 50
 5 -45 10 76 70 69 68 67 63 62 58 51 50
 1 0 11 90 72 70 69 68 64 61 59 58 56 54
 4 -7 12 90 77 73 72 69 68 62 61 60 59 57 55
 10 -48 10 90 72 70 68 67 61 58 57 55 54
 5 -32 6 90 73 69 59 58 49
 5 -80 12 90 87 76 73 72 71 70 69 68 67 58 57
 8 -48 10 91 88 87 77 71 69 66 62 61 56
 10 -24 11 90 88 87 86 77 75 73 68 67 65 64
 9 -86 12 91 90 88 87 86 76 75 74 71 68 62 61
 9 -44 6 91 75 74 65 61 54
 4 -89 11 91 90 89 88 86 83 77 72 71 65 60
 4 -17 11 90 87 86 84 82 77 75 74 73 71 61
 9 -1 10 90 89 88 86 84 82 77 75 73 67
 4 -16 10 91 90 89 88 87 84 83 77 74 65
 3 -65 11 89 88 87 86 84 82 81 79 77 76 71
 1 -63 10 89 88 87 86 84 82 79 76 74 71
 7 -22 8 86 85 84 76 75 74 73 65
 8 -17 9 88 85 84 83 82 80 79 78 74
 7 -54 5 86 84 83 75 65
 2 -69 5 91 88 86 80 67
 6 -26 7 87 85 84 82 81 79 75
 9 -74 6 85 83 81 80 79 78
 10 -89 6 84 83 82 81 80 78
 2 -59 6 89 87 85 82 79 78
 6 -42 4 82 78 76 74
 4 -62 5 82 81 80 79 78
 5 -45 5 90 83 82 80 78
 2 -62 4 83 79 78 74
 7 -55 4 89 84 81 78
 5 -26 4 84 80 79 78
 7 -85 4 84 82 79 78
 1 -13 3 85 80 78
 2 -96 3 80 79 78
 5 -74 2 80 79
 9 -41 1 81
 3 -64 1 78
 6 -89 1 83
 3 -93 1 85
 5 -92 1 92
 6 -28 1 92
 8 -54 1 92
 6 -87 1 92
 6 -64 1 92
 7 -71 1 92
 4 -50 1 92
 9 -1 1 92
 4 -89 1 92
 2 -33 1 92
 5 -46 1 92
 8 -98 1 92
 8 -40 1 92
 8 -82 1 92
 0 23855 0
