102
 0 -85 15 2 3 4 5 6 7 8 9 10 12 16 17 18 19 21
 3 -28 6 30 29 24 23 20 11
 5 -99 10 42 38 32 31 30 28 25 24 22 13
 7 -96 7 56 39 32 29 22 15 14
 9 -39 13 42 41 40 39 38 36 34 31 29 28 26 25 24
 10 -60 9 51 42 41 40 35 26 24 22 20
 7 -29 8 42 33 32 31 27 25 22 13
 5 -90 7 42 40 33 30 25 24 13
 9 -38 10 51 47 46 40 39 33 30 29 24 23
 8 -49 7 51 42 41 36 27 26 20
 1 -76 10 56 51 41 39 37 36 34 32 31 26
 4 -7 8 58 56 49 46 39 38 23 22
 8 -48 15 58 57 56 51 50 49 48 47 46 44 43 41 39 36 34
 10 -41 11 49 47 46 44 41 40 38 37 36 34 31
 5 -21 8 51 48 47 41 40 34 28 27
 4 -67 6 51 36 34 31 27 25
 7 -6 9 54 51 47 46 44 37 36 31 29
 6 -20 9 56 51 49 46 44 37 36 31 29
 8 -6 11 58 55 54 52 51 49 46 44 43 37 29
 7 -33 10 71 67 56 54 50 48 46 37 33 31
 8 -47 7 58 55 54 51 43 37 29
 2 -69 8 67 57 52 50 44 43 36 34
 1 -50 8 54 52 48 44 43 42 41 36
 9 -32 3 58 44 27
 9 -63 11 71 67 58 57 55 54 49 46 45 44 43
 8 -21 11 72 71 67 55 50 49 48 47 45 44 43
 5 -64 8 71 67 54 52 50 49 43 37
 2 -39 8 67 61 58 57 52 50 44 37
 9 -39 12 72 71 67 64 62 61 59 57 53 50 48 45
 10 -89 9 72 67 63 62 58 57 54 44 43
 5 -49 7 72 64 58 57 52 45 43
 1 -67 9 72 71 67 61 57 55 54 53 52
 9 -64 7 72 64 63 58 57 52 43
 7 -29 12 71 70 69 66 64 62 61 60 59 55 54 53
 3 -78 11 74 71 70 69 67 64 61 60 57 53 48
 2 -97 6 72 65 62 55 53 45
 4 -97 5 72 65 62 53 45
 8 -8 8 76 72 70 65 64 55 54 51
 8 -36 9 86 76 71 69 67 66 65 63 52
 7 -38 9 101 79 76 71 67 66 63 61 52
 9 -14 12 101 86 76 74 73 71 70 67 65 63 62 60
 1 -68 9 74 70 69 66 65 63 62 60 53
 1 -69 8 74 70 69 66 65 61 60 53
 5 -66 8 100 74 70 66 64 60 59 53
 1 -75 11 101 80 79 76 74 70 69 68 66 63 60
 5 -39 10 101 85 80 77 76 74 72 68 66 61
 4 -57 9 101 80 79 76 74 70 66 61 60
 10 -45 9 97 86 80 77 76 68 66 65 63
 2 -43 7 101 79 74 66 64 62 60
 6 -35 15 101 100 96 86 85 84 81 79 78 77 76 75 74 70 69
 9 -43 8 98 97 79 77 73 68 63 61
 10 0 6 100 98 73 70 62 60
 7 -56 12 101 99 98 97 86 85 83 78 77 76 73 68
 4 -78 12 101 99 98 97 86 85 83 80 79 78 73 68
 10 -8 9 98 97 86 83 79 74 73 68 63
 2 -79 6 98 86 79 73 68 60
 3 -99 9 101 97 85 81 79 78 77 75 66
 9 -55 3 79 68 60
 4 -36 11 101 98 97 95 83 82 81 80 78 75 73
 6 -20 11 97 96 95 94 93 85 84 83 78 77 75
 6 -10 12 100 96 95 94 93 92 91 89 86 83 82 78
 2 -45 2 94 68
 2 -29 11 100 96 95 93 92 91 89 85 82 81 78
 10 -76 10 95 94 93 92 91 90 84 83 81 77
 5 -59 9 99 93 92 84 83 82 81 79 78
 4 -100 8 99 98 91 90 88 83 82 73
 9 -80 9 100 99 98 97 93 92 91 83 77
 4 -63 7 96 95 93 84 82 81 75
 7 -6 9 99 98 97 93 90 89 88 83 82
 9 -36 8 99 97 92 91 90 89 88 82
 5 -3 6 96 94 89 88 85 80
 7 -78 5 98 97 88 83 75
 5 -33 5 96 94 92 87 84
 10 -3 5 94 91 89 88 87
 6 -75 4 92 91 90 87
 7 -17 4 94 92 90 88
 8 -10 3 89 88 82
 3 -36 3 90 88 87
 2 -40 3 95 90 88
 3 -49 3 93 91 87
 1 -89 2 88 87
 6 -40 1 87
 10 -12 1 87
 5 -71 1 89
 1 -54 1 87
 2 -99 1 87
 7 -61 1 102
 3 0 1 102
 7 -74 1 102
 3 -97 1 102
 1 -94 1 102
 4 -72 1 102
 1 -78 1 102
 5 -5 1 102
 6 -96 1 102
 4 -23 1 102
 1 -7 1 102
 2 -91 1 102
 6 -22 1 102
 8 -81 1 102
 10 -41 1 102
 0 25270 0
