102
 0 -17 8 2 3 4 5 7 8 9 15
 4 -98 6 19 18 14 13 11 10
 5 -27 3 18 10 6
 2 -24 4 17 14 12 6
 7 -24 6 27 23 22 20 17 16
 9 -63 5 34 26 20 19 11
 5 -57 5 26 22 18 13 11
 4 -72 5 27 22 21 20 16
 5 -79 7 34 30 27 24 23 22 21
 2 -99 4 34 21 20 17
 8 -15 6 30 28 27 25 24 23
 4 -16 6 30 28 27 25 24 23
 2 -40 8 41 37 34 33 30 28 27 25
 2 -7 6 41 34 33 30 27 22
 9 -85 5 32 30 26 24 23
 8 -7 2 34 18
 8 -84 4 30 26 25 24
 10 -33 6 37 33 32 30 28 24
 3 -43 4 41 30 27 22
 5 -90 7 41 38 37 35 33 32 28
 10 -42 3 41 32 26
 5 -32 4 37 32 29 28
 10 -59 9 50 44 43 39 37 36 35 33 31
 4 -29 7 50 44 43 41 36 31 29
 9 -31 7 50 44 43 36 32 31 29
 6 -97 5 39 38 37 35 28
 2 -78 7 52 50 44 43 36 32 31
 1 -13 5 52 50 44 43 31
 6 -45 5 47 40 39 38 35
 6 -49 3 39 38 31
 5 -99 6 54 49 48 47 42 40
 2 -93 6 54 48 47 46 40 39
 10 -98 7 57 54 49 48 47 46 40
 7 -78 7 57 54 52 50 49 47 40
 8 0 5 52 51 49 45 42
 9 -20 3 45 42 38
 4 -24 6 63 62 55 54 49 46
 5 -39 7 67 63 57 55 54 51 49
 6 -29 7 67 63 58 57 56 55 49
 1 -55 5 67 62 56 51 45
 1 -50 5 62 58 56 49 45
 8 -63 5 63 59 57 53 46
 6 -9 5 67 63 58 55 49
 6 -63 6 65 64 63 60 58 54
 6 -30 5 63 61 60 59 55
 7 -8 5 67 61 60 58 56
 8 -21 6 67 64 62 61 60 58
 2 -46 5 67 66 63 61 56
 4 -24 2 59 53
 4 -81 2 59 53
 8 -71 4 65 64 61 58
 7 -41 5 70 67 65 64 62
 5 -42 4 71 70 61 60
 5 -99 6 76 71 70 68 66 61
 1 -63 8 81 79 78 76 71 70 68 65
 5 -13 5 76 71 70 65 64
 9 -65 5 76 71 70 68 61
 5 -88 8 81 79 76 74 71 70 68 66
 8 -66 4 71 70 65 64
 5 -29 7 81 79 78 76 74 68 66
 8 -19 6 81 79 78 74 73 69
 7 -20 6 81 78 76 75 71 69
 8 -10 5 78 75 74 70 69
 7 -98 5 82 81 79 77 68
 3 -9 3 75 74 69
 6 -64 3 91 87 69
 6 -37 5 87 85 76 72 71
 6 -70 5 85 83 80 75 73
 7 -10 4 85 83 77 72
 4 -85 2 87 72
 10 -50 4 97 89 82 80
 2 -67 4 97 89 86 82
 4 -18 6 97 96 89 88 87 86
 5 -23 5 97 91 89 87 84
 6 -84 4 91 89 86 84
 4 -81 4 101 91 86 82
 1 -23 2 84 80
 9 -52 6 101 96 93 91 88 87
 7 -75 3 96 89 85
 2 -37 4 101 96 88 86
 3 -84 3 101 88 86
 7 -61 2 93 84
 7 -77 3 96 92 86
 5 -58 4 96 95 90 88
 7 -51 2 92 86
 10 -97 4 100 95 93 90
 9 -90 3 100 95 90
 5 -65 3 100 99 92
 6 -44 3 101 99 92
 5 -31 2 99 94
 1 -11 2 95 94
 8 -10 1 94
 2 -57 1 94
 4 -25 1 98
 5 -76 1 98
 4 -20 1 98
 2 -96 1 98
 6 -65 1 102
 7 -79 1 102
 10 -7 1 102
 3 -72 1 102
 0 25350 0
