102
 0 -56 15 2 3 4 5 6 8 9 11 12 13 14 16 19 22 25
 9 -45 9 38 26 23 21 18 17 15 10 7
 4 -41 11 41 36 34 33 32 31 30 26 24 20 15
 9 -46 8 36 34 33 32 30 27 24 17
 6 -85 10 50 44 38 37 36 34 33 31 24 21
 2 -80 6 37 34 33 30 24 20
 8 -62 8 47 44 37 34 33 31 27 24
 6 -66 8 43 38 33 31 30 29 28 23
 8 -31 12 62 49 46 45 44 40 37 36 34 32 30 28
 3 -29 10 62 46 45 41 40 37 36 34 30 28
 3 -45 4 34 33 24 20
 6 -56 10 49 46 44 43 41 37 36 31 30 28
 7 -54 7 50 46 44 33 31 28 26
 2 -79 9 62 52 47 46 44 42 34 31 28
 6 -80 8 51 48 46 45 44 42 37 27
 2 -75 7 62 52 49 42 34 31 28
 9 -87 9 62 49 48 44 43 42 39 37 31
 10 -36 7 55 53 45 41 39 34 30
 5 -6 10 59 55 50 47 46 45 42 39 35 34
 4 -79 11 59 52 51 49 48 45 44 43 39 38 35
 9 -92 7 52 51 49 46 45 42 28
 6 -76 7 62 55 51 49 48 35 30
 10 -25 11 71 62 61 51 50 49 46 45 44 42 37
 8 -4 6 49 46 45 42 40 28
 9 -87 7 53 51 50 45 44 39 36
 9 -56 9 62 61 59 52 51 47 43 42 35
 2 -60 6 62 59 50 49 39 35
 2 -29 5 59 55 48 39 35
 10 -29 12 71 66 65 62 61 59 57 52 51 50 44 42
 4 -30 11 71 66 61 59 58 57 56 52 50 47 42
 7 -28 4 61 59 45 35
 3 -35 8 68 60 59 57 56 48 47 43
 3 -70 11 71 68 66 64 62 60 59 58 57 56 49
 8 -84 8 71 68 60 56 54 51 48 43
 2 -61 11 78 69 65 64 63 60 58 57 56 54 53
 8 -15 10 71 69 65 63 60 59 58 57 56 48
 2 -47 9 79 64 60 59 58 57 56 55 52
 6 -9 9 76 72 69 64 63 61 57 55 53
 2 -20 10 78 77 75 71 70 69 66 64 63 61
 2 -52 8 79 78 73 71 68 64 58 56
 7 -47 9 89 85 79 76 72 66 64 60 57
 6 -31 8 81 79 77 75 70 64 63 54
 1 -76 8 76 72 70 69 66 65 64 63
 7 -88 8 81 78 77 75 72 70 64 54
 7 -72 10 90 89 88 79 78 76 75 70 69 57
 2 -26 10 90 89 85 76 73 72 69 66 64 57
 4 -38 6 81 79 78 75 70 54
 6 -7 13 96 90 89 88 87 81 80 79 78 76 75 70 64
 2 -64 9 90 81 80 79 78 76 70 67 63
 4 -24 7 80 79 70 69 68 67 60
 6 -16 6 89 73 72 70 69 64
 4 -90 9 97 90 88 77 76 75 72 70 67
 6 -54 9 98 96 89 81 73 71 70 67 66
 2 -43 10 97 96 90 89 85 83 80 76 73 67
 1 -34 8 101 89 88 80 75 68 67 65
 10 -95 10 98 96 95 90 89 81 80 75 74 70
 1 -1 8 101 98 96 87 81 80 77 67
 2 -45 8 99 98 95 85 84 81 74 72
 8 -57 9 101 97 96 87 85 78 77 75 74
 7 -18 10 101 100 99 98 97 96 90 82 77 73
 6 -81 10 101 99 98 95 90 89 87 81 80 74
 2 -35 6 96 89 85 84 74 69
 10 -1 7 98 96 92 89 83 82 73
 3 -47 2 83 67
 10 -43 5 98 94 90 83 74
 8 -72 8 100 99 97 95 93 92 83 82
 3 -88 4 99 95 84 74
 9 -29 4 94 87 83 74
 7 -75 6 101 98 95 94 92 81
 10 -7 5 101 100 93 85 84
 3 -48 5 99 94 93 83 82
 9 -49 4 96 87 83 80
 5 -65 5 95 93 88 87 86
 7 -53 4 100 93 92 82
 6 -15 4 100 99 92 82
 5 -99 4 99 98 92 86
 8 -36 4 95 94 92 86
 1 -6 3 99 83 82
 7 -30 3 95 92 82
 1 -47 2 94 86
 9 -53 2 97 86
 7 -38 1 86
 6 -27 1 86
 6 -17 1 86
 3 -84 1 86
 6 -1 1 91
 10 -33 1 91
 8 -50 1 91
 5 -11 1 94
 10 -49 1 91
 5 -98 1 102
 2 -65 1 102
 10 -65 1 102
 1 -14 1 102
 6 -1 1 102
 2 -69 1 102
 5 -52 1 102
 3 -88 1 102
 9 -21 1 102
 2 -44 1 102
 6 -71 1 102
 0 24250 0
