102
 0 -53 22 2 3 4 5 7 8 9 10 11 12 13 14 15 16 18 19 20 21 22 29 31 33
 4 -4 13 67 49 45 43 41 39 36 34 32 27 24 17 6
 6 -18 12 67 63 57 43 42 40 37 36 28 24 23 17
 10 -84 17 66 61 60 59 56 54 52 48 46 44 43 42 41 37 34 25 23
 7 -5 13 67 66 63 62 58 52 51 48 42 39 37 30 23
 6 -70 13 63 61 60 58 56 52 48 46 44 42 37 25 23
 10 -57 13 63 61 60 59 58 56 54 48 47 42 37 25 23
 4 -37 16 82 73 70 69 68 67 63 61 60 55 52 51 48 46 41 25
 4 -21 12 68 66 63 62 60 58 56 55 53 40 35 27
 2 -79 11 70 63 60 58 52 48 46 43 38 37 23
 2 -4 11 82 63 61 60 58 54 52 48 42 37 25
 5 -4 14 101 67 66 61 60 58 54 53 52 48 46 42 38 37
 9 -65 13 101 71 66 59 55 53 47 46 45 43 42 39 37
 9 -65 8 70 65 63 62 53 52 39 30
 5 -98 9 101 68 62 58 53 42 39 38 34
 2 -23 7 63 62 61 54 48 37 23
 7 -16 16 101 79 73 69 68 66 65 62 60 56 55 54 53 52 50 48
 3 -73 8 101 72 70 63 58 55 36 26
 9 -28 11 101 82 73 69 65 62 61 59 57 52 32
 10 -46 10 101 82 75 70 62 53 50 44 38 37
 9 -19 14 80 73 72 70 69 68 65 64 63 61 60 54 52 47
 10 -96 7 82 60 53 52 50 46 39
 7 -93 14 101 95 82 79 75 73 72 71 69 68 65 55 53 50
 2 -89 8 101 81 69 60 58 56 53 44
 7 -36 11 101 95 79 75 72 71 65 62 57 53 50
 7 -70 8 82 79 71 69 61 54 53 46
 2 -91 7 73 72 65 61 54 52 47
 9 -23 13 101 95 89 81 79 78 76 75 72 71 69 65 53
 9 -12 12 101 95 89 82 80 78 72 69 65 64 58 55
 9 -73 11 101 98 96 75 73 71 68 61 60 56 47
 7 -36 13 95 92 82 81 80 79 73 72 71 69 64 60 55
 10 -8 9 99 95 79 78 75 71 54 50 48
 8 -92 11 99 95 89 82 81 78 72 64 62 60 52
 1 -74 11 95 94 82 79 77 75 74 71 69 65 50
 10 -91 13 101 96 95 94 90 82 80 79 76 74 73 69 65
 4 -37 14 100 99 97 96 95 88 87 82 80 79 77 74 73 62
 10 -81 11 100 97 93 92 90 81 76 73 72 69 64
 7 -94 8 95 89 78 76 71 69 65 55
 2 -19 10 96 95 93 91 79 78 77 72 69 54
 5 -62 14 99 98 93 92 90 89 88 80 79 78 76 75 72 64
 7 -5 8 98 97 95 78 76 71 65 64
 7 -27 14 100 99 98 97 94 93 92 88 87 80 78 77 74 70
 7 -3 10 99 95 93 92 89 88 82 78 76 64
 9 -26 8 98 97 89 80 79 76 72 65
 6 -57 10 98 91 90 89 85 80 79 76 75 65
 3 -73 8 97 95 91 80 78 77 74 65
 4 -52 12 95 93 92 90 88 87 82 79 78 77 76 74
 3 -56 9 98 97 92 91 90 89 88 72 64
 5 -69 8 99 98 97 93 89 78 76 64
 4 -29 12 100 97 93 92 90 89 88 87 85 81 80 76
 6 -67 11 100 97 96 95 92 90 89 88 87 85 71
 2 -72 9 100 97 96 92 90 88 75 74 71
 5 -4 6 97 91 90 88 80 64
 10 -70 10 98 94 90 89 88 87 85 83 81 76
 2 -11 9 100 99 96 94 90 88 84 77 74
 10 -82 9 100 95 94 89 88 86 85 80 78
 2 -50 8 98 96 92 91 89 83 78 74
 7 -12 6 97 87 79 76 74 71
 2 -33 9 100 99 97 90 89 88 87 85 83
 4 -29 8 94 93 90 88 87 86 83 76
 8 -79 8 97 94 93 92 90 87 86 85
 6 -22 7 98 93 91 90 86 85 76
 5 -95 7 97 94 92 87 86 84 79
 1 -9 5 96 94 87 77 74
 3 -53 7 100 99 93 92 88 87 84
 4 -25 6 97 91 90 89 84 83
 7 -56 6 90 87 86 85 84 83
 1 -90 5 92 88 85 83 76
 9 -77 5 99 98 88 85 83
 1 -43 5 96 95 91 89 84
 6 -27 4 91 86 84 83
 3 -51 2 83 74
 7 -47 2 89 78
 9 -30 2 86 85
 7 -16 2 87 84
 6 -66 1 84
 7 -58 1 83
 1 -61 1 84
 8 -26 1 83
 3 -90 1 83
 3 -84 1 86
 2 -11 1 91
 5 -66 1 102
 4 -24 1 102
 1 -75 1 102
 2 -47 1 102
 5 -47 1 102
 9 -79 1 102
 1 -21 1 102
 7 -24 1 102
 10 -5 1 102
 9 -64 1 102
 5 -66 1 102
 3 -16 1 102
 3 -91 1 102
 4 -68 1 102
 6 -57 1 102
 1 -2 1 102
 8 -46 1 102
 3 -97 1 102
 2 -76 1 102
 0 24800 0
