102
 0 -61 21 2 3 4 5 6 7 8 9 10 11 12 13 15 18 19 21 22 24 29 32 39
 9 -30 17 58 57 50 47 43 42 38 34 31 30 28 26 25 23 20 17 14
 3 -40 13 62 57 52 50 49 47 44 42 33 31 28 23 20
 8 -53 12 70 58 57 56 50 47 45 42 37 31 20 17
 1 -29 15 80 61 58 57 56 54 48 47 45 44 41 40 35 33 27
 1 -95 10 70 53 52 50 49 42 37 31 27 16
 3 -52 12 58 56 53 52 49 47 45 44 43 41 35 20
 5 -21 15 74 70 66 64 62 58 53 52 50 49 44 42 36 31 28
 2 -17 12 74 62 58 57 56 55 50 47 44 41 40 30
 2 -30 11 74 72 70 62 60 55 53 51 49 40 20
 1 -57 10 70 62 57 54 53 49 47 45 37 28
 10 -13 14 101 80 73 70 64 57 56 54 53 50 47 45 44 43
 2 -97 10 74 70 63 60 56 55 52 41 40 30
 1 -100 6 64 56 45 41 40 33
 7 -63 10 74 71 70 68 59 56 55 50 41 31
 6 -53 7 66 64 59 57 55 47 28
 10 -21 8 64 62 60 52 49 46 44 41
 2 -33 6 74 66 63 59 55 28
 10 -19 10 77 74 70 66 64 63 62 59 53 36
 5 -75 14 101 97 80 79 78 77 73 66 65 64 63 61 54 46
 7 -76 10 101 97 80 78 74 73 72 64 55 43
 9 -87 10 100 96 94 80 72 71 65 62 59 37
 10 -69 5 71 68 66 45 37
 8 0 12 100 99 96 80 79 77 73 71 65 60 55 44
 8 -34 11 100 96 80 78 74 72 65 63 55 53 49
 6 -10 15 101 100 99 97 96 93 80 77 75 73 72 69 62 55 53
 7 -84 12 99 98 96 74 71 68 67 65 64 62 59 51
 3 -86 9 96 80 76 71 68 65 60 56 41
 7 -72 8 100 79 74 73 71 62 52 44
 6 -96 13 101 98 97 96 93 80 77 76 72 66 64 61 53
 6 -73 11 100 98 96 94 91 80 67 65 63 61 51
 8 -35 15 101 100 97 96 95 94 78 75 72 68 67 65 63 60 55
 4 -83 14 100 99 97 96 95 91 79 77 76 72 70 66 63 53
 2 -74 14 99 98 96 95 85 78 77 76 71 68 67 65 64 56
 2 -74 9 99 97 95 79 74 70 68 65 50
 5 -82 12 98 96 93 91 87 80 76 69 67 65 60 56
 4 -13 7 99 92 78 74 67 55 51
 7 -14 15 98 96 95 94 93 89 87 83 79 78 77 76 75 69 65
 9 -24 11 101 96 93 89 87 77 73 70 69 65 55
 2 -5 9 100 98 94 93 77 75 67 65 59
 5 -36 16 101 99 98 97 95 92 91 90 88 79 77 75 73 72 69 67
 10 -65 12 101 97 96 95 93 90 89 78 77 75 68 55
 4 -7 11 99 96 79 77 76 75 68 67 65 63 60
 7 -38 8 98 94 88 75 72 68 63 59
 3 -3 8 100 96 94 89 74 69 63 55
 4 -59 13 99 98 94 93 91 90 88 83 76 75 71 69 67
 9 -21 10 99 97 96 95 88 86 76 72 63 60
 1 -75 11 100 99 97 94 89 86 83 78 75 69 65
 2 -22 12 101 97 94 92 91 90 88 83 77 75 73 71
 2 -64 12 96 94 93 92 91 88 87 84 83 77 75 67
 7 -94 12 101 97 95 93 89 85 84 83 79 77 76 75
 1 -45 8 96 94 85 83 77 76 75 68
 2 -50 7 94 92 90 85 71 68 67
 10 -89 8 96 93 90 88 86 83 75 68
 7 -86 9 98 91 88 86 85 84 83 82 76
 5 -10 8 94 90 88 86 84 83 79 75
 10 -54 8 100 98 93 91 86 83 82 71
 8 -2 9 97 95 92 89 86 84 83 82 81
 9 -40 8 97 95 87 85 83 82 81 78
 3 -16 6 89 85 84 83 82 81
 6 -44 6 99 90 88 84 82 81
 6 -45 5 88 87 83 82 78
 1 -17 5 93 92 90 87 85
 3 -17 4 100 94 86 75
 4 -10 4 92 90 88 84
 8 -18 4 87 85 82 81
 8 -95 3 89 86 81
 10 -61 3 87 84 82
 5 -67 3 85 84 81
 2 -9 2 85 75
 8 -20 2 87 81
 2 -15 2 89 83
 4 -39 2 85 81
 2 -88 2 88 87
 7 -36 1 82
 5 -79 1 81
 4 -64 1 86
 5 -56 1 91
 7 -56 1 81
 7 -60 1 95
 8 -8 1 102
 9 -86 1 102
 2 -95 1 102
 8 -6 1 102
 4 -98 1 102
 1 -38 1 102
 7 -91 1 102
 4 -45 1 102
 6 -6 1 102
 6 -35 1 102
 8 -33 1 102
 2 -9 1 102
 8 -88 1 102
 5 -53 1 102
 4 -30 1 102
 5 -11 1 102
 4 -12 1 102
 6 -87 1 102
 5 -26 1 102
 3 -84 1 102
 10 -38 1 102
 0 24005 0
