102
 0 -53 7 2 3 4 7 10 14 16
 10 -81 5 20 15 11 8 5
 10 -68 3 11 9 6
 1 -79 4 20 19 17 8
 10 -95 3 25 13 12
 1 -6 1 8
 4 -37 5 29 25 23 22 17
 10 -13 3 24 23 13
 8 -32 6 32 29 24 23 21 19
 1 -33 5 29 23 21 19 18
 5 -18 4 29 24 21 18
 9 -36 4 29 24 23 19
 6 -51 3 29 21 18
 2 -47 3 21 19 18
 2 -26 7 32 31 30 29 28 26 22
 3 -4 7 32 31 30 28 26 25 22
 6 -80 4 32 28 24 21
 6 -43 6 32 31 30 28 26 22
 2 -6 4 39 30 28 22
 4 -39 5 40 33 31 27 26
 6 -69 8 40 38 35 34 33 31 30 27
 5 -23 7 40 38 37 35 34 33 27
 1 -90 6 38 35 34 33 31 30
 8 -61 1 26
 4 -93 8 49 43 40 39 38 37 36 35
 4 -66 7 46 45 39 38 37 35 34
 2 -1 6 46 45 44 43 42 36
 7 -64 5 43 42 41 38 36
 1 -8 5 45 43 41 37 35
 4 -51 7 55 50 49 43 42 41 37
 8 -58 6 49 46 45 42 37 36
 10 -96 6 54 49 46 42 41 36
 8 -72 4 49 42 41 36
 5 -98 6 62 55 49 48 43 41
 5 -99 7 55 54 53 52 50 47 42
 9 -60 7 62 56 55 51 50 48 47
 10 -49 6 62 56 53 51 48 47
 4 -71 6 63 57 54 53 51 44
 2 -63 4 55 51 48 41
 6 -62 4 61 54 50 45
 2 -100 2 52 47
 6 -85 5 71 63 62 59 51
 2 -51 4 71 56 54 51
 7 -100 4 62 58 55 50
 10 -57 7 70 63 62 60 58 57 55
 9 -10 3 65 55 53
 8 -66 6 72 65 61 59 58 57
 10 -33 4 74 65 63 52
 3 -19 3 71 59 51
 3 -71 9 74 72 71 70 68 67 65 60 59
 2 -59 6 72 67 65 64 61 58
 8 -53 6 72 71 68 61 60 59
 5 -44 5 72 67 64 61 58
 3 -93 5 70 69 67 59 58
 8 -81 3 71 68 59
 8 -62 3 73 64 58
 7 -93 6 78 75 71 69 67 66
 9 -4 6 78 76 75 74 68 66
 1 -79 3 73 66 64
 5 -7 6 82 79 78 75 73 69
 5 -45 5 82 75 73 70 69
 3 -78 5 82 78 74 73 69
 10 -49 6 86 81 78 76 75 68
 1 -29 7 86 85 83 81 78 76 75
 1 -50 4 82 79 78 73
 4 -9 6 88 86 82 81 80 79
 4 -28 5 86 85 83 81 76
 10 -21 4 88 83 82 77
 1 -70 4 85 83 81 77
 10 -35 4 86 85 83 77
 3 -92 4 88 82 81 80
 6 -4 4 85 83 81 76
 8 -41 3 88 86 76
 5 -100 2 83 80
 2 -100 1 77
 2 -21 1 80
 9 -28 1 80
 2 -96 1 80
 10 -66 7 95 94 93 90 89 87 85
 9 -42 5 95 94 92 90 84
 7 -38 5 95 94 92 90 84
 5 -47 4 95 94 85 84
 5 -59 6 101 100 94 92 91 89
 4 -83 5 100 99 93 89 87
 1 -76 4 100 96 92 91
 8 -51 4 98 93 91 90
 2 -60 4 101 98 96 91
 10 -98 2 100 92
 10 -12 2 98 96
 4 -34 2 97 96
 1 -94 1 97
 1 -53 1 99
 7 -9 1 96
 9 -10 1 96
 1 -72 1 98
 9 -90 1 102
 3 -83 1 102
 3 -33 1 102
 6 -9 1 102
 9 -93 1 102
 4 -92 1 102
 0 27340 0
