102
 0 -83 16 2 3 4 5 6 7 8 9 11 12 13 14 15 16 25 28
 6 -96 9 40 38 34 27 24 23 22 17 10
 4 -12 13 46 45 41 40 39 38 31 27 26 24 22 21 20
 3 -30 12 45 41 40 38 36 32 30 27 26 22 20 19
 4 -94 13 45 44 41 39 37 36 34 32 31 29 27 23 22
 7 -64 10 46 45 41 39 38 32 31 27 21 20
 8 -3 9 45 41 38 36 31 29 22 21 20
 6 -35 9 41 38 37 33 32 31 30 27 17
 9 -32 10 46 44 40 38 33 31 30 27 24 22
 9 -68 9 44 43 41 39 36 35 32 29 18
 4 -66 9 47 46 45 44 38 36 30 27 20
 7 -75 7 45 42 41 32 27 26 19
 10 -43 7 64 46 42 39 38 32 20
 3 -73 8 61 48 42 41 39 36 34 26
 10 -11 6 47 46 45 32 31 22
 5 -41 8 52 48 46 44 42 33 32 27
 4 -59 11 52 50 49 48 47 46 44 43 42 36 35
 1 -2 9 66 64 54 53 47 45 37 33 31
 5 -21 7 64 52 46 39 37 35 34
 10 -90 6 61 52 51 37 35 33
 1 -64 9 65 64 61 59 51 47 44 34 33
 1 -15 10 65 64 63 56 51 49 48 43 42 35
 7 -45 10 65 64 61 56 51 50 48 46 43 35
 1 -48 9 66 64 61 56 55 54 52 37 32
 4 -30 7 65 64 52 50 45 41 34
 5 -94 7 65 64 52 50 47 43 35
 7 -39 7 65 64 61 56 51 43 35
 10 -27 7 56 54 51 49 47 46 37
 8 -30 9 65 64 63 56 54 51 48 46 42
 1 -22 6 67 56 52 51 48 34
 6 -47 9 101 63 61 56 52 51 50 49 42
 3 -10 10 101 75 72 71 67 63 62 57 53 50
 7 -84 9 101 72 71 67 63 58 56 50 49
 9 -79 8 72 71 66 63 62 54 53 49
 8 -64 11 78 77 73 72 68 67 66 62 57 54 53
 10 -70 9 101 72 65 64 63 62 58 54 51
 2 -99 6 75 65 63 59 50 48
 2 -73 10 101 71 69 63 62 60 59 56 55 53
 4 -12 4 56 54 51 47
 2 -2 11 83 81 78 77 73 72 67 63 60 58 55
 8 -13 14 100 83 81 80 78 77 75 73 72 70 68 67 58 57
 7 -90 11 77 73 72 71 70 68 67 62 59 58 57
 6 -22 11 83 81 78 77 72 71 70 69 59 58 55
 5 -38 10 100 75 72 71 70 66 63 58 57 56
 4 -3 9 100 83 78 77 75 72 70 58 56
 7 -15 9 100 84 78 77 70 69 68 59 53
 10 -83 13 100 84 83 82 81 77 74 73 72 71 70 68 63
 6 -14 8 84 80 78 74 73 72 69 62
 3 -37 6 89 83 77 73 69 55
 9 -62 8 100 83 77 74 73 69 68 60
 9 -48 10 100 90 89 81 80 75 74 73 70 68
 3 -87 9 100 98 90 88 82 81 74 72 68
 7 -18 4 90 83 81 58
 1 -1 4 100 90 69 60
 10 -5 7 100 88 84 80 75 74 68
 10 -20 5 84 81 80 73 68
 5 -12 5 90 89 79 74 69
 4 -58 8 98 89 88 87 82 79 76 74
 2 -56 7 89 88 87 80 79 76 74
 8 0 6 99 89 88 80 79 70
 7 -15 5 89 81 80 77 70
 8 -45 9 100 98 89 88 87 83 81 79 76
 3 -11 8 99 97 89 88 87 80 79 76
 4 -12 5 90 89 87 81 68
 5 -15 8 98 89 88 86 84 83 81 77
 10 -17 6 89 87 83 79 76 74
 3 -89 7 99 98 95 90 89 84 76
 2 -36 5 99 97 95 79 76
 2 -60 4 98 88 87 76
 1 -48 4 97 95 87 76
 8 -67 5 96 95 90 85 79
 8 -100 5 97 96 92 87 85
 6 -30 4 93 88 86 85
 8 -69 5 99 97 95 92 85
 10 -27 5 99 97 95 92 85
 5 -95 4 96 94 86 85
 10 -87 4 92 90 87 85
 5 -42 3 101 86 82
 2 -61 4 94 93 91 86
 2 -22 3 98 95 94
 3 -27 3 94 93 92
 5 -47 3 93 92 91
 5 -91 2 94 85
 9 -42 2 94 87
 1 -89 1 91
 1 -71 1 92
 4 -24 1 93
 6 -24 1 95
 5 -25 1 94
 7 -31 1 91
 6 -48 1 102
 4 -4 1 102
 1 -67 1 102
 3 -62 1 102
 3 -9 1 102
 7 -55 1 102
 8 -82 1 102
 5 -52 1 102
 8 -84 1 102
 2 -6 1 102
 1 -66 1 102
 0 22940 0
