102
 0 -66 15 2 3 4 5 6 7 8 10 11 12 14 15 17 22 23
 2 -85 10 34 32 29 27 26 24 21 19 18 9
 1 -91 9 39 33 32 30 28 27 25 24 16
 4 -3 11 49 46 39 37 35 34 33 32 30 29 26
 4 -20 6 48 43 33 32 21 13
 6 -17 7 41 39 32 28 27 25 20
 4 -19 8 46 41 39 38 34 33 30 28
 10 -41 10 49 47 46 42 39 37 35 34 31 30
 1 -10 7 49 46 39 35 33 31 30
 8 -23 9 49 47 45 44 41 37 35 32 30
 10 -84 8 49 47 46 44 41 39 38 30
 2 -8 8 47 46 45 38 37 35 31 30
 9 -38 9 49 47 46 42 39 38 37 36 31
 2 -38 8 49 48 45 43 42 36 33 31
 8 -6 6 50 49 39 37 33 30
 2 -10 10 55 49 48 45 43 42 37 36 35 31
 4 -2 11 55 51 49 48 45 44 43 41 40 38 36
 10 -56 10 57 51 48 47 46 42 39 37 36 35
 8 -27 6 48 42 39 38 35 31
 2 -5 12 60 55 51 50 48 46 45 44 43 40 37 36
 5 -74 10 64 55 51 46 45 44 42 38 37 35
 8 -60 10 55 51 49 48 47 44 42 38 37 36
 10 -81 7 51 48 47 45 42 36 32
 2 -81 9 55 51 49 48 42 41 40 37 36
 2 -96 10 60 57 55 51 50 49 43 37 36 35
 6 -39 4 62 48 36 31
 10 -83 10 69 63 60 57 55 51 49 47 40 36
 8 -26 8 69 60 55 51 50 49 47 37
 10 -42 8 64 55 54 51 50 44 42 40
 8 -73 7 60 55 51 48 43 40 36
 9 -46 5 64 54 51 41 40
 10 -22 8 69 62 59 57 55 54 40 38
 7 -5 12 67 65 64 60 59 58 56 55 54 53 47 44
 4 -35 12 72 69 62 61 60 58 56 55 53 51 50 48
 3 -45 6 69 63 59 54 53 40
 6 -44 10 76 74 70 64 61 58 56 54 53 52
 1 -29 10 76 74 72 62 61 58 56 54 53 52
 5 -44 9 74 73 66 61 60 58 56 52 50
 3 -59 6 75 60 56 55 52 45
 7 -24 12 84 76 74 73 72 70 68 66 61 58 56 52
 5 -100 7 69 65 60 58 57 53 50
 2 -100 11 84 75 73 70 68 67 65 63 62 60 56
 10 -8 7 84 76 70 63 59 58 53
 7 -30 10 84 81 74 72 71 70 69 66 63 57
 4 -13 8 82 81 76 73 66 65 62 54
 9 -11 6 70 66 63 62 58 56
 7 -45 11 101 84 82 81 79 75 74 70 68 66 61
 8 -96 9 82 81 79 73 70 68 66 65 64
 10 -50 7 82 79 75 70 65 64 59
 8 -71 9 101 98 84 81 76 70 68 67 63
 7 -5 7 98 84 83 74 73 70 59
 4 -15 8 101 97 93 83 81 80 67 65
 4 -11 9 101 100 99 95 91 82 81 73 66
 1 -41 12 101 100 99 98 96 91 84 80 79 78 77 68
 6 -9 10 101 98 97 96 95 93 92 91 81 70
 5 -66 8 97 96 95 83 82 79 78 71
 7 -76 11 98 96 95 94 91 89 87 82 78 77 75
 1 -25 10 101 100 98 96 94 89 81 80 77 75
 8 -33 6 100 95 81 80 77 71
 3 -42 10 101 96 93 92 91 90 88 85 81 76
 3 -30 4 97 88 77 71
 9 -9 4 93 86 80 71
 1 -25 9 99 94 91 90 89 87 83 82 80
 10 -76 9 98 96 94 93 91 86 84 83 80
 4 -96 4 98 95 88 71
 8 -2 8 98 97 96 94 89 88 85 77
 9 -45 7 96 95 91 89 87 78 77
 2 -81 9 97 95 93 92 90 89 87 86 85
 8 -70 9 101 96 93 91 89 88 87 86 85
 4 -75 7 100 90 89 87 85 80 78
 5 -6 8 99 94 92 91 90 89 87 85
 6 -87 8 100 98 97 91 89 88 86 85
 8 -17 5 93 92 87 85 78
 10 -31 4 92 91 87 85
 10 -53 3 97 93 85
 9 -55 3 95 89 86
 4 -70 2 90 86
 2 -56 2 88 86
 9 -52 2 89 88
 10 -65 1 88
 7 -12 1 87
 7 -4 1 86
 7 0 1 85
 1 -52 1 87
 9 -92 1 102
 5 -99 1 102
 2 -55 1 102
 1 -52 1 102
 2 -84 1 102
 3 -54 1 102
 10 -79 1 102
 2 -77 1 102
 6 -47 1 102
 10 -76 1 102
 4 -27 1 102
 5 -21 1 102
 7 -8 1 102
 10 -58 1 102
 5 -12 1 102
 9 -32 1 102
 6 -19 1 102
 0 22325 0
