102
 0 -34 8 2 3 4 5 7 10 11 13
 5 -76 7 27 19 16 15 14 9 8
 9 -16 5 15 12 9 8 6
 4 -10 6 27 24 21 19 18 9
 8 -42 5 24 23 18 17 12
 2 -50 6 27 23 22 21 20 18
 4 -69 5 34 22 21 18 17
 4 -33 6 28 26 24 21 18 17
 5 -45 4 32 23 22 17
 4 -34 6 34 32 30 28 24 17
 6 -78 5 29 28 23 21 20
 7 -98 4 32 26 20 19
 10 -75 4 39 26 21 19
 3 -34 5 39 34 30 28 21
 8 -42 6 39 36 34 28 26 25
 10 -86 5 39 34 28 25 24
 8 -62 2 29 20
 2 -17 9 43 41 39 37 36 32 31 30 29
 6 -98 6 36 34 33 30 28 25
 5 -54 6 43 42 39 36 33 25
 5 -50 5 43 42 36 33 25
 8 -38 4 41 31 28 26
 1 -49 4 39 38 34 26
 1 -93 7 47 42 41 40 38 36 33
 1 -26 4 41 40 37 31
 4 -48 4 47 37 33 30
 6 -9 7 48 47 43 42 40 38 37
 5 -57 4 48 47 37 35
 5 -31 5 49 47 44 40 38
 7 -22 4 48 46 42 40
 7 0 2 47 35
 4 -13 5 49 47 46 45 44
 7 -43 6 59 58 56 49 46 44
 1 -66 6 58 55 52 47 46 45
 6 -29 4 55 52 45 38
 7 -53 4 55 49 46 45
 7 -41 6 59 58 56 52 46 44
 2 -39 6 59 58 57 56 53 46
 2 -84 3 57 47 44
 10 -96 4 58 55 53 45
 5 -1 2 48 46
 8 -54 6 63 60 59 58 56 52
 9 -69 6 59 57 55 54 51 50
 10 -48 5 63 55 54 53 51
 6 -39 6 67 63 60 59 57 56
 3 -30 4 63 54 51 50
 7 -35 4 63 53 51 50
 7 -7 4 60 57 54 53
 2 -61 3 57 54 52
 5 -71 7 71 70 67 65 62 61 60
 1 -58 6 71 70 67 65 62 60
 9 -32 3 66 61 53
 8 -93 7 83 71 70 69 67 65 64
 5 -100 6 76 71 70 66 64 61
 8 -19 6 80 71 70 67 65 61
 5 -85 5 76 71 64 62 61
 2 -35 7 83 77 71 70 69 66 65
 5 -66 4 76 71 62 61
 2 -94 9 83 80 77 76 74 72 71 69 68
 9 -44 3 74 69 64
 10 -4 7 83 78 77 74 72 69 68
 1 -48 5 83 77 72 69 66
 9 -45 5 77 76 75 72 66
 8 -64 7 87 86 80 78 77 72 68
 6 -33 4 87 86 76 68
 10 -51 6 87 82 81 80 74 73
 9 -26 4 87 74 73 72
 2 -7 4 91 82 81 73
 4 -69 4 91 87 82 75
 2 -95 4 87 86 85 72
 6 -93 3 86 79 75
 6 -66 4 91 89 84 82
 3 -67 3 89 85 79
 1 -67 3 89 88 86
 7 -58 3 85 84 81
 4 -92 2 84 78
 10 -67 3 95 84 82
 5 -21 4 93 91 89 88
 2 -83 3 95 90 84
 2 -2 3 95 90 84
 8 -47 3 93 89 88
 4 -40 4 101 93 90 88
 4 -14 4 101 93 90 88
 5 -18 3 101 93 88
 7 -38 6 101 100 97 95 93 92
 2 -99 4 93 92 91 90
 3 -56 3 94 92 89
 3 -98 5 100 98 97 94 92
 5 -23 5 101 99 98 97 95
 10 -98 3 100 98 97
 2 -95 3 99 97 96
 9 -93 1 99
 5 -79 1 98
 5 -68 1 96
 5 -95 1 96
 2 -60 1 102
 6 -84 1 102
 8 -43 1 102
 9 -30 1 102
 9 -67 1 102
 6 -85 1 102
 0 26845 0
