102
 0 -74 25 2 3 4 5 6 7 8 9 10 12 13 14 15 16 17 18 19 21 22 24 27 28 33 36 38
 4 -20 12 70 55 44 42 41 37 35 34 31 30 25 11
 5 -54 10 70 55 54 43 42 40 37 30 26 20
 4 -88 12 75 70 69 62 54 52 47 45 43 37 25 23
 3 -28 11 75 55 51 49 47 46 44 43 37 34 23
 9 -30 9 69 54 51 44 43 39 34 26 23
 9 -88 7 56 55 42 40 35 34 11
 7 -90 12 101 75 69 62 49 47 44 43 40 35 32 29
 1 -98 9 75 74 69 62 55 54 46 30 25
 7 -56 14 101 98 75 74 69 65 62 61 58 54 52 49 40 32
 10 -62 17 101 99 75 74 73 69 65 62 61 58 57 52 50 48 47 46 39
 5 -32 14 101 78 74 73 66 61 58 57 56 54 50 47 39 34
 6 -73 11 98 74 70 69 58 57 55 52 48 47 30
 2 -24 7 101 75 62 61 53 52 25
 10 -69 13 101 98 78 74 69 67 61 60 57 56 54 50 34
 7 -64 13 101 99 96 75 69 62 61 60 59 53 52 49 43
 6 -54 7 75 69 61 53 52 37 32
 7 -34 14 101 98 78 73 66 64 62 61 59 57 50 47 44 42
 8 0 15 101 100 99 96 78 77 74 73 69 65 62 61 57 47 39
 2 -77 12 74 73 68 65 64 63 62 61 59 57 44 41
 9 -57 13 99 96 77 74 70 68 65 62 59 57 49 41 37
 8 -5 10 98 75 74 65 62 58 57 50 48 42
 10 -48 5 100 74 58 57 30
 2 -63 16 98 78 77 74 73 72 70 69 64 63 61 59 55 54 53 47
 9 -32 8 98 78 66 65 64 59 58 32
 7 -72 13 98 96 76 75 73 65 63 61 59 58 52 48 47
 8 -58 15 99 95 92 78 74 73 70 67 64 59 58 57 56 53 50
 6 -99 15 100 99 98 97 92 77 73 70 69 67 65 64 57 54 50
 5 -11 14 99 98 93 78 76 73 72 71 66 60 55 54 53 52
 3 -85 14 101 99 92 77 76 73 72 67 64 61 60 59 53 50
 1 -46 17 100 97 92 78 77 76 75 73 71 67 65 64 61 60 57 56 54
 3 -22 13 100 99 94 92 91 77 76 73 67 60 57 56 50
 3 -93 12 98 94 93 78 77 73 72 69 60 59 55 53
 1 -57 7 99 72 63 62 59 53 52
 1 -33 17 100 99 98 96 94 93 92 90 88 78 77 76 73 72 67 60 59
 6 -66 12 95 92 74 71 70 68 67 64 63 58 57 56
 6 -85 11 98 94 93 92 91 90 76 73 71 67 48
 4 -68 11 100 97 96 92 90 77 75 70 64 63 59
 1 -38 10 98 97 92 90 89 68 64 63 60 59
 9 -66 10 96 95 94 92 91 90 89 71 68 48
 7 -88 10 98 97 94 90 88 78 71 66 60 47
 1 -12 15 100 99 97 94 93 92 87 86 84 80 77 76 68 67 60
 3 -2 9 98 95 91 90 78 73 67 63 57
 7 -78 8 99 95 91 87 82 77 71 56
 5 -33 12 101 95 92 89 87 86 85 83 82 79 76 63
 4 -4 12 94 93 90 88 87 86 83 82 80 79 77 76
 1 -18 10 95 92 91 87 85 84 83 81 80 67
 9 -85 8 97 88 87 85 83 78 72 66
 8 -93 7 95 88 85 81 78 71 66
 2 -12 6 96 89 86 71 68 63
 8 -61 10 94 92 91 89 88 85 84 82 81 73
 10 -35 7 100 91 87 84 82 77 64
 8 -99 4 97 89 68 65
 10 -80 10 96 95 91 90 89 88 85 82 80 79
 1 -95 10 96 92 90 88 87 85 83 82 81 79
 4 -82 9 96 93 90 88 85 84 83 81 80
 1 -73 7 88 87 85 83 82 80 72
 1 -77 7 91 89 86 84 83 80 79
 1 -64 4 91 87 82 71
 6 -9 5 95 83 82 81 79
 3 -53 5 89 87 83 82 79
 4 -89 4 92 86 80 76
 4 -63 4 93 84 81 80
 9 -41 4 94 86 85 81
 4 -100 4 90 87 84 80
 8 -75 4 86 84 82 80
 3 -26 3 89 82 79
 9 -12 3 88 81 79
 6 -55 3 87 83 82
 7 -72 2 86 76
 9 -39 2 83 79
 5 -53 2 84 79
 8 -100 2 86 79
 4 -45 2 86 85
 6 -60 2 89 80
 2 -49 1 81
 7 -1 1 85
 10 -64 1 80
 8 -95 1 102
 5 -72 1 102
 9 -44 1 102
 4 -30 1 102
 5 -22 1 102
 4 -38 1 102
 10 -56 1 102
 10 -12 1 102
 3 -36 1 102
 5 -70 1 102
 7 -89 1 102
 1 -9 1 102
 7 -90 1 102
 10 -71 1 102
 8 -78 1 102
 4 -83 1 102
 6 -78 1 102
 7 -76 1 102
 3 -44 1 102
 9 -91 1 102
 6 -64 1 102
 4 -33 1 102
 7 -88 1 102
 0 28425 0
