102
 0 -54 22 2 3 4 5 6 7 8 9 10 11 12 13 14 15 16 17 18 19 20 21 22 24
 3 -86 14 49 44 42 41 39 38 34 32 31 29 28 26 25 23
 3 -64 11 49 48 44 42 41 35 34 33 32 28 25
 1 -90 11 49 44 42 39 38 35 34 32 31 29 25
 9 -23 12 50 49 48 44 41 40 38 37 34 32 31 26
 9 -36 10 49 46 39 38 37 35 34 32 28 26
 5 -35 12 65 48 47 46 42 41 40 38 37 35 34 31
 8 -78 8 50 48 46 37 34 32 28 27
 10 -55 11 52 49 48 46 45 44 42 37 32 31 28
 9 -38 10 65 48 47 46 44 40 36 35 34 27
 8 -95 10 50 48 47 46 45 44 42 40 31 30
 3 -53 9 50 48 47 46 39 38 34 31 30
 9 -75 13 65 56 53 52 50 49 48 47 46 45 40 37 31
 2 -15 11 65 56 52 50 49 47 44 40 37 34 31
 5 -19 9 65 49 48 47 46 44 34 31 28
 1 -51 10 65 54 49 47 45 44 42 37 36 35
 7 -53 8 50 47 45 40 38 37 36 30
 3 -98 10 65 56 52 49 47 46 42 37 36 34
 2 -77 10 65 56 53 50 48 47 41 40 37 36
 5 -32 9 65 56 53 49 48 47 45 41 31
 7 -84 11 65 57 56 55 52 51 47 46 43 42 40
 5 -94 11 65 56 53 52 51 49 47 45 44 40 37
 3 -70 9 57 55 54 53 51 48 47 46 35
 4 -27 12 70 65 55 53 52 50 49 48 47 45 43 40
 8 -32 9 65 56 55 53 50 47 46 45 37
 10 -5 8 69 65 62 56 54 53 45 36
 2 -78 8 56 55 54 53 49 45 43 41
 8 -88 5 71 56 43 40 36
 8 -80 10 71 61 60 59 57 56 55 51 43 40
 7 -26 9 71 70 65 59 56 53 52 49 43
 8 -48 4 71 54 43 36
 7 -15 8 78 70 65 60 59 54 47 43
 2 -24 7 71 65 60 59 56 51 43
 4 0 7 70 62 61 55 54 53 45
 8 -59 6 61 60 56 52 50 43
 5 -24 8 66 64 61 60 59 57 55 51
 9 -99 5 71 70 61 60 43
 5 -85 10 89 76 71 64 63 62 61 60 57 52
 10 -4 10 89 83 71 62 61 60 59 58 53 52
 4 -64 11 89 78 76 74 69 68 66 64 63 62 54
 10 -17 10 83 80 76 72 70 63 62 60 58 52
 9 -44 8 89 83 63 62 61 60 59 53
 6 -89 11 89 83 76 74 69 68 66 64 63 62 58
 7 -68 8 89 83 78 73 64 61 60 58
 5 -52 9 89 83 81 80 71 66 63 60 59
 4 -20 9 89 83 78 71 70 67 64 60 59
 1 -92 8 89 83 73 71 68 64 61 58
 9 -83 9 88 83 80 78 76 74 72 63 58
 10 -17 6 79 78 67 64 61 60
 3 -59 8 89 83 82 79 77 71 64 63
 8 -82 6 101 83 73 72 70 58
 1 -71 7 101 81 78 73 68 67 66
 6 -13 8 88 82 81 79 78 72 68 67
 2 -11 4 83 73 72 58
 8 -38 12 101 100 89 88 86 83 82 78 77 76 75 74
 5 -100 7 97 83 82 80 78 67 63
 4 -25 8 101 88 87 84 83 81 73 72
 7 -34 5 82 81 79 77 67
 4 -71 8 100 99 97 87 86 82 77 72
 5 -74 5 100 88 75 74 68
 6 -12 8 91 87 86 82 81 80 77 75
 5 -27 9 101 100 99 97 91 87 86 77 75
 3 -94 7 100 99 95 87 84 75 73
 3 -71 7 101 96 94 88 84 81 72
 10 -41 7 97 95 87 84 79 75 73
 8 -15 8 97 95 93 92 87 84 82 79
 1 -47 7 100 99 96 87 86 84 75
 6 -97 7 97 95 91 87 86 85 77
 6 -37 7 98 96 93 88 87 86 81
 6 -44 5 94 92 85 81 79
 2 -96 8 101 98 97 95 92 91 87 84
 4 -14 3 95 91 75
 7 -70 6 96 94 93 92 91 86
 2 -98 5 95 92 91 85 84
 1 -33 4 98 92 90 85
 8 -1 4 97 93 91 90
 5 -53 3 96 92 84
 8 -72 3 95 91 85
 2 -28 2 91 86
 7 -57 2 92 84
 5 -29 2 97 95
 6 -98 2 96 94
 3 -42 2 99 96
 10 -56 1 90
 10 0 1 93
 7 -79 1 90
 2 -61 1 94
 2 -83 1 91
 5 -37 1 92
 4 -65 1 102
 1 -3 1 102
 8 -37 1 102
 7 -92 1 102
 1 -75 1 102
 6 -20 1 102
 10 -8 1 102
 1 -18 1 102
 7 -11 1 102
 4 -9 1 102
 4 -80 1 102
 6 -37 1 102
 0 25700 0
