102
 0 -8 17 2 3 4 5 6 8 10 11 12 13 14 17 18 27 28 29 30
 4 -68 7 33 26 23 21 15 9 7
 6 -90 9 42 41 37 36 35 33 32 31 26
 3 -1 7 48 42 37 35 32 24 19
 3 -52 7 48 44 42 37 32 26 24
 1 -35 6 42 41 24 22 20 19
 8 -71 5 42 39 34 32 16
 6 -40 5 37 33 25 21 19
 7 -11 6 48 42 36 35 32 19
 7 -19 6 50 48 42 37 26 21
 6 -16 8 46 44 42 41 38 36 33 32
 1 -45 5 44 37 36 26 19
 2 -41 5 48 44 36 32 26
 1 -40 5 44 42 37 36 19
 1 -51 6 46 44 39 36 34 32
 7 -38 5 51 38 37 35 24
 1 -8 5 51 44 39 34 24
 1 -55 9 64 57 50 47 40 39 37 36 34
 10 -35 10 64 57 53 51 50 46 43 40 39 34
 8 -6 9 64 57 51 50 46 44 40 36 34
 1 -9 9 64 57 52 51 47 45 40 36 35
 10 -74 9 64 57 53 51 44 40 39 37 34
 2 -57 11 64 57 56 55 54 51 50 46 43 39 38
 8 -50 10 64 62 57 55 52 50 46 45 40 36
 6 -16 10 72 64 57 55 53 52 51 43 40 39
 10 -8 6 59 53 51 40 39 34
 10 -2 6 59 47 44 40 39 34
 6 -25 5 55 52 49 45 32
 6 -63 11 72 64 61 59 57 54 53 52 51 49 39
 1 -55 9 72 66 61 59 55 52 44 40 39
 2 -68 5 64 59 54 53 34
 1 -81 10 72 64 62 58 57 53 51 50 47 40
 4 -70 11 72 63 61 58 55 54 53 52 50 49 45
 2 -72 5 61 60 56 55 38
 1 -21 9 75 72 66 62 61 60 59 55 44
 1 -76 8 72 71 63 58 56 53 49 43
 7 -28 8 75 66 63 59 58 54 52 45
 4 -58 7 72 70 67 63 62 52 49
 7 -45 6 75 73 63 62 58 45
 1 -41 9 87 81 75 70 68 65 60 56 54
 3 -7 9 87 81 75 72 68 66 60 58 52
 10 -93 8 87 75 72 68 66 60 55 54
 5 -38 7 101 86 75 66 61 60 59
 2 -85 6 87 85 71 68 58 54
 9 -64 11 101 100 98 87 86 81 76 70 68 65 60
 9 -47 15 101 100 86 85 81 80 77 76 75 72 70 69 67 66 65
 6 -17 11 101 100 87 81 78 77 75 71 65 63 60
 5 -88 14 101 87 86 81 80 79 78 77 75 72 71 69 67 66
 2 -19 14 101 100 99 87 86 85 83 81 80 76 75 68 66 65
 1 -58 12 101 98 95 87 85 81 80 77 76 73 69 65
 9 -97 9 99 86 81 80 77 73 66 65 63
 10 -65 12 100 99 98 97 86 85 79 78 77 74 71 69
 9 -32 10 100 87 86 85 81 78 77 75 69 65
 6 -53 10 101 100 99 98 96 80 78 76 73 67
 5 -63 11 101 99 98 93 85 84 80 79 77 74 70
 7 -15 9 101 100 99 98 86 80 77 74 67
 4 -31 9 101 98 97 86 85 78 77 76 69
 2 -33 7 100 98 86 77 76 69 65
 7 -82 12 100 99 98 97 95 93 87 85 81 78 77 74
 1 -51 8 99 96 85 80 79 74 69 67
 6 -56 7 100 96 95 83 78 76 73
 8 -9 8 98 96 95 83 82 81 78 76
 1 -68 8 98 97 95 93 92 83 79 74
 9 -12 8 101 99 95 93 92 80 79 74
 2 -44 7 97 96 93 92 89 84 74
 10 -53 7 98 97 96 93 92 89 74
 9 -29 8 97 95 93 92 90 88 84 83
 9 -64 7 94 93 92 90 88 82 77
 10 -96 6 94 93 90 84 83 82
 3 -71 5 97 95 89 88 78
 6 -51 6 96 93 92 90 89 88
 6 -56 6 99 98 96 92 89 88
 8 -59 3 92 82 79
 8 -9 4 94 90 88 82
 2 -6 4 95 91 90 89
 2 -10 3 93 90 88
 4 -73 2 96 89
 1 -73 2 94 92
 3 -34 2 89 88
 8 -10 2 91 90
 4 -9 2 90 88
 2 -3 1 91
 10 -9 1 89
 4 -65 1 91
 2 -70 1 88
 3 -83 1 95
 1 -52 1 88
 1 -28 1 102
 2 -52 1 102
 10 -74 1 102
 10 -99 1 102
 10 -43 1 102
 8 -42 1 102
 8 -36 1 102
 2 -100 1 102
 9 -43 1 102
 8 -74 1 102
 3 -11 1 102
 4 -74 1 102
 5 -23 1 102
 4 -14 1 102
 0 22870 0
