102
 0 -5 5 2 3 4 5 6
 5 -92 6 17 15 13 11 9 8
 8 -55 5 20 15 12 8 7
 6 -48 4 20 12 11 7
 4 -100 3 20 10 9
 5 -9 3 20 16 9
 6 -27 3 25 18 10
 9 -28 5 25 23 18 16 14
 1 -98 3 23 18 12
 10 -17 4 23 22 16 14
 3 -76 4 32 21 18 14
 3 -12 3 32 25 14
 5 -25 3 32 22 14
 9 -70 7 37 35 31 29 27 26 19
 10 -65 6 37 35 32 22 21 19
 3 0 5 37 35 32 21 19
 1 -48 5 35 29 28 24 20
 6 -74 4 35 33 29 22
 6 -13 3 33 28 24
 1 -77 3 33 31 22
 6 -12 2 31 24
 3 -14 5 45 43 38 34 30
 9 -58 6 45 43 42 38 36 34
 1 -94 5 45 43 42 38 34
 4 -62 5 43 42 36 35 34
 4 -83 4 45 43 39 30
 7 -30 3 45 39 30
 1 -57 2 45 30
 1 -19 6 54 45 44 42 40 36
 5 -42 5 54 44 42 40 36
 4 -64 5 54 44 42 40 36
 6 -93 7 54 52 45 44 43 41 40
 8 -31 6 54 52 44 42 41 40
 4 -86 5 54 52 41 40 39
 8 -42 5 54 48 44 41 40
 6 -10 6 59 53 52 49 48 41
 6 -1 5 54 52 48 45 40
 4 -50 4 54 53 52 44
 3 -80 7 59 55 53 51 50 48 47
 10 -13 7 65 59 55 53 51 50 49
 1 -1 5 60 55 51 50 47
 10 -12 5 59 57 53 51 46
 4 -27 5 60 59 55 51 47
 1 -70 4 59 57 51 46
 5 -5 5 65 61 55 53 51
 2 -6 5 65 61 58 56 55
 8 -98 6 76 69 65 62 61 57
 10 -80 7 76 72 69 67 66 64 61
 3 -20 5 72 69 63 57 56
 7 -71 6 76 72 69 66 64 61
 8 -44 4 64 63 58 56
 10 -52 9 78 77 72 70 69 67 66 64 63
 2 -3 4 70 69 63 56
 5 -95 4 70 66 63 58
 9 -16 6 84 77 75 69 66 62
 7 -44 8 81 78 77 76 75 68 67 66
 1 -37 7 81 78 77 75 67 66 64
 3 -33 11 88 83 81 78 77 76 75 74 71 69 68
 4 -50 7 81 78 76 75 72 71 64
 7 -47 7 81 78 72 71 69 67 64
 6 -39 6 83 78 77 70 68 63
 10 -90 3 78 72 64
 3 -74 8 88 84 81 80 75 74 73 71
 8 -33 4 88 83 74 68
 1 -75 3 83 77 68
 5 -7 6 87 85 83 80 74 71
 8 -97 8 90 89 88 85 84 83 80 79
 5 -91 5 90 82 80 79 73
 7 -36 6 90 89 87 82 80 79
 6 -78 3 101 88 73
 1 -51 5 90 89 86 82 79
 8 -73 1 74
 1 -55 5 92 89 87 86 85
 2 -76 5 100 90 89 86 82
 9 -85 5 101 91 89 87 86
 7 -10 5 100 93 91 86 84
 1 -44 5 101 93 92 91 87
 10 -66 2 87 82
 4 -51 7 101 100 98 97 94 93 92
 4 -27 5 101 100 98 92 86
 10 -9 4 99 96 93 85
 2 -10 6 101 99 97 96 93 91
 4 -36 4 100 96 93 86
 4 0 5 101 97 95 94 92
 3 -30 3 100 97 91
 8 -36 4 99 97 95 94
 9 -58 4 100 98 97 94
 10 -71 4 98 96 95 94
 7 -23 3 96 94 93
 9 -96 3 97 96 95
 8 -21 2 98 94
 3 -27 2 99 96
 10 -26 1 95
 2 -31 1 102
 5 -88 1 102
 8 -17 1 102
 6 -90 1 102
 5 -44 1 102
 4 -5 1 102
 3 -12 1 102
 8 -7 1 102
 0 22930 0
