102
 0 -95 22 2 3 4 5 6 7 8 9 10 11 12 13 14 16 18 19 21 22 25 29 35 37
 3 -35 15 55 54 49 45 44 40 39 38 36 34 33 32 31 27 23
 9 -66 14 63 62 59 55 46 45 40 38 36 34 33 31 23 20
 5 -81 18 78 68 64 55 54 50 49 48 46 45 44 43 41 38 36 32 31 27
 7 -12 15 68 64 56 53 52 49 47 45 43 39 38 33 32 27 24
 4 -52 8 78 59 54 46 42 32 17 15
 6 -67 9 61 59 48 43 41 38 34 28 26
 7 -40 17 78 68 62 61 59 55 54 53 52 51 47 46 45 43 41 39 38
 8 -79 16 74 68 67 64 63 59 58 56 55 53 50 49 46 39 32 30
 3 -99 15 101 73 72 68 63 61 60 59 53 52 51 49 43 40 39
 8 -39 17 73 68 67 64 63 61 60 59 58 57 56 55 53 52 51 45 43
 9 -12 15 78 72 68 63 60 59 58 53 52 51 48 45 43 41 32
 5 -59 13 78 64 63 62 61 58 55 52 50 46 45 41 38
 8 -13 9 74 67 63 62 60 55 47 46 23
 1 -47 15 100 98 74 73 67 64 63 60 57 56 55 51 49 47 45
 2 -5 12 100 74 68 62 61 60 56 52 51 49 40 39
 2 -93 8 74 72 68 62 58 45 39 31
 9 -29 13 100 98 97 74 73 68 67 60 59 47 46 45 39
 6 -95 13 101 72 68 67 66 62 60 59 58 51 49 48 32
 3 -24 10 100 74 66 60 58 56 54 49 39 32
 2 -53 8 101 70 67 62 58 55 53 36
 3 -75 12 96 70 67 66 64 63 60 58 57 55 53 49
 1 -59 10 101 72 69 68 66 61 58 57 51 41
 1 -73 9 101 89 66 61 60 57 55 51 41
 1 -98 14 100 98 97 91 77 74 72 68 67 66 64 61 57 45
 8 -3 19 101 99 96 95 94 78 77 76 75 73 71 70 69 68 66 65 63 62 55
 9 -8 17 101 100 98 95 89 74 73 72 71 69 66 65 63 62 61 59 58
 1 -38 11 101 97 96 72 70 68 65 63 56 50 47
 7 -97 12 101 98 96 95 70 69 68 67 65 62 48 47
 8 -26 11 100 96 78 75 72 70 69 62 57 54 52
 2 -3 11 97 94 84 75 73 70 69 67 56 53 52
 10 -96 16 99 98 97 96 91 89 87 84 77 73 71 70 69 65 61 57
 1 -93 16 101 99 97 96 94 91 88 84 78 71 70 69 67 66 65 61
 6 -93 11 98 93 92 74 73 72 70 64 60 57 51
 6 -83 15 101 98 97 96 93 92 91 86 78 76 75 67 64 60 57
 3 -44 11 100 99 98 92 89 77 71 61 60 57 51
 5 -21 11 98 95 93 91 87 75 69 68 67 63 45
 3 -29 12 98 97 96 93 91 77 70 67 66 65 60 57
 8 -2 9 96 93 91 71 70 69 65 57 48
 9 -60 5 98 70 67 65 47
 5 -80 14 100 99 98 94 91 88 84 83 81 77 75 73 70 65
 7 -64 13 98 96 93 92 91 89 85 82 76 75 69 66 58
 3 -77 15 100 96 95 93 92 89 88 85 84 82 81 77 75 74 71
 1 -65 11 95 90 89 88 87 86 85 82 76 62 60
 8 -46 12 101 99 96 94 89 88 84 83 81 79 70 65
 6 -38 12 101 96 94 93 91 89 84 77 76 75 71 69
 9 -2 9 93 92 91 88 82 76 75 66 58
 8 -99 13 94 92 90 89 88 87 86 85 84 82 81 76 75
 2 -75 11 99 97 95 91 89 84 82 80 75 71 69
 9 -5 10 100 98 93 90 87 85 76 75 71 69
 10 -90 12 97 96 95 91 87 86 84 83 82 81 76 75
 1 -74 6 93 89 88 83 66 65
 9 -67 6 100 98 81 76 71 65
 9 -81 10 99 89 88 87 86 84 83 81 77 76
 4 -69 7 93 90 88 84 82 80 72
 6 -57 7 95 91 90 89 85 83 79
 1 -88 6 95 94 88 82 80 79
 9 -85 5 84 83 81 79 77
 3 -84 5 94 88 87 79 77
 10 -76 4 84 80 79 69
 3 -41 4 93 82 76 75
 8 -32 5 97 91 83 81 79
 10 -74 5 90 88 84 82 80
 4 -41 5 94 90 87 85 79
 9 -76 4 92 86 85 82
 5 -13 3 87 81 80
 10 -61 3 89 80 79
 10 -50 3 90 89 79
 6 -29 2 83 81
 4 -18 2 90 85
 9 -19 2 86 79
 4 -78 2 85 79
 3 -55 2 80 79
 10 -78 2 87 79
 6 -85 1 79
 5 -74 1 80
 1 -31 1 80
 9 -71 1 79
 2 -67 1 102
 5 -22 1 102
 4 -80 1 102
 1 -22 1 102
 8 -93 1 102
 6 -37 1 102
 10 -77 1 102
 8 -92 1 102
 2 -75 1 102
 7 -5 1 102
 9 -97 1 102
 10 -33 1 102
 6 -26 1 102
 3 -13 1 102
 4 -30 1 102
 10 -19 1 102
 2 -18 1 102
 1 -10 1 102
 5 -86 1 102
 5 -63 1 102
 9 -81 1 102
 5 -56 1 102
 4 -43 1 102
 0 27445 0
