102
 0 -100 20 2 3 4 5 6 7 8 9 10 11 14 15 16 17 18 20 22 25 26 27
 10 -34 13 68 60 57 56 54 52 50 48 44 38 33 28 12
 6 -91 16 61 57 56 52 51 49 47 46 43 39 36 33 32 29 24 21
 6 -26 15 67 56 54 52 50 49 48 45 43 40 37 36 32 31 19
 8 -75 18 69 67 60 59 56 53 51 50 49 48 47 46 44 42 34 33 32 31
 1 -77 22 74 69 68 67 63 61 60 59 58 56 52 51 50 49 47 46 45 44 43 42 39 37
 8 -6 9 58 54 52 51 42 41 37 31 13
 5 -20 15 68 59 57 54 52 48 44 42 39 38 37 36 33 31 24
 8 -43 12 68 59 58 56 48 46 42 39 38 36 31 23
 10 -8 11 64 58 54 49 48 47 46 42 40 30 23
 9 -92 15 69 68 67 66 65 62 60 59 58 56 52 49 48 39 33
 8 -27 11 69 67 61 59 51 46 43 39 37 35 31
 2 -23 13 69 68 67 66 65 62 56 49 47 45 43 39 33
 7 -57 15 74 71 70 68 67 66 63 62 59 58 56 55 54 45 41
 7 -14 12 66 65 62 61 59 56 52 48 45 43 39 30
 4 -74 10 69 63 59 55 52 41 38 37 36 35
 9 -53 12 101 91 73 69 67 61 60 59 58 55 47 31
 7 -37 12 73 71 69 67 65 56 55 51 48 44 37 36
 7 -86 8 66 62 55 53 51 47 39 34
 10 -35 16 101 100 97 94 91 74 73 67 66 65 64 63 62 58 47 45
 2 -75 10 101 70 67 66 63 62 59 48 45 38
 1 -52 15 101 100 97 80 77 72 67 66 64 62 61 55 52 48 47
 5 -6 13 100 91 90 74 73 71 69 66 63 62 60 45 43
 3 -36 10 100 80 74 72 69 67 66 65 64 35
 10 -8 12 101 92 91 72 64 63 59 58 56 51 50 47
 9 -100 12 101 91 80 77 72 71 69 66 64 55 50 42
 6 -96 12 100 90 80 76 74 71 70 69 64 61 48 43
 9 -43 10 99 92 91 73 64 63 59 55 49 47
 4 -64 12 101 95 93 77 76 71 70 69 65 64 53 48
 3 -95 15 101 97 96 95 94 90 86 77 76 73 72 71 70 68 57
 4 -89 14 97 94 80 79 77 75 74 72 71 66 65 64 63 62
 1 -70 18 101 100 97 95 94 93 91 90 80 79 77 76 73 72 71 70 65 64
 7 -24 15 100 99 97 95 90 87 77 76 74 72 71 70 64 63 55
 9 -10 14 101 100 98 97 95 94 86 76 75 74 72 65 61 58
 9 -44 14 101 97 96 94 93 92 91 90 88 86 75 71 62 58
 5 -51 15 100 99 97 96 94 92 91 89 80 79 77 72 70 64 62
 1 -80 17 101 100 97 96 95 94 93 91 89 87 86 85 80 79 75 72 66
 8 -82 17 100 99 96 94 93 92 90 89 87 84 80 77 75 73 72 71 64
 9 -57 14 101 100 99 98 96 95 93 91 87 84 73 72 70 64
 4 -35 12 100 97 95 94 91 87 84 79 78 71 70 63
 3 -54 11 101 98 94 91 90 77 73 72 65 64 61
 7 -3 9 100 97 94 93 89 79 70 65 62
 2 -71 8 99 97 96 95 88 77 75 55
 6 -94 14 99 97 96 94 92 91 90 89 88 86 84 79 78 76
 7 -8 13 96 95 93 92 88 87 86 85 84 80 79 77 75
 4 -33 13 101 100 97 95 92 89 87 86 85 84 83 77 72
 2 -53 11 95 93 90 89 87 86 84 83 78 71 70
 4 -55 11 99 98 96 94 91 89 85 84 82 79 78
 9 -13 9 95 94 87 86 85 84 80 77 75
 10 -15 7 95 94 86 85 78 75 65
 5 -80 10 100 98 97 94 89 88 86 84 78 75
 6 -7 9 94 93 89 87 85 84 78 75 71
 4 -87 7 97 92 88 86 85 82 68
 5 -63 10 98 95 94 90 86 85 84 83 82 78
 9 -57 9 94 93 89 86 85 84 82 79 78
 9 -19 9 96 93 90 89 87 86 84 83 75
 2 -98 8 100 99 93 91 89 87 79 78
 5 -98 7 99 89 87 84 82 79 77
 5 -16 7 100 97 96 87 79 78 75
 7 -94 6 96 89 88 87 84 70
 7 -19 7 93 88 87 85 84 83 78
 4 -25 5 95 87 83 78 76
 9 -26 7 93 89 88 86 85 82 81
 1 -94 6 88 86 85 83 82 78
 1 -44 6 96 87 84 83 82 81
 1 -29 5 99 92 84 82 78
 8 -32 4 95 86 85 78
 3 -19 3 84 79 78
 9 -86 4 97 86 84 82
 10 -99 2 85 75
 6 -21 3 98 82 81
 9 -63 3 88 82 81
 8 -95 3 88 82 81
 9 -75 3 93 92 83
 7 -44 2 82 81
 8 -55 2 85 82
 7 -71 1 78
 9 -10 1 81
 8 -16 1 83
 1 -66 1 83
 4 -59 1 102
 9 -63 1 102
 10 -41 1 102
 9 -23 1 102
 2 -16 1 102
 2 -37 1 102
 8 -90 1 102
 2 -18 1 102
 4 -91 1 102
 9 -91 1 102
 8 -79 1 102
 3 -1 1 102
 2 -40 1 102
 7 -89 1 102
 5 -28 1 102
 7 -43 1 102
 1 -22 1 102
 5 -88 1 102
 2 -18 1 102
 6 -85 1 102
 6 -40 1 102
 0 25820 0
