102
 0 -83 5 2 3 5 6 11
 6 -5 5 13 10 8 7 4
 10 -24 5 15 10 9 8 7
 9 -90 6 20 18 17 16 15 12
 2 -25 6 19 18 16 15 14 13
 10 -97 6 22 20 19 17 16 15
 6 -65 5 28 22 17 16 12
 10 -84 5 28 22 19 16 14
 5 -33 5 23 22 20 17 13
 4 -94 3 22 16 12
 6 -1 3 28 17 16
 9 -56 4 27 23 21 19
 7 -18 7 40 30 28 27 25 24 21
 3 -72 5 34 26 23 21 20
 4 -70 8 40 32 31 29 28 27 26 25
 4 -31 6 34 29 27 25 24 23
 8 -98 6 40 34 32 30 26 21
 6 -2 6 40 35 34 25 24 22
 4 -44 8 46 40 35 34 32 29 25 24
 2 -40 7 40 37 36 33 30 29 27
 3 -52 4 36 33 31 29
 6 -17 4 36 33 31 29
 9 -50 4 39 36 31 30
 9 -2 7 52 44 42 41 39 38 37
 9 -91 5 43 38 37 36 33
 1 -49 4 43 42 36 33
 1 -79 6 52 46 43 41 38 35
 2 -88 4 52 47 35 34
 6 -86 7 53 52 51 50 44 42 39
 9 -30 5 47 46 43 41 35
 3 -70 5 52 46 45 42 38
 1 -79 4 51 42 39 37
 5 -56 7 55 53 52 51 50 45 41
 8 -44 6 55 53 51 45 43 41
 2 -69 7 55 53 51 50 49 48 45
 8 -98 6 55 53 52 50 49 47
 9 -42 6 69 55 53 50 49 48
 3 -8 4 55 51 50 48
 5 -62 3 49 45 43
 5 -57 2 43 41
 1 -17 5 69 60 59 49 48
 4 -64 5 69 60 59 54 49
 8 -48 3 69 60 48
 5 -78 3 69 55 48
 2 -69 9 69 68 66 64 62 60 59 57 56
 6 -71 7 66 64 62 60 59 56 53
 10 -74 5 72 64 59 58 51
 7 -27 6 64 62 58 57 56 54
 10 -95 7 68 66 64 62 58 57 56
 7 -89 7 65 64 63 62 60 59 58
 5 -95 6 69 68 65 62 60 56
 9 -70 3 65 56 54
 8 -54 6 72 70 68 65 63 58
 6 -19 5 75 70 68 66 63
 9 -63 4 75 68 63 62
 3 -50 2 63 61
 8 -100 5 77 72 71 67 65
 2 -63 2 67 61
 4 -11 2 79 61
 1 -67 6 92 79 75 74 73 70
 10 -55 6 92 77 75 74 73 71
 1 -31 6 92 79 78 74 73 70
 8 -37 4 77 73 71 67
 8 -77 6 92 86 79 78 73 71
 5 -98 6 92 85 80 78 74 73
 1 0 6 85 80 79 78 74 72
 9 -73 9 92 87 86 85 83 81 80 79 76
 6 -3 5 92 87 86 85 73
 8 -36 6 94 83 80 78 77 76
 9 -62 5 83 81 80 77 76
 1 -92 6 87 85 83 81 80 76
 4 -40 4 94 87 83 76
 7 -8 3 83 81 76
 4 -3 8 101 100 91 90 87 86 84 81
 10 -87 6 91 87 86 83 80 78
 3 -48 5 100 91 90 84 82
 6 -56 6 100 91 90 88 87 85
 10 -83 4 100 99 90 88
 9 -6 5 101 99 97 94 88
 4 -13 4 101 100 89 88
 3 -87 4 99 97 94 88
 2 0 3 101 89 88
 6 -84 5 100 98 97 96 93
 3 -67 2 98 89
 6 -75 2 93 89
 10 -51 2 93 88
 1 -69 4 99 97 96 95
 6 -80 3 98 96 95
 6 -72 3 97 96 95
 3 -60 2 97 93
 6 -1 2 99 95
 6 -11 2 97 96
 9 -74 1 95
 10 -25 1 96
 6 -31 1 102
 2 -74 1 102
 3 -17 1 102
 9 0 1 102
 3 -7 1 102
 5 -56 1 102
 8 -47 1 102
 0 26405 0
