102
 0 -9 10 2 3 4 5 6 7 8 10 11 17
 9 -4 4 15 14 13 9
 4 -11 2 13 9
 9 -95 3 18 13 12
 10 -24 3 19 18 12
 9 -84 3 18 15 12
 10 -2 3 19 18 12
 3 -3 2 14 12
 7 -53 3 27 18 12
 1 -82 2 18 12
 5 0 6 30 27 23 22 21 16
 8 -52 5 30 23 22 21 16
 3 -89 4 36 32 20 19
 3 -96 4 36 32 23 19
 5 -95 10 38 36 35 32 31 30 28 27 23 21
 4 -58 8 35 32 31 29 28 26 24 20
 9 -95 8 38 36 35 32 31 30 27 21
 8 -25 7 38 35 31 30 28 23 21
 5 -92 7 38 35 31 30 28 27 21
 9 -96 5 41 38 37 33 25
 3 -43 4 37 33 26 25
 5 -85 6 44 41 37 36 34 31
 9 -56 5 44 41 39 34 33
 3 -97 4 44 41 34 33
 1 -98 6 47 44 42 40 39 34
 10 0 7 47 46 45 44 41 40 39
 8 -100 6 48 47 46 45 40 37
 3 -15 4 48 39 37 33
 8 -92 4 48 45 39 33
 3 -23 3 42 40 34
 7 -65 7 52 48 47 46 43 42 39
 10 -86 5 52 46 43 42 39
 7 -67 4 50 47 42 40
 1 -87 4 48 46 45 43
 4 -3 3 52 42 39
 1 -19 2 58 40
 8 -86 3 55 52 42
 3 -59 3 55 50 42
 7 -16 5 58 55 51 50 49
 6 -89 2 52 43
 4 -69 6 57 56 55 54 49 48
 7 -23 6 64 60 58 57 51 49
 4 -18 5 64 57 55 51 49
 3 -88 6 64 57 56 55 54 49
 2 -23 7 61 60 59 58 54 53 50
 10 -1 5 58 57 56 55 49
 4 -79 5 68 66 57 55 53
 9 -15 8 68 66 65 64 61 60 59 58
 6 -82 6 68 66 63 61 59 53
 2 -31 7 68 67 66 65 64 63 57
 5 -78 3 62 56 54
 4 -18 5 69 68 67 60 57
 5 -16 7 77 75 73 70 69 67 65
 2 -30 6 73 71 70 69 66 63
 7 -45 4 70 65 61 60
 4 -79 4 78 69 68 65
 6 -9 2 70 62
 4 -91 2 70 62
 10 -28 6 81 78 77 76 74 69
 10 -5 6 87 81 77 74 72 71
 5 -68 6 86 81 78 76 75 72
 5 -29 5 77 76 75 73 72
 10 -39 7 86 85 81 80 78 77 76
 3 -34 5 85 78 77 76 75
 2 -23 4 82 81 76 74
 6 -83 4 78 76 75 72
 7 -36 4 86 82 76 71
 4 -83 5 94 85 77 76 73
 2 -15 6 94 87 86 84 80 79
 8 -3 2 78 76
 3 -7 4 94 85 80 78
 10 -95 6 94 92 88 85 84 82
 3 -75 5 93 87 86 83 79
 1 -52 4 92 86 85 80
 5 -91 6 94 93 92 91 89 80
 8 -21 5 101 88 87 84 79
 8 -56 4 100 93 83 82
 3 -14 6 100 98 93 92 89 83
 5 -61 7 100 99 98 92 91 90 89
 6 -85 3 100 98 83
 10 -18 6 101 100 99 96 94 90
 5 -34 5 101 98 91 90 89
 4 -81 4 101 96 95 88
 8 -58 5 100 98 96 95 90
 4 -76 4 99 98 93 91
 3 -31 4 100 98 97 89
 7 -3 3 97 96 95
 2 -98 2 99 90
 6 -33 2 96 95
 10 -54 1 97
 6 -17 1 96
 1 -78 1 97
 3 -43 1 95
 3 -76 1 95
 10 -31 1 102
 10 -3 1 102
 3 -66 1 102
 5 -57 1 102
 9 -64 1 102
 3 -97 1 102
 7 -16 1 102
 0 25415 0
