102
 0 -9 12 2 3 4 5 6 7 8 9 13 15 16 17
 9 -16 10 60 36 34 29 25 23 22 21 20 12
 6 -99 9 60 36 29 25 22 21 20 18 12
 10 -32 7 37 36 29 22 20 14 10
 6 -43 12 60 37 36 32 29 26 25 24 22 21 20 18
 1 -34 5 39 30 29 24 11
 9 -27 6 32 30 28 22 18 14
 4 -32 9 60 34 31 30 29 28 27 25 22
 6 -7 9 60 47 42 38 34 27 26 21 19
 5 -57 8 48 47 39 32 30 25 21 18
 5 -78 11 60 52 48 38 37 36 35 32 31 28 22
 2 -59 7 47 38 35 32 30 27 19
 5 -42 8 60 39 38 37 30 29 28 19
 10 -70 9 60 48 41 40 35 34 33 31 25
 4 -78 10 52 51 49 48 47 44 41 38 31 28
 4 -15 7 49 47 46 41 37 34 25
 10 -60 7 62 54 52 48 46 40 23
 10 -10 9 44 42 41 40 38 35 34 33 31
 1 -90 12 64 63 62 58 55 54 52 49 44 41 40 31
 3 -78 11 63 62 58 57 56 46 44 42 40 39 35
 8 -65 5 58 44 41 40 28
 7 -33 11 62 56 55 54 51 49 47 46 43 41 33
 3 -34 10 58 56 51 49 44 43 42 41 39 33
 9 -97 11 63 55 52 51 50 49 48 45 43 41 38
 4 -86 9 62 54 52 51 45 44 43 42 38
 9 -99 9 63 56 55 54 52 46 44 40 35
 9 -68 13 63 58 57 55 54 51 50 49 48 46 45 44 39
 9 -74 8 62 57 56 55 54 53 46 33
 4 -87 9 62 56 54 52 47 45 44 41 40
 2 -33 5 56 51 46 43 33
 1 -2 7 66 65 56 50 46 45 43
 6 -36 7 68 67 66 64 51 45 42
 8 -55 10 92 73 71 68 66 65 64 63 50 45
 6 -15 10 92 74 66 65 63 61 58 57 53 45
 8 -52 6 65 64 50 49 45 43
 5 -89 6 75 59 50 49 44 40
 4 -90 7 77 75 69 66 54 44 43
 3 -63 7 84 78 66 64 59 58 56
 8 -64 16 91 90 84 80 79 78 77 75 74 73 72 71 70 67 66 65
 10 -31 9 92 91 79 78 74 73 70 67 51
 3 -27 7 92 75 71 68 67 57 53
 1 -95 5 92 73 59 55 50
 8 -51 5 74 71 68 61 53
 3 -22 9 92 80 78 76 74 73 72 68 61
 6 -64 7 79 78 76 75 70 69 59
 3 -5 13 101 92 90 89 84 83 79 77 76 75 74 72 69
 10 -23 11 91 90 89 84 79 77 73 72 71 69 65
 7 -90 11 90 80 79 78 77 76 75 73 72 71 70
 5 -65 7 80 78 76 74 73 72 61
 7 -81 6 83 80 79 77 74 61
 1 -51 9 101 98 90 84 80 77 72 71 65
 7 -80 9 98 91 88 80 79 77 72 67 65
 7 -64 9 90 89 88 80 79 78 73 72 70
 5 -38 8 92 91 90 86 79 72 71 67
 2 -37 12 100 98 91 90 89 87 84 83 81 80 78 72
 6 -7 8 97 91 88 83 79 76 69 67
 1 -88 11 101 98 97 91 90 89 83 82 79 77 76
 7 -67 7 97 89 80 77 76 73 68
 5 -45 9 98 91 90 89 83 81 80 77 72
 9 -98 8 97 91 88 82 81 79 77 73
 3 -16 14 101 100 99 98 97 91 90 89 88 86 85 84 82 81
 3 -52 8 101 100 98 87 83 81 80 72
 3 -78 7 98 91 90 86 82 76 67
 1 -18 8 100 99 97 90 88 86 85 82
 2 -86 4 97 94 83 76
 7 -39 4 94 88 83 76
 6 -99 6 100 96 89 87 85 81
 7 -97 4 93 86 82 79
 7 -37 4 98 82 81 80
 10 -43 5 99 97 96 85 81
 2 -100 5 96 95 94 88 83
 2 -56 4 97 93 85 82
 7 -3 4 100 98 85 83
 6 -1 3 94 87 82
 1 -72 4 96 95 94 88
 1 -11 3 100 96 81
 5 -55 3 95 87 86
 6 -31 4 101 95 94 93
 5 -40 3 100 95 85
 6 -84 2 95 86
 4 -26 2 95 93
 1 -91 2 96 95
 10 -3 2 99 93
 2 -89 2 94 93
 2 -71 1 94
 6 -56 1 94
 1 -53 1 93
 9 -38 1 93
 3 -58 1 94
 6 -70 1 93
 5 -65 1 95
 3 -66 1 98
 7 -51 1 102
 7 -29 1 102
 6 -65 1 102
 1 -65 1 102
 10 -55 1 102
 9 -75 1 102
 5 -5 1 102
 9 -78 1 102
 8 -42 1 102
 0 26880 0
