102
 0 -45 14 2 3 4 5 7 8 9 10 14 15 16 18 22 28
 1 -95 8 29 27 25 23 21 17 12 11
 4 -2 7 36 31 29 26 24 19 6
 10 -51 9 36 35 30 29 27 24 23 19 11
 7 -66 7 38 36 35 31 24 19 11
 5 -56 7 48 38 35 30 27 23 11
 3 -38 6 48 33 32 31 27 13
 2 -56 6 38 32 27 24 21 20
 1 -6 7 42 40 36 29 24 23 21
 8 -84 7 39 35 34 30 27 24 23
 1 -39 9 67 54 45 42 39 37 34 32 20
 7 -73 8 54 48 43 42 38 36 26 24
 9 -97 7 58 42 40 38 35 24 23
 4 -28 7 67 46 41 35 34 33 19
 8 -18 9 58 45 42 39 38 35 33 32 24
 4 -84 10 54 49 46 45 43 42 37 36 34 29
 9 -6 9 58 54 49 48 46 45 42 40 24
 3 -95 5 47 45 43 42 24
 4 -71 11 73 60 58 54 49 48 47 43 42 40 37
 1 -58 10 60 58 52 50 49 46 44 43 41 33
 7 -56 10 62 61 58 56 53 49 48 45 39 35
 2 -75 8 73 67 62 42 41 40 38 37
 9 -36 13 73 67 64 63 61 54 52 50 49 47 46 45 43
 4 -3 9 73 67 62 61 60 57 56 41 37
 1 -81 8 73 67 65 61 47 46 43 37
 5 -2 12 73 68 64 63 62 58 53 52 49 47 46 40
 8 -56 11 73 68 67 62 61 57 55 53 45 44 42
 8 -11 9 68 60 58 53 50 47 44 42 40
 6 -24 10 73 68 62 61 60 58 56 52 44 38
 9 -90 10 67 63 62 59 58 54 53 51 47 40
 9 -75 12 78 75 68 67 64 62 61 60 58 56 52 49
 8 -15 8 68 64 62 59 57 53 52 40
 4 -35 7 64 63 59 56 53 47 40
 2 -8 10 78 68 64 62 60 59 57 56 55 52
 2 -18 9 70 68 65 63 60 57 55 54 50
 10 -63 9 69 65 61 60 59 58 57 53 50
 8 -61 6 69 64 53 52 50 44
 4 -96 6 78 69 65 63 59 47
 6 -56 5 73 70 64 55 47
 4 -27 6 78 70 66 65 61 55
 7 -87 5 79 66 65 63 51
 3 -16 7 78 77 76 66 64 63 52
 5 -99 7 101 81 76 75 68 62 55
 8 -25 8 86 82 78 77 75 70 66 59
 7 -51 8 86 82 77 76 75 70 65 60
 3 -21 7 86 78 77 75 72 70 55
 10 -68 7 100 99 86 74 72 66 57
 2 -83 7 99 86 75 74 69 64 59
 3 -33 7 99 86 85 82 69 66 59
 10 -64 12 101 100 99 86 85 83 81 79 77 74 72 71
 5 -16 11 100 99 97 96 86 82 81 76 75 71 68
 10 -18 7 100 98 86 83 74 71 70
 5 -77 6 100 95 81 76 72 70
 4 -74 11 101 100 99 97 86 85 82 81 80 78 71
 9 -84 8 100 99 97 85 83 82 79 69
 9 0 7 100 99 97 83 79 72 66
 6 -80 7 97 83 82 79 77 75 71
 6 -47 11 101 99 98 96 95 94 86 85 84 83 74
 6 -44 7 100 97 81 80 79 76 71
 4 -42 10 101 100 98 95 94 85 84 83 81 74
 3 -58 7 100 86 85 81 77 74 71
 9 -63 6 98 96 86 77 74 71
 8 -91 7 100 99 97 82 81 80 71
 2 -56 6 101 98 97 96 80 71
 5 -93 4 100 97 72 71
 10 -76 4 101 96 80 71
 6 -74 4 99 96 82 74
 5 -27 5 95 94 91 85 77
 7 -56 3 96 80 71
 5 -91 11 101 99 97 96 94 93 92 90 89 88 85
 1 -56 9 95 94 93 92 91 90 88 87 84
 7 0 5 96 91 88 84 80
 3 -59 9 99 96 93 92 91 90 89 88 87
 9 -85 5 97 91 89 88 80
 3 -64 6 94 93 90 88 85 84
 8 -27 5 98 94 91 84 83
 8 -2 3 88 84 80
 9 -83 5 94 92 91 90 83
 4 -52 6 98 96 90 89 88 87
 9 -9 4 93 92 90 87
 5 -79 4 91 89 88 87
 8 -54 3 94 92 91
 2 -14 2 88 87
 3 -60 1 89
 8 -86 1 87
 3 -42 1 91
 7 -75 1 102
 10 -99 1 102
 1 -27 1 102
 9 -22 1 102
 7 -44 1 102
 4 -36 1 102
 4 -15 1 102
 1 -92 1 102
 9 -95 1 102
 2 -8 1 102
 6 -31 1 102
 7 -98 1 102
 6 -97 1 102
 10 -60 1 102
 3 -69 1 102
 0 26550 0
