102
 0 -54 14 2 3 5 6 8 10 12 13 14 15 16 20 25 29
 5 -5 6 28 21 17 11 9 4
 9 -69 5 31 28 23 17 9
 5 -42 3 46 41 7
 8 -72 9 39 38 35 33 32 31 30 27 26
 10 -26 11 57 46 42 40 39 36 35 34 30 24 22
 8 -12 10 57 39 38 36 35 34 31 30 24 22
 5 -23 6 47 39 34 31 23 18
 2 -12 10 57 42 40 39 37 36 34 30 27 22
 2 -78 9 47 40 39 38 35 34 32 22 21
 7 -68 5 35 34 32 23 19
 1 -1 5 40 39 32 26 19
 4 -80 12 57 56 47 44 43 38 37 35 34 32 31 27
 5 -82 11 57 48 47 44 43 39 37 35 34 32 31
 10 -62 8 43 42 41 40 39 38 36 22
 10 -99 13 65 59 56 53 50 47 46 44 43 42 40 37 36
 3 -49 8 59 57 44 40 39 36 35 34
 9 -57 10 65 58 56 52 48 44 43 38 37 35
 10 -29 8 58 56 55 50 46 45 36 30
 4 -62 10 51 50 48 47 45 44 43 41 38 34
 5 -70 11 60 58 57 54 51 50 48 46 45 41 37
 2 -72 16 67 65 63 61 59 58 56 55 54 53 52 51 50 48 45 44
 1 -22 7 61 57 52 44 41 40 36
 5 -65 11 74 65 59 58 54 53 52 50 45 44 37
 7 -96 9 67 61 56 53 52 50 44 40 36
 3 -38 7 60 58 57 51 50 37 34
 3 -25 8 67 61 60 52 51 48 45 41
 10 -81 9 74 65 63 60 53 52 51 46 38
 9 -24 6 74 64 54 50 41 37
 6 -57 10 67 66 61 59 53 52 49 47 44 43
 5 -16 9 75 74 67 53 52 51 50 49 40
 1 -5 12 74 73 65 63 60 59 58 55 53 51 49 45
 4 -70 10 67 65 63 61 60 59 55 50 48 45
 10 -3 11 75 74 71 67 66 65 61 54 53 52 49
 6 -88 8 74 67 54 53 51 50 49 45
 1 -60 8 75 68 66 63 60 54 51 48
 8 -99 9 101 75 71 68 67 63 61 55 49
 5 -2 8 75 71 66 62 61 59 55 54
 2 -37 5 75 61 56 52 51
 8 -6 10 101 81 73 71 68 63 62 60 58 55
 10 -6 8 101 78 71 65 63 59 55 53
 8 -72 7 78 71 70 66 62 61 52
 2 -84 9 80 79 76 74 73 70 68 64 63
 4 -34 8 80 75 73 71 70 64 62 60
 5 -45 10 80 79 76 75 72 71 69 68 66 64
 6 -39 7 80 73 70 68 66 64 62
 3 -81 6 80 76 70 68 64 62
 2 -60 3 101 71 49
 2 -81 7 100 95 81 78 76 70 62
 9 -32 6 93 81 80 78 66 62
 1 -33 4 93 80 64 62
 3 -63 10 101 100 98 97 81 79 76 72 69 68
 8 -95 5 95 81 80 76 62
 5 -27 13 101 100 98 96 95 94 93 92 91 81 80 78 72
 9 -93 7 98 95 93 91 79 70 69
 7 -85 8 101 99 94 89 87 79 76 66
 9 -73 10 98 96 95 93 90 88 81 80 79 73
 10 -18 9 96 95 94 92 90 80 79 78 76
 7 -20 7 100 90 88 81 79 77 68
 3 -33 6 100 97 95 76 72 69
 6 -48 9 98 97 96 95 90 88 80 76 73
 10 -78 7 98 97 94 92 79 72 69
 9 -89 5 100 93 91 72 69
 4 -48 11 100 98 95 92 91 90 87 84 82 81 78
 10 -37 5 98 92 87 76 72
 2 -46 13 100 98 96 95 92 91 90 88 86 85 84 83 82
 3 -49 13 100 99 97 96 95 94 93 92 87 86 85 83 82
 4 -14 12 99 95 94 93 92 91 87 86 85 84 83 82
 2 -38 8 99 96 90 89 88 86 83 77
 6 -67 5 97 94 92 83 72
 10 -32 11 98 97 95 94 90 87 86 85 84 83 82
 7 -27 7 90 89 88 86 85 84 82
 10 -57 7 94 92 91 86 85 83 82
 6 -30 6 101 94 89 88 87 83
 3 -68 5 93 91 84 82 81
 10 -14 5 93 91 86 83 82
 8 -89 4 87 85 84 82
 9 -79 4 97 89 88 83
 4 -68 3 85 84 82
 1 -98 3 87 84 83
 2 -64 1 89
 7 -3 1 102
 2 -44 1 102
 4 -13 1 102
 8 -13 1 102
 6 -58 1 102
 10 -55 1 102
 5 -12 1 102
 5 -68 1 102
 10 -86 1 102
 9 -98 1 102
 6 -75 1 102
 2 -82 1 102
 9 -51 1 102
 2 -58 1 102
 3 -80 1 102
 4 -22 1 102
 7 -79 1 102
 2 -93 1 102
 6 -31 1 102
 9 -7 1 102
 0 25800 0
