92
 0 -95 19 2 3 4 5 6 7 8 9 10 11 12 13 15 20 21 22 30 35 37
 3 -89 15 74 45 44 42 41 40 39 38 33 32 28 27 26 23 18
 10 -61 8 50 40 39 31 26 25 16 14
 6 -95 15 74 56 53 49 47 45 44 41 40 39 38 36 34 31 25
 4 -2 9 47 46 43 41 40 38 31 19 16
 6 -97 10 74 50 46 43 41 38 33 29 24 18
 1 -30 10 74 49 47 46 44 42 40 31 28 17
 10 -40 10 74 66 53 47 44 36 33 31 28 26
 7 -85 9 50 46 45 43 42 41 33 31 19
 1 -18 8 74 57 44 42 39 28 26 25
 10 -66 9 74 57 53 52 46 38 32 28 24
 8 -99 11 74 68 66 63 56 54 49 44 39 34 31
 10 -98 6 91 57 42 36 26 25
 7 -15 15 91 71 70 66 65 64 63 57 53 51 47 46 45 41 33
 6 -27 10 74 70 66 62 57 49 44 42 38 28
 10 -4 17 91 88 74 71 70 68 66 63 61 57 56 55 54 51 44 42 36
 8 -11 12 91 66 65 64 63 62 53 52 51 45 43 33
 6 -88 10 73 68 64 56 54 51 48 47 36 31
 7 -18 15 91 90 73 72 71 68 64 62 58 56 55 54 53 39 34
 8 -36 10 91 70 64 57 55 54 52 44 42 28
 6 -51 15 90 74 72 70 69 68 64 62 58 55 54 53 48 40 34
 1 -4 16 90 88 74 72 68 65 62 61 59 58 57 55 54 52 51 39
 9 -46 19 88 86 73 72 71 70 69 68 66 63 62 61 59 57 56 55 53 49 48
 2 -37 10 90 70 68 65 63 56 51 48 42 40
 1 -16 9 87 85 71 70 66 63 62 46 33
 3 -38 14 90 89 73 72 71 70 69 64 61 54 52 51 48 46
 3 -22 12 90 85 72 70 65 63 62 61 55 54 48 46
 4 -91 14 88 80 73 72 71 69 68 65 63 61 59 56 51 48
 6 -23 11 90 88 85 83 81 72 71 70 66 54 42
 3 -93 13 91 89 88 82 74 73 71 61 58 57 56 54 51
 5 -46 16 91 90 88 87 86 84 83 82 71 70 67 62 61 60 57 55
 6 -50 12 88 86 80 70 68 67 62 61 59 58 51 48
 7 -59 12 90 83 82 72 69 67 61 60 59 58 55 54
 8 -93 9 89 88 86 82 65 61 59 52 51
 5 -48 11 90 88 82 80 70 67 64 61 59 58 51
 3 -76 9 90 87 86 72 65 62 60 59 52
 8 -12 12 88 87 86 82 79 68 67 63 61 58 57 55
 1 -60 10 91 88 87 81 80 79 65 64 58 54
 4 -12 7 87 86 85 80 70 69 48
 8 -96 12 91 88 86 85 83 82 81 80 77 71 67 59
 7 -1 8 90 83 82 80 79 67 62 54
 4 -61 9 89 87 84 82 80 73 69 60 58
 8 -71 8 88 84 82 77 71 59 58 56
 8 -92 9 89 87 80 79 77 75 73 72 65
 5 -77 7 89 87 81 77 73 68 55
 10 -23 8 88 86 82 81 79 77 68 59
 5 -9 7 83 82 79 77 69 67 58
 3 -49 7 84 83 82 81 78 76 60
 6 -93 7 89 85 80 79 77 75 58
 4 -91 5 82 77 76 73 56
 6 -75 7 87 83 81 79 78 77 75
 5 -5 6 85 84 81 80 75 67
 3 -83 5 81 78 77 75 67
 10 -79 5 86 84 78 77 75
 6 -28 3 80 76 75
 7 -81 3 85 79 75
 8 -48 3 80 78 76
 9 -70 2 78 76
 2 -85 2 78 75
 4 -69 2 79 77
 4 -32 2 81 77
 4 -41 2 89 77
 10 -47 2 77 75
 2 -95 2 85 77
 6 -72 1 67
 5 -18 1 67
 5 -35 1 76
 7 -11 1 83
 10 -65 1 75
 1 -54 1 76
 8 -52 1 75
 10 -70 1 76
 4 -99 1 78
 3 -67 1 75
 2 -9 1 92
 5 -72 1 92
 5 -95 1 92
 4 -36 1 92
 7 -58 1 92
 9 -61 1 92
 7 -33 1 92
 8 -15 1 92
 7 -38 1 92
 5 -5 1 92
 2 -83 1 92
 2 -64 1 92
 9 -11 1 92
 7 -65 1 92
 8 -100 1 92
 8 -41 1 92
 8 -73 1 92
 0 24270 0
