102
 0 -18 11 2 3 4 5 6 7 8 10 11 16 17
 7 -21 8 37 35 29 28 26 22 13 9
 10 -74 11 44 39 30 27 23 22 21 19 18 14 12
 6 -32 10 48 44 39 37 34 33 29 28 18 14
 2 -78 10 38 37 35 33 31 28 27 23 20 15
 5 -53 9 44 39 37 30 29 27 21 18 14
 1 -38 8 43 41 37 35 31 27 23 18
 3 -59 8 54 48 29 27 26 25 23 21
 7 -68 9 54 51 43 39 33 31 27 24 23
 7 -26 6 37 36 33 32 31 13
 9 -60 7 54 43 40 30 24 22 21
 2 -99 13 59 57 56 55 54 51 45 42 41 40 37 35 34
 4 -50 8 57 56 54 51 48 45 27 23
 1 -19 12 59 57 56 55 51 50 45 41 40 38 36 35
 3 -50 6 57 55 54 40 30 26
 4 -17 11 60 55 54 51 50 45 43 40 36 34 33
 2 -52 5 57 51 47 30 27
 9 -33 8 59 57 56 55 54 50 49 26
 9 -5 11 73 60 59 57 49 47 45 43 41 37 34
 2 -79 10 64 59 57 56 55 49 45 43 42 41
 4 -14 12 75 60 57 55 51 50 49 47 46 45 36 34
 9 -17 9 61 57 56 51 47 45 41 38 36
 1 -27 10 75 68 64 61 59 55 49 46 42 40
 8 -82 10 64 61 59 57 55 53 49 46 44 36
 6 -55 10 75 64 63 60 59 57 51 43 40 36
 9 -59 11 75 66 64 63 61 60 53 51 47 46 36
 10 -16 5 59 55 46 42 34
 3 -73 12 75 72 68 66 59 58 57 55 53 52 49 42
 3 -25 5 56 51 43 41 36
 1 -59 12 75 73 72 66 63 61 59 56 52 50 49 45
 10 -69 11 75 64 63 61 60 58 57 50 47 46 45
 10 -62 14 75 74 73 72 70 66 63 61 60 59 58 56 54 46
 10 -91 13 75 74 73 68 66 64 63 61 58 57 56 53 46
 1 -72 11 74 72 71 68 64 63 62 61 58 53 52
 1 -81 10 74 73 72 63 61 60 58 53 52 49
 1 -92 11 79 74 73 72 71 70 68 67 65 62 58
 9 -64 7 71 70 64 63 62 61 50
 7 -59 7 74 72 64 62 60 58 52
 1 -32 7 72 71 61 59 58 52 50
 7 -7 6 74 70 62 58 52 47
 7 -70 6 75 72 68 66 63 46
 10 -2 6 73 70 69 63 60 50
 7 -24 8 77 72 71 70 68 67 66 61
 9 -48 9 82 79 77 72 69 67 66 63 60
 5 -89 4 74 71 68 53
 3 -82 4 88 82 71 52
 6 -81 7 88 79 72 71 69 67 65
 10 -16 7 99 82 77 72 69 67 66
 1 -17 9 101 87 82 81 79 77 71 69 67
 4 -36 6 101 88 79 74 67 65
 10 -77 6 101 88 81 74 67 65
 1 -48 7 101 99 81 79 69 67 65
 8 -69 6 87 79 77 70 69 67
 8 -46 9 100 88 87 84 82 81 77 71 67
 1 -78 5 88 79 77 67 63
 2 -11 5 101 87 77 67 62
 6 -68 8 100 84 80 79 77 76 71 70
 7 -88 7 99 88 82 81 80 76 69
 2 -58 7 101 86 81 80 77 76 69
 3 -83 8 100 98 92 88 87 84 76 71
 6 -20 6 101 99 82 79 76 69
 9 -62 6 99 86 81 80 76 69
 8 -16 12 101 100 99 97 96 95 90 87 85 84 80 78
 1 -45 9 100 99 98 96 92 85 84 81 76
 2 -50 8 96 87 86 85 84 80 77 76
 8 -32 10 101 98 97 91 88 87 86 84 81 80
 3 -62 6 98 96 90 86 80 76
 10 -3 10 101 99 98 97 96 92 86 84 83 81
 10 -50 11 100 98 97 96 95 94 92 90 89 85 84
 7 -33 10 99 98 94 93 92 91 89 88 86 81
 1 -57 6 99 96 90 86 85 78
 9 -78 7 101 97 93 89 86 85 81
 4 -42 6 101 95 92 90 85 78
 7 -1 7 100 99 97 93 90 89 82
 7 -70 6 97 96 94 91 90 84
 6 -29 3 97 93 78
 4 -7 4 92 91 90 89
 3 -64 3 94 91 83
 1 -44 3 96 94 92
 5 -79 2 92 89
 2 -10 2 95 90
 10 -88 2 94 92
 7 -60 1 89
 9 -92 1 93
 3 -44 1 91
 7 -3 1 95
 8 -44 1 93
 4 -97 1 96
 4 -10 1 102
 7 -2 1 102
 9 -25 1 102
 9 -30 1 102
 1 -80 1 102
 3 -30 1 102
 7 -44 1 102
 9 -12 1 102
 5 -90 1 102
 4 -90 1 102
 4 -92 1 102
 7 -9 1 102
 5 -48 1 102
 0 24610 0
