102
 0 -22 12 2 3 4 5 6 8 9 10 11 13 16 23
 2 -36 8 52 38 28 27 24 20 14 7
 2 -97 9 34 30 29 28 27 26 24 22 12
 2 -41 9 38 36 34 29 27 26 24 22 12
 5 -76 10 44 38 37 35 33 30 27 26 25 24
 2 -77 9 52 44 40 34 32 31 28 20 18
 7 -17 8 37 36 33 32 31 25 21 15
 2 -92 6 52 40 37 30 17 15
 10 -85 9 41 37 36 35 33 32 27 25 22
 4 -56 6 35 33 31 26 21 19
 9 -34 6 52 41 33 24 21 19
 3 -28 10 52 46 42 41 37 35 33 32 31 21
 4 -41 8 44 36 35 33 32 26 25 22
 9 -45 7 44 41 40 34 33 31 19
 2 -88 13 61 57 55 54 49 48 46 45 44 43 42 41 35
 4 -73 12 57 55 54 52 50 48 47 45 43 42 39 36
 3 -10 5 49 43 32 31 29
 8 -11 12 60 57 55 54 48 46 45 43 42 41 39 36
 8 -51 4 57 43 36 29
 1 -51 4 57 47 33 29
 6 -17 13 61 59 58 57 55 54 50 48 47 45 44 40 39
 1 -9 13 61 59 58 57 55 54 52 50 47 46 45 43 39
 6 -23 12 61 60 57 55 54 50 48 46 42 41 40 39
 1 -38 9 79 60 55 50 49 46 42 39 32
 2 -28 4 79 57 49 29
 2 -63 14 79 61 60 59 57 56 54 52 51 50 49 48 46 45
 8 -31 9 61 57 55 54 49 47 42 40 39
 10 -63 8 60 59 58 54 50 46 39 33
 2 -76 10 71 61 60 55 54 51 50 48 42 39
 3 -87 8 71 64 63 60 56 54 53 36
 10 -51 9 63 61 59 56 54 53 51 50 47
 5 -55 8 70 69 61 59 56 54 48 45
 2 -94 9 83 70 69 68 63 62 61 56 43
 3 -39 8 83 70 69 68 63 56 53 43
 2 -39 10 75 71 70 66 65 60 58 56 53 50
 1 -26 11 79 76 72 70 68 67 65 62 61 59 49
 3 -83 9 76 74 70 68 67 63 60 55 49
 1 -76 11 82 76 75 69 68 67 66 63 59 58 53
 8 -2 10 83 81 75 70 68 66 64 63 56 53
 4 -27 9 83 79 75 71 70 68 62 56 51
 3 -66 14 87 83 82 78 77 76 72 71 70 69 68 67 63 62
 5 -13 8 69 68 67 65 64 59 58 53
 6 -7 9 82 79 76 75 73 72 71 66 51
 4 -91 10 87 83 79 77 76 75 72 63 62 56
 8 -59 9 83 76 75 71 67 66 65 64 53
 4 -71 13 87 83 82 80 78 77 75 72 71 70 68 67 62
 7 -17 11 87 82 81 79 78 76 70 66 64 62 60
 7 -34 10 99 87 82 78 77 76 75 73 68 63
 3 -86 5 82 75 69 66 58
 4 -12 8 98 87 83 73 69 68 67 64
 6 -45 6 87 81 78 67 65 64
 6 -82 9 101 98 83 82 80 77 76 68 67
 2 -33 7 98 87 85 80 77 72 62
 5 -12 7 98 87 85 83 80 78 62
 1 -51 8 99 98 95 87 85 77 73 69
 3 -5 8 101 98 96 86 84 82 78 67
 5 -9 8 100 97 89 86 85 82 80 74
 1 -85 7 98 90 87 85 83 78 73
 7 -40 8 99 98 97 95 85 81 80 77
 4 -49 7 101 98 97 93 85 83 72
 6 -58 5 98 86 80 77 75
 6 -37 8 101 100 97 92 89 86 84 74
 9 -1 3 96 85 65
 3 -28 6 99 96 89 86 84 77
 10 -39 6 101 98 94 89 86 80
 10 -46 8 101 99 96 95 91 90 89 85
 4 -83 7 100 99 97 94 90 89 85
 7 -1 7 100 96 95 94 92 88 84
 3 -59 6 101 100 97 89 86 84
 3 -65 6 95 93 92 89 86 84
 4 -68 6 98 95 93 91 86 81
 6 -79 5 95 94 89 88 84
 7 -5 4 97 92 91 81
 4 -44 6 99 96 95 93 90 88
 1 -10 5 100 97 95 93 89
 3 -84 5 97 96 92 89 88
 6 -38 4 94 93 92 90
 7 -19 4 95 94 93 89
 7 -18 4 94 90 89 88
 6 -71 2 93 84
 7 -85 3 96 89 88
 2 -5 3 94 91 88
 7 -42 2 89 86
 6 -41 2 91 90
 1 -28 2 92 88
 8 -52 1 88
 4 -86 1 92
 1 -21 1 102
 9 -59 1 102
 9 -97 1 102
 3 -30 1 102
 1 -34 1 102
 1 -61 1 102
 5 -85 1 102
 9 -87 1 102
 7 -23 1 102
 4 -25 1 102
 7 -33 1 102
 10 -88 1 102
 6 -2 1 102
 5 -21 1 102
 0 23415 0
