102
 0 -68 11 2 3 4 5 6 8 9 10 11 12 17
 9 -61 6 23 20 19 14 13 7
 9 -72 6 33 28 27 24 15 7
 4 -64 11 39 36 35 30 29 28 26 24 22 21 16
 2 -10 11 46 40 39 36 35 29 27 24 22 21 18
 5 -9 10 50 39 38 35 33 31 30 27 26 22
 10 -94 12 50 45 41 40 39 38 36 35 32 31 30 25
 9 -89 9 50 41 40 37 34 30 28 26 21
 6 -50 8 50 40 38 33 32 28 25 22
 1 -10 7 46 41 38 35 25 24 21
 5 -19 11 56 50 46 41 40 38 37 36 35 33 26
 9 -36 10 50 46 45 42 41 38 36 32 28 25
 4 -92 10 51 50 48 44 43 39 37 33 32 24
 2 -86 13 58 56 51 50 48 44 43 42 41 40 38 37 33
 9 -69 15 57 56 54 52 51 48 47 46 45 44 43 40 39 38 34
 5 -92 6 44 41 38 37 33 27
 4 -90 9 58 57 51 48 45 38 37 32 31
 8 -20 10 56 55 53 52 48 47 45 44 42 37
 1 -42 9 58 57 56 54 51 48 43 41 32
 10 -9 8 57 56 54 52 48 40 39 32
 5 -97 7 58 56 48 44 43 42 33
 2 -19 7 58 53 48 45 42 41 34
 9 -4 9 58 57 56 54 53 52 47 45 34
 10 -43 9 65 61 58 56 55 53 49 47 42
 5 -96 8 67 58 57 56 51 48 44 37
 1 -100 9 61 58 57 52 51 49 48 47 44
 5 -33 4 56 53 42 34
 3 -47 10 68 63 61 58 57 55 53 52 48 44
 7 -10 7 55 53 50 49 48 45 38
 8 -51 7 73 61 60 57 53 47 46
 8 -88 6 61 54 53 49 47 43
 9 -97 9 71 65 63 62 61 60 59 53 49
 10 -53 5 62 61 53 52 45
 4 -15 8 71 67 65 63 62 61 55 49
 2 -96 8 70 68 65 63 60 57 55 53
 3 -47 8 73 67 62 61 60 57 55 51
 8 -44 7 69 66 62 61 59 54 49
 1 -11 15 87 77 74 72 71 69 68 67 66 65 63 62 61 60 59
 1 -41 8 71 70 68 65 61 59 58 53
 9 -24 7 71 67 64 63 62 55 49
 2 -25 10 82 76 73 68 66 62 61 60 59 52
 4 -39 7 87 77 73 72 67 57 54
 4 -46 11 101 77 74 71 70 69 68 67 65 63 60
 2 -90 10 77 74 72 71 69 66 65 62 60 59
 9 -24 9 77 74 69 68 66 65 63 60 59
 1 -50 7 76 71 70 68 67 58 55
 1 -56 10 77 76 70 69 68 67 66 63 62 59
 4 -100 16 99 87 85 84 81 80 79 78 77 75 74 73 71 70 69 65
 10 -16 15 101 87 86 85 81 80 79 77 76 75 74 73 72 70 68
 8 -83 11 87 82 81 77 75 73 71 69 68 66 64
 4 -22 10 101 81 77 76 74 72 70 69 66 64
 3 -98 13 101 87 85 84 81 80 78 77 75 72 71 70 69
 7 -14 10 101 100 87 81 80 74 72 69 67 66
 5 -75 7 101 85 82 78 76 71 60
 10 -21 6 100 85 78 77 69 59
 4 -97 10 101 94 86 84 82 81 80 79 71 63
 10 -61 10 101 99 93 85 84 80 79 74 71 69
 8 -72 9 101 97 86 84 80 79 77 75 66
 6 -32 12 101 99 98 97 96 86 84 83 81 80 79 75
 8 -57 7 100 99 98 96 81 75 64
 8 -92 6 101 99 98 96 78 64
 10 -26 10 100 99 97 94 91 84 83 81 79 78
 1 -7 10 100 99 98 97 95 93 91 90 85 78
 4 -59 9 97 94 93 92 91 84 83 80 79
 3 -60 8 98 96 95 93 88 83 82 76
 4 -53 8 99 96 94 93 91 90 85 78
 8 -15 6 98 96 91 83 82 79
 9 -95 6 97 94 93 91 90 78
 4 -95 7 98 96 94 92 90 89 86
 2 -53 6 96 94 93 90 88 83
 6 -73 6 100 97 96 91 90 88
 10 -11 5 99 95 90 88 83
 1 -1 5 100 95 91 90 88
 5 -73 3 97 88 82
 2 -47 4 94 93 92 89
 4 -10 4 100 92 91 89
 3 -27 3 98 91 83
 5 -61 3 92 89 88
 3 0 2 90 88
 1 -46 2 95 88
 10 -5 2 93 88
 8 -6 2 92 90
 8 -58 1 89
 7 -15 1 89
 4 -37 1 88
 1 -20 1 91
 7 -17 1 95
 4 -46 1 102
 6 -75 1 102
 10 -25 1 102
 5 -14 1 102
 1 -71 1 102
 10 -37 1 102
 8 -25 1 102
 4 -63 1 102
 4 -89 1 102
 1 -26 1 102
 8 -58 1 102
 10 -93 1 102
 3 -35 1 102
 2 -35 1 102
 0 24650 0
