102
 0 -41 21 2 3 4 5 6 7 8 9 10 11 12 13 14 15 17 18 20 22 25 26 33
 8 -59 12 62 47 46 42 40 37 29 24 23 21 19 16
 7 -13 10 62 47 46 44 38 34 31 27 24 21
 5 -7 13 62 58 56 55 52 51 47 46 43 34 32 28 16
 10 -6 12 74 56 55 52 51 49 47 39 38 35 30 16
 7 -64 11 64 62 56 55 52 49 47 42 35 19 16
 10 -37 10 64 56 55 49 47 42 36 35 19 16
 6 -83 10 67 59 58 56 53 51 42 37 29 21
 1 -65 16 80 72 64 61 59 57 56 55 53 52 44 43 41 32 31 30
 4 -29 9 62 53 52 49 46 40 39 35 19
 4 -14 8 101 64 62 55 46 42 24 19
 9 -68 11 64 59 56 51 47 44 41 39 37 31 29
 10 -80 17 74 73 70 64 61 60 59 57 56 53 49 48 41 40 39 38 35
 3 -21 5 56 46 43 42 19
 10 -77 13 101 70 64 62 61 58 56 55 53 49 46 41 38
 1 -25 10 99 72 61 59 57 53 48 45 41 31
 4 -13 13 100 73 71 69 64 61 59 57 56 50 46 41 37
 10 -12 11 101 80 74 61 60 55 53 49 41 40 31
 1 -7 10 71 69 61 60 59 57 51 41 38 31
 9 -75 15 100 99 80 73 70 69 67 62 61 59 58 50 47 45 41
 8 -58 9 80 76 71 70 69 64 52 41 32
 3 -41 14 100 97 80 79 70 69 66 59 57 56 50 47 46 42
 6 -37 6 80 72 69 45 41 31
 9 -32 13 100 97 96 80 78 71 67 65 60 59 57 56 35
 4 -15 15 93 79 74 72 70 68 66 64 62 60 55 54 53 51 49
 2 -20 11 98 70 69 66 64 61 60 56 55 50 38
 9 -79 10 79 61 60 57 55 54 51 50 49 36
 4 -10 11 101 97 80 79 67 66 65 64 59 49 42
 8 -51 16 101 97 96 92 80 74 72 69 66 65 61 60 57 55 50 49
 10 -50 15 100 99 97 95 94 91 77 75 71 69 68 65 63 54 46
 10 -30 12 100 98 97 95 79 78 75 73 70 67 54 50
 2 -91 12 99 97 95 92 75 74 73 66 65 60 50 49
 9 -29 12 99 97 94 92 78 76 72 66 65 61 54 50
 4 -53 17 99 98 97 96 95 93 92 89 88 79 77 76 75 73 70 68 53
 5 -92 13 99 98 95 94 92 84 79 76 75 69 66 58 50
 10 -72 18 100 99 98 97 96 95 93 92 90 89 88 78 77 75 73 69 68 65
 8 -26 13 101 98 97 92 91 89 86 77 75 70 65 63 55
 1 -82 16 100 97 96 95 94 92 91 90 89 86 80 76 75 72 68 65
 1 -38 12 101 98 94 91 90 87 78 75 71 68 66 54
 7 -47 12 100 97 93 91 89 86 79 77 68 67 65 63
 2 -34 11 98 94 93 92 91 90 79 78 77 66 54
 10 -49 12 98 96 95 94 91 85 78 76 75 72 71 68
 4 -17 12 99 95 93 91 90 88 86 76 74 69 68 65
 6 -64 8 101 93 91 87 77 68 67 54
 10 -39 10 94 92 91 89 86 77 75 71 65 60
 10 -22 10 98 90 89 88 87 85 84 83 82 67
 8 -47 10 95 92 91 90 89 88 87 83 82 65
 3 -86 8 101 93 88 85 84 78 76 75
 4 -22 7 100 89 87 86 82 77 63
 9 -90 6 93 91 87 77 68 63
 10 -11 9 99 97 94 92 91 89 88 86 83
 4 -4 6 89 87 86 84 81 66
 7 -23 4 90 86 69 65
 3 -35 8 96 89 88 86 85 84 83 82
 10 -68 8 99 95 94 87 85 84 83 82
 9 -51 7 90 89 86 84 83 82 76
 7 -4 6 91 87 86 81 75 68
 4 -17 6 89 88 86 85 81 68
 2 -23 4 88 85 76 68
 2 -40 6 87 85 84 83 82 81
 2 -71 4 86 81 75 68
 4 -88 4 86 84 83 76
 10 -83 4 90 88 83 81
 8 -18 4 86 85 84 82
 9 -44 3 85 84 81
 4 -88 3 85 83 82
 5 -38 2 92 76
 10 0 2 83 82
 2 -64 2 87 82
 9 -35 2 87 84
 6 -66 2 93 81
 10 -18 2 88 84
 7 -31 2 94 83
 5 -12 2 89 85
 6 -87 1 82
 6 -98 1 81
 2 -92 1 81
 2 -95 1 86
 4 -17 1 87
 1 -13 1 81
 3 -63 1 102
 2 -84 1 102
 1 -8 1 102
 1 -95 1 102
 9 -6 1 102
 2 -49 1 102
 1 -97 1 102
 2 -1 1 102
 1 -89 1 102
 7 -20 1 102
 5 -9 1 102
 3 -89 1 102
 3 -34 1 102
 6 -7 1 102
 10 -12 1 102
 7 -64 1 102
 2 -6 1 102
 2 -30 1 102
 2 0 1 102
 3 -99 1 102
 6 -16 1 102
 0 22155 0
