102
 0 0 23 2 3 4 5 6 7 9 10 11 12 13 14 15 16 17 18 20 21 23 24 25 30 32
 8 -65 14 52 51 46 43 42 41 40 39 38 37 31 28 22 8
 10 -34 16 71 65 61 57 53 51 50 48 45 43 41 40 38 34 31 27
 5 -47 12 71 68 65 52 46 44 42 41 40 35 31 26
 6 -9 14 64 62 61 57 53 51 50 49 42 41 40 31 29 27
 8 -34 17 101 69 65 64 61 60 54 53 49 48 46 45 44 43 41 40 33
 1 -80 11 71 68 62 53 52 49 47 42 40 31 19
 4 -42 14 101 66 65 64 62 61 60 54 49 48 45 34 33 27
 1 -55 16 71 69 68 67 66 63 62 61 59 53 52 50 49 47 42 28
 9 -29 14 69 68 67 66 65 61 57 54 50 48 47 45 42 29
 7 -74 10 67 65 61 54 52 51 47 42 38 33
 6 -43 10 81 71 67 65 61 57 54 42 37 27
 7 -10 23 101 100 81 77 74 73 71 69 65 64 63 62 60 59 58 57 56 55 54 52 51 50 47
 2 -1 13 71 69 68 66 65 61 57 55 50 49 47 45 31
 5 -85 13 71 69 68 67 65 61 56 53 52 49 46 42 41
 1 -11 10 71 69 68 65 64 59 55 45 41 31
 6 -82 10 69 65 63 57 53 50 49 46 42 29
 4 -52 20 101 100 81 78 74 73 69 67 66 65 63 60 59 58 57 56 55 54 53 47
 4 -2 15 101 78 73 67 65 63 61 60 59 56 55 54 51 48 39
 10 -57 13 101 74 73 71 68 65 63 60 56 55 50 48 36
 8 -28 9 71 69 65 61 59 48 47 42 31
 9 -44 9 101 100 69 67 61 58 54 47 33
 1 -14 17 101 100 98 81 80 77 73 71 70 68 67 66 65 59 56 55 50
 2 -100 14 101 100 81 80 76 74 71 63 61 60 57 55 54 46
 8 -58 5 66 48 47 45 33
 10 -33 13 101 100 98 96 77 73 69 67 61 57 55 47 45
 4 -14 14 100 98 96 78 77 74 69 68 63 59 58 56 55 47
 8 -88 18 101 98 97 92 91 81 79 78 77 76 74 73 70 65 58 57 55 54
 1 -85 17 101 100 99 96 94 88 81 80 77 76 75 74 73 71 60 59 56
 1 -50 9 81 80 78 76 72 70 69 63 42
 9 -1 18 101 100 96 95 94 92 87 81 79 78 77 76 73 70 67 60 58 54
 10 -77 17 101 100 99 96 95 94 92 91 80 77 76 72 71 70 67 56 55
 4 -100 14 98 96 95 94 77 76 73 72 71 70 68 63 56 55
 7 -9 11 100 96 87 81 79 78 77 72 68 67 47
 7 -8 11 98 95 90 89 81 80 78 77 70 61 51
 1 -99 10 100 98 81 79 78 77 67 66 59 47
 4 -7 16 99 97 96 95 94 91 90 89 79 77 76 74 73 72 70 66
 1 -66 11 97 94 93 79 78 77 74 73 59 58 49
 4 -32 11 100 96 90 81 80 79 77 76 66 58 57
 2 -27 10 98 96 94 90 78 77 76 59 58 56
 4 -15 8 100 98 96 91 78 73 66 47
 10 -60 12 101 100 96 95 94 92 88 77 74 73 60 55
 7 -5 12 100 95 91 85 81 80 78 76 75 73 72 66
 10 -42 9 98 97 92 89 78 77 72 63 62
 9 -41 9 99 92 90 89 79 78 74 63 58
 1 -38 8 96 90 89 79 78 77 66 59
 5 -14 11 99 97 95 94 93 90 89 86 80 76 70
 8 -83 11 95 91 90 89 88 87 86 84 80 76 70
 4 -78 10 98 95 92 91 88 87 86 81 76 75
 9 -14 10 99 96 94 89 87 86 84 76 75 72
 7 -54 7 99 97 96 91 79 72 66
 3 -90 8 96 90 87 86 84 79 76 70
 5 -90 8 96 94 92 87 86 83 82 77
 7 -83 6 90 89 85 84 75 72
 3 -48 7 93 90 87 86 85 84 82
 9 -56 6 97 93 89 86 82 79
 1 -48 6 99 95 94 89 86 75
 4 -96 4 85 84 75 72
 7 -12 6 95 92 91 87 84 82
 8 -100 6 98 91 90 89 85 84
 5 -98 6 97 94 92 86 84 82
 9 -24 6 96 94 91 87 84 82
 9 -67 5 88 87 86 85 82
 3 -44 4 89 87 84 76
 10 -87 3 96 82 72
 5 -3 4 93 92 87 84
 10 0 4 93 86 85 83
 2 -74 4 91 90 88 83
 6 -68 4 88 85 83 82
 1 -69 3 85 83 75
 7 -64 2 82 78
 10 -10 2 88 83
 1 -77 2 86 82
 7 -87 2 84 83
 3 -60 1 82
 9 -8 1 83
 6 -9 1 85
 1 -67 1 84
 6 -89 1 83
 1 -70 1 82
 3 -79 1 84
 5 -76 1 102
 5 -91 1 102
 5 -60 1 102
 7 -57 1 102
 5 -24 1 102
 2 -64 1 102
 10 -27 1 102
 1 -51 1 102
 5 -67 1 102
 4 -41 1 102
 4 -43 1 102
 9 -6 1 102
 1 -72 1 102
 8 -64 1 102
 8 -94 1 102
 5 -6 1 102
 7 -61 1 102
 10 -70 1 102
 10 -41 1 102
 9 -63 1 102
 0 25255 0
