102
 0 -36 9 2 4 5 6 7 8 9 11 12
 6 -22 3 18 17 3
 4 -38 6 23 20 19 16 15 10
 10 -35 5 20 17 15 14 10
 6 -90 8 27 26 24 23 21 20 19 17
 4 -49 7 27 26 24 23 20 16 15
 1 -58 4 20 18 16 10
 6 -51 6 26 20 19 17 16 15
 7 -32 6 27 26 22 21 20 13
 5 -16 7 31 27 26 25 24 22 21
 1 -9 3 21 19 17
 2 -70 5 31 28 26 24 21
 7 -94 3 31 24 17
 8 -27 3 26 25 19
 8 -99 4 32 25 22 21
 9 -13 4 31 28 25 21
 3 -75 6 35 34 32 29 28 25
 9 -9 6 35 34 32 29 28 25
 6 -54 2 31 22
 8 -75 5 34 31 30 29 25
 10 -89 5 35 34 33 30 29
 2 -93 5 35 34 33 30 29
 4 0 5 34 33 31 30 29
 1 -71 4 37 36 35 32
 1 -67 5 40 39 37 36 33
 1 -64 4 40 37 35 34
 4 -88 4 40 39 36 33
 8 -18 2 38 30
 8 -68 5 41 39 38 37 36
 4 -15 6 48 45 41 40 39 36
 6 -46 6 45 44 41 39 38 36
 8 -34 4 46 42 40 33
 6 -97 6 52 47 45 44 41 38
 8 -85 5 55 44 42 41 38
 3 -40 4 48 47 41 39
 7 -19 7 58 55 51 50 47 46 42
 6 -90 6 50 49 46 45 44 43
 5 -35 5 56 50 49 48 43
 6 -6 4 54 49 46 43
 6 -95 5 53 52 51 50 44
 1 -62 3 50 49 43
 5 -27 7 62 60 56 54 53 52 49
 7 -45 5 60 58 57 53 51
 8 -56 6 66 65 59 58 57 56
 10 -78 6 67 62 61 57 54 53
 10 -65 3 62 56 53
 9 -15 7 68 67 65 62 61 59 57
 7 -65 6 67 66 61 59 58 57
 4 -44 7 68 67 66 65 64 59 57
 6 -60 5 66 65 64 62 54
 6 -33 6 70 68 67 66 61 59
 5 -100 6 71 68 67 65 61 57
 10 -13 10 77 74 72 71 70 69 68 66 65 63
 4 -95 6 74 73 70 68 63 59
 5 -79 6 77 74 71 68 63 60
 8 -50 5 77 69 68 67 61
 6 -26 6 77 74 73 70 69 63
 5 -81 3 69 63 62
 10 -49 7 81 79 77 76 72 71 69
 8 -60 6 79 76 73 72 70 69
 9 -70 2 64 63
 8 -88 7 88 83 79 77 75 73 72
 1 -62 9 95 84 83 82 81 80 79 78 76
 10 -29 6 95 82 79 76 74 72
 1 -45 7 84 83 82 80 79 78 76
 8 -85 5 83 81 79 76 73
 10 -89 4 88 79 75 72
 5 -65 6 95 84 83 81 80 76
 9 -46 5 91 90 87 83 75
 2 -10 6 95 86 84 83 81 80
 5 -13 8 95 94 91 90 89 87 86 80
 6 -54 6 91 90 89 87 84 80
 4 -78 6 95 91 90 86 84 80
 10 -23 5 94 87 86 81 80
 7 -17 5 95 94 86 85 82
 4 -51 7 99 98 90 89 88 86 85
 5 -75 7 98 95 93 92 90 89 86
 9 -11 7 99 94 92 91 89 87 85
 10 -66 6 98 94 93 92 90 89
 9 -7 5 101 98 93 92 85
 10 -67 5 101 98 93 90 89
 8 -23 4 98 93 92 89
 8 -74 5 101 99 98 96 92
 10 -68 4 98 97 94 93
 10 -37 3 100 97 96
 2 -51 3 101 100 96
 7 -43 3 98 97 96
 5 -53 2 96 92
 3 -50 2 97 96
 8 -95 2 97 96
 1 -90 2 100 96
 9 -98 1 97
 9 -12 1 99
 7 -85 1 96
 8 -11 1 97
 9 -84 1 102
 1 -9 1 102
 6 -62 1 102
 10 -69 1 102
 3 -48 1 102
 5 -45 1 102
 0 26665 0
