102
 0 -1 13 2 3 5 6 7 8 9 10 12 13 14 16 17
 8 -90 9 29 28 26 25 24 22 19 18 11
 7 -48 3 29 24 4
 6 -67 13 45 43 39 36 33 31 30 27 26 25 22 20 19
 2 -85 11 39 36 33 31 30 27 25 24 22 20 19
 1 -16 11 45 43 39 36 34 31 29 28 25 22 19
 1 -92 7 47 40 36 31 28 24 15
 1 -67 13 45 41 39 38 36 35 34 33 31 29 26 23 22
 5 -98 14 57 47 41 40 39 38 36 34 33 32 30 29 27 24
 4 -1 10 47 43 38 37 32 31 29 28 24 21
 2 -48 10 47 45 41 39 38 36 33 32 27 20
 4 -42 6 43 39 33 25 22 19
 5 -54 14 61 47 45 44 42 39 36 34 33 32 31 29 28 27
 9 -57 12 61 49 47 45 44 42 40 36 34 32 31 27
 7 -73 10 45 41 39 38 35 34 32 29 27 25
 4 -72 9 61 55 47 43 41 34 31 26 24
 1 -9 7 57 55 48 40 39 38 24
 1 -53 11 61 55 53 52 51 48 47 44 43 36 31
 5 -36 9 57 47 44 42 41 40 38 35 32
 7 -33 11 61 57 55 54 53 49 44 42 40 35 34
 10 -43 8 57 53 51 41 40 39 36 34
 5 -10 12 61 57 56 54 53 51 50 49 47 46 42 37
 2 -38 12 64 62 61 57 52 50 49 48 47 44 43 40
 4 -62 9 63 54 53 52 49 45 44 42 35
 1 -54 12 68 61 60 56 55 54 53 52 49 48 46 42
 4 -86 9 69 68 63 60 53 48 46 44 42
 7 -13 8 69 63 62 55 52 50 46 37
 10 -73 13 75 69 68 67 64 63 62 60 58 57 56 52 50
 5 -56 11 70 68 64 63 62 56 55 54 49 48 46
 7 -87 6 63 61 51 46 44 42
 6 -31 9 69 65 64 63 62 60 57 56 46
 8 -46 9 69 62 59 58 56 55 54 53 51
 2 -44 13 75 74 72 71 69 65 64 63 62 59 58 56 51
 9 -3 8 70 69 68 64 63 60 48 46
 4 -68 7 74 68 64 62 60 50 46
 2 -43 6 68 63 62 54 50 46
 10 -81 12 75 72 71 70 68 67 66 65 64 60 59 58
 6 -89 11 75 74 72 70 69 67 64 60 59 58 56
 9 -75 8 75 74 73 72 67 62 58 50
 5 -51 6 74 70 69 60 56 46
 6 -52 14 78 77 76 75 74 73 72 70 68 67 66 63 60 59
 9 -23 10 75 74 72 71 70 67 65 64 62 59
 5 -72 9 101 85 74 72 70 60 59 58 56
 5 -44 8 81 75 73 72 70 67 58 56
 8 -56 10 80 79 75 74 72 70 68 67 65 64
 1 -27 9 83 78 77 75 72 67 66 59 58
 2 -16 7 85 78 77 75 68 63 58
 2 -2 13 100 97 85 83 80 79 78 76 74 73 72 71 66
 6 -89 12 101 97 84 81 80 79 77 75 74 73 71 69
 9 -98 11 101 100 97 85 81 80 79 71 70 66 65
 5 -51 10 100 98 84 81 79 78 77 68 67 66
 6 -96 9 100 99 85 83 78 74 73 72 59
 6 -59 9 101 98 96 94 79 78 77 75 64
 8 -100 11 101 100 96 95 83 80 79 77 74 73 72
 2 -6 9 101 100 97 96 85 84 83 76 71
 3 -11 7 97 84 80 79 78 77 66
 1 -51 7 97 85 81 80 74 71 70
 6 -44 10 100 99 96 93 92 90 84 82 80 76
 9 -6 10 97 96 94 93 92 84 82 81 80 79
 7 -26 14 100 98 97 96 95 94 93 92 91 89 88 86 83 82
 2 -69 9 97 96 95 93 92 81 79 78 77
 3 -94 12 101 97 94 93 92 91 90 89 86 85 84 82
 6 -100 10 99 96 94 93 92 86 84 83 82 79
 9 -68 7 100 99 97 95 93 83 73
 10 -24 7 95 94 93 92 83 78 77
 7 -85 12 99 96 95 94 93 92 91 90 89 88 86 82
 10 -22 9 101 97 96 94 90 89 88 85 82
 4 -55 9 101 97 93 92 89 88 87 86 83
 3 -30 7 96 89 88 86 85 83 82
 1 -7 8 94 93 92 89 88 87 86 83
 9 -36 8 99 98 93 92 91 88 86 82
 2 -46 6 98 94 92 87 86 84
 9 -91 6 92 91 89 88 87 86
 9 -28 5 93 91 89 87 86
 9 -25 4 100 90 86 82
 8 -81 4 94 91 89 86
 10 -31 3 90 86 82
 5 0 3 91 89 88
 7 -30 2 91 90
 7 -64 2 98 86
 6 -50 2 89 88
 8 -29 1 87
 2 -18 1 90
 3 -99 1 88
 4 -72 1 95
 4 -80 1 102
 8 -6 1 102
 5 -36 1 102
 9 -48 1 102
 4 -12 1 102
 5 -62 1 102
 10 -82 1 102
 6 -84 1 102
 9 -53 1 102
 5 -61 1 102
 4 -78 1 102
 1 -15 1 102
 3 -43 1 102
 10 -89 1 102
 5 -54 1 102
 2 -65 1 102
 0 25730 0
