102
 0 -31 16 2 3 4 5 6 7 8 9 11 12 13 15 16 17 20 21
 9 -80 10 43 41 35 29 28 26 25 24 22 18
 3 -78 8 42 41 36 34 30 26 19 14
 2 -88 12 43 42 41 37 35 33 31 30 28 26 24 22
 1 -24 7 42 39 35 33 31 29 10
 7 -97 12 46 43 42 41 37 32 31 30 29 27 26 24
 6 -41 12 56 43 42 41 36 33 32 30 28 27 26 24
 6 -34 6 42 31 30 29 26 14
 5 -75 10 45 41 40 39 38 37 34 32 29 23
 2 -15 8 46 43 41 38 36 30 26 22
 9 -81 10 56 51 45 43 40 38 33 32 28 26
 10 -6 10 51 47 43 41 39 38 33 32 31 28
 7 -82 7 46 42 39 36 31 26 22
 8 -55 11 56 51 48 46 45 43 40 39 38 37 32
 9 -61 8 51 43 40 33 32 31 28 26
 1 -25 8 51 45 42 35 34 32 28 26
 5 -77 9 56 55 54 51 45 40 38 33 32
 10 -39 11 57 55 54 53 52 50 48 47 45 44 31
 1 -61 7 63 56 55 53 33 32 29
 10 -72 7 63 56 53 48 40 33 29
 4 -7 11 56 54 53 52 51 50 49 48 46 44 37
 6 -35 8 63 56 54 53 51 48 40 32
 1 -26 6 56 54 52 47 46 28
 7 -54 8 54 53 52 51 50 48 45 38
 7 -33 5 55 48 33 32 30
 5 -87 13 72 66 63 61 60 59 57 55 54 53 50 49 47
 6 -12 5 52 47 44 40 39
 6 -57 9 63 61 60 57 55 50 49 48 44
 4 -6 7 61 60 52 51 50 49 44
 8 -7 8 72 63 60 57 52 50 49 44
 8 -41 12 82 76 72 66 64 63 62 61 60 59 56 49
 3 -62 7 72 65 60 52 50 49 44
 2 -38 5 61 50 49 46 44
 1 -18 9 66 63 62 61 59 57 55 49 47
 1 -85 8 66 63 61 58 56 55 50 48
 10 -50 7 72 61 57 53 52 49 44
 7 -52 11 83 82 76 72 66 64 62 61 60 57 47
 10 -84 7 72 65 63 61 60 49 44
 1 -56 11 72 71 67 66 64 61 59 58 57 55 54
 10 -89 9 83 72 71 66 65 64 61 60 49
 4 -43 5 71 66 65 53 49
 10 -11 11 82 75 72 70 68 67 66 64 62 59 57
 4 -47 8 83 76 75 72 71 66 58 53
 4 -22 11 83 82 81 76 75 70 68 67 66 64 59
 3 -82 11 83 82 76 74 73 69 67 66 64 61 58
 4 -83 12 83 81 78 73 72 71 70 69 68 66 65 64
 3 -38 9 80 75 74 73 71 70 69 67 58
 4 -64 10 82 81 78 73 72 71 69 68 65 64
 8 -80 8 80 75 74 73 70 69 67 58
 3 -86 12 98 87 84 83 82 81 77 75 74 69 68 62
 7 -90 7 86 83 76 74 72 71 57
 5 -97 8 84 83 82 80 77 74 67 58
 1 -82 10 101 85 84 82 80 77 74 73 68 64
 2 -19 12 101 99 98 88 87 85 81 78 77 75 74 68
 3 -14 11 100 99 98 86 85 82 80 78 76 74 70
 7 -82 9 100 97 86 83 81 75 73 70 65
 4 -35 8 101 100 88 87 79 78 73 65
 6 -55 11 101 99 98 95 88 87 86 85 81 78 68
 5 -88 10 100 99 96 87 86 84 78 77 74 73
 2 -65 10 101 100 99 94 86 85 79 77 74 73
 1 -73 11 99 98 95 92 91 87 86 85 80 79 78
 1 -99 8 101 100 95 93 88 85 78 71
 2 -80 8 98 93 91 86 84 83 78 77
 2 -68 10 99 98 97 96 94 93 92 90 88 87
 8 -29 7 99 98 94 85 84 80 77
 5 -56 6 97 91 86 84 80 77
 5 -37 6 98 95 92 88 85 79
 10 -35 7 100 97 94 92 91 90 79
 6 -5 7 101 99 95 93 92 90 86
 2 -48 3 91 84 77
 10 -57 6 99 97 96 94 91 90
 9 -51 5 94 93 91 90 84
 9 -75 5 98 95 91 90 89
 3 -7 4 93 92 91 89
 4 -45 4 96 93 91 89
 3 -68 3 101 90 84
 2 -92 3 95 90 89
 2 -19 3 97 94 89
 2 -61 3 96 93 89
 6 -45 3 93 90 89
 10 -58 3 92 91 90
 1 -15 2 96 94
 5 -61 2 92 89
 2 -94 1 92
 10 -9 1 90
 3 -72 1 89
 1 -33 1 89
 5 -21 1 91
 8 -84 1 102
 10 -93 1 102
 9 -85 1 102
 4 -78 1 102
 5 -69 1 102
 7 -47 1 102
 8 -15 1 102
 2 -4 1 102
 4 -40 1 102
 5 -63 1 102
 1 -28 1 102
 6 -8 1 102
 3 -83 1 102
 0 26570 0
