102
 0 -73 23 2 3 4 5 6 7 8 9 10 11 13 14 15 16 18 19 20 22 27 29 34 35 36
 1 -49 12 56 54 46 45 44 40 31 26 25 24 23 12
 4 -89 11 53 45 44 42 39 37 31 26 24 23 21
 4 -67 11 57 53 45 44 42 40 30 25 24 21 17
 10 -48 10 62 59 55 54 41 40 39 38 30 25
 9 -45 9 99 62 55 49 44 41 40 37 26
 8 -34 12 69 68 62 55 52 49 47 45 44 43 30 28
 1 -99 15 101 98 69 68 66 60 56 55 54 49 48 47 44 43 31
 8 -79 15 98 97 69 66 64 61 57 55 54 52 51 49 46 33 31
 8 -55 10 77 61 59 54 48 44 43 40 31 25
 8 -5 14 98 77 68 67 66 60 59 57 55 49 47 45 44 31
 5 -29 11 98 69 67 62 60 59 51 43 41 38 37
 10 -36 10 99 77 67 66 62 59 57 51 48 23
 10 -9 9 101 63 60 58 57 51 48 42 24
 7 -65 14 101 99 97 77 69 66 62 60 59 57 54 48 41 40
 3 -5 11 101 98 76 69 68 66 64 62 56 38 32
 2 -49 13 101 98 77 68 67 66 64 63 60 59 54 51 31
 8 -14 10 99 98 97 77 69 54 48 47 42 41
 9 -88 17 99 98 97 76 73 72 69 68 64 63 62 60 59 58 55 52 49
 9 -43 13 98 97 77 76 72 69 68 66 64 63 60 49 41
 10 -82 13 101 99 97 76 73 68 63 62 59 55 54 52 49
 6 -28 12 101 99 97 96 77 76 69 66 61 59 51 41
 1 -98 11 98 97 96 76 69 68 64 63 61 55 41
 9 -12 8 100 98 86 76 66 64 59 38
 9 -72 19 101 99 98 97 95 94 91 87 76 73 72 71 69 68 67 66 63 58 51
 5 -18 12 101 98 96 73 72 69 68 66 60 59 52 47
 5 -36 9 97 96 77 76 72 71 64 41 40
 1 -16 15 101 99 98 97 96 94 77 76 66 64 63 61 60 59 58
 1 -13 14 101 97 96 91 85 76 73 72 70 69 68 65 58 50
 4 -98 10 99 97 93 77 76 65 63 61 51 48
 10 -23 6 99 96 76 72 62 41
 7 -2 6 100 77 67 60 49 43
 5 -69 16 101 100 96 95 94 87 86 85 77 76 72 71 70 68 59 58
 3 -88 8 96 77 75 68 65 64 59 47
 3 -78 15 100 97 96 95 89 87 86 77 76 75 73 72 66 63 59
 10 -65 14 101 100 99 98 97 96 95 93 91 87 70 69 58 54
 4 -81 11 100 97 93 90 87 77 76 75 63 57 48
 4 -88 9 99 97 90 89 77 73 70 61 49
 10 -60 12 98 95 94 93 91 89 77 75 66 64 63 60
 6 -94 10 98 94 93 91 88 87 86 68 63 58
 8 -83 9 100 91 88 86 83 73 70 65 58
 7 -6 15 95 94 93 91 89 88 87 86 85 84 76 75 72 71 64
 6 -51 15 97 95 91 90 89 88 87 86 85 84 83 79 74 73 70
 9 -90 13 96 95 92 91 89 87 86 85 84 76 74 71 70
 6 -58 10 101 94 90 88 87 86 75 74 72 63
 6 -64 11 100 99 91 90 88 87 86 82 79 77 63
 3 -28 3 76 63 51
 9 -10 9 96 94 92 91 88 86 85 84 64
 10 -100 8 96 88 85 83 82 75 71 65
 7 -84 10 99 98 89 86 84 83 81 75 74 71
 5 -30 10 90 89 88 86 85 84 83 82 79 70
 5 -25 8 89 85 84 83 81 80 79 65
 6 -70 9 94 89 86 85 84 83 81 75 73
 9 -63 8 88 86 84 82 81 75 72 71
 2 -71 8 95 89 88 87 85 82 81 71
 6 -10 7 87 86 85 82 81 77 71
 8 -86 10 89 88 86 85 84 83 82 81 80 78
 9 -27 8 92 90 89 84 81 80 75 74
 8 -72 8 93 91 90 88 80 79 78 74
 1 -61 7 90 87 86 83 81 79 74
 6 -100 6 91 88 85 81 80 72
 7 -11 5 93 85 82 81 71
 1 -45 4 85 84 83 70
 10 -69 5 83 81 79 78 74
 8 -59 5 95 94 92 87 78
 9 -17 5 92 85 80 79 78
 2 -19 4 96 84 79 75
 1 -14 4 83 80 79 78
 10 -95 3 80 79 75
 5 -43 3 81 80 78
 7 -67 3 80 79 78
 3 -30 2 83 79
 5 -39 2 93 82
 3 -51 1 82
 7 -79 1 78
 7 -26 1 83
 4 -15 1 84
 7 -99 1 102
 10 -7 1 102
 10 -55 1 102
 5 -56 1 102
 4 -10 1 102
 2 -44 1 102
 9 -34 1 102
 7 -7 1 102
 4 -4 1 102
 7 -67 1 102
 9 -71 1 102
 8 -92 1 102
 5 -4 1 102
 8 -23 1 102
 2 -6 1 102
 6 -30 1 102
 1 -47 1 102
 1 -65 1 102
 10 -58 1 102
 4 -78 1 102
 4 -84 1 102
 8 -50 1 102
 1 -78 1 102
 5 -95 1 102
 0 25670 0
