102
 0 -66 10 2 3 5 6 7 8 11 12 14 17
 3 -95 8 30 24 21 16 15 13 10 4
 3 -95 7 24 22 21 20 18 16 9
 6 -72 7 49 28 26 22 20 18 9
 7 -8 6 49 36 26 21 20 9
 10 -71 5 37 29 28 27 10
 6 -66 10 40 39 29 28 27 25 24 22 21 18
 1 -87 9 42 40 39 37 33 28 24 19 16
 10 -23 13 45 42 41 40 39 37 34 33 32 31 29 27 25
 2 -78 9 49 42 40 39 36 32 26 22 19
 9 -46 11 49 42 41 40 39 38 32 30 28 27 23
 4 -15 10 49 41 40 39 38 35 34 28 23 22
 5 -84 12 49 40 38 37 35 34 32 31 29 28 27 26
 4 -43 10 41 40 39 38 35 34 32 31 28 24
 10 -18 11 52 46 41 40 38 37 36 34 31 29 28
 3 -33 9 49 45 41 38 35 32 31 27 26
 3 -29 9 50 49 45 43 40 39 33 26 25
 8 -76 7 41 38 37 35 34 32 31
 1 -33 7 54 45 41 38 35 34 31
 6 -25 7 58 50 45 40 38 35 32
 3 -59 10 67 58 57 55 54 52 46 45 41 34
 2 -47 8 65 57 54 52 46 44 43 31
 1 -95 5 61 45 44 37 31
 8 -52 14 67 65 64 62 61 58 57 55 54 52 49 47 46 43
 8 -58 4 54 53 38 35
 2 -89 11 70 67 61 58 57 55 54 53 47 46 44
 4 -14 10 67 65 61 55 52 50 48 47 46 44
 2 -17 11 78 70 67 61 58 55 54 53 48 47 44
 3 -41 10 74 67 61 57 56 55 53 50 47 44
 7 -26 11 73 70 65 61 60 55 54 53 51 48 44
 6 -43 10 78 71 70 67 62 58 55 53 48 47
 8 -46 8 70 65 57 54 51 48 44 43
 8 -62 13 81 73 67 65 64 63 62 60 59 57 54 52 48
 8 -94 5 56 53 50 47 44
 6 -21 14 81 73 72 71 67 65 64 63 62 61 56 55 52 51
 8 -86 10 81 73 65 63 62 61 59 55 48 45
 8 -44 13 81 74 72 71 69 65 64 63 59 57 56 55 50
 8 -50 10 101 78 74 73 70 65 60 57 55 44
 2 -35 6 78 73 70 68 47 44
 7 -73 4 73 56 47 44
 5 -8 5 69 64 63 59 43
 7 -99 6 85 76 70 69 64 47
 2 -45 18 101 100 96 93 85 84 83 81 80 78 77 76 75 74 73 72 71 68
 2 -29 8 85 81 76 71 64 63 62 59
 6 -90 7 101 80 72 71 69 68 53
 10 -34 8 99 84 83 78 74 73 66 56
 8 -29 5 97 81 72 60 51
 4 -80 7 99 83 80 74 68 66 56
 10 -57 3 71 68 51
 9 -32 13 101 100 96 95 85 84 83 80 78 77 73 70 68
 8 -49 8 101 99 98 84 83 82 80 59
 10 -17 12 99 96 95 93 84 83 82 79 77 75 70 68
 1 -76 6 97 85 76 75 66 64
 6 -13 9 101 96 93 85 83 79 76 71 68
 8 -75 7 96 89 83 82 75 68 66
 2 -36 12 101 100 98 97 96 94 90 85 79 77 76 75
 1 -77 9 100 98 96 94 89 85 82 75 66
 3 -88 4 99 81 72 63
 9 -33 6 100 96 94 89 75 66
 3 -85 10 95 94 93 90 89 84 83 82 80 79
 9 -72 10 98 97 96 92 90 88 84 83 79 76
 3 -41 7 98 93 91 90 89 83 69
 3 -16 8 97 93 89 84 83 82 79 75
 4 -71 10 99 96 95 93 92 91 90 88 87 83
 3 -67 7 94 93 92 90 84 82 79
 10 -91 6 95 93 90 88 79 77
 2 -40 5 93 90 89 79 77
 9 -72 7 98 97 94 92 91 90 86
 6 -38 5 94 88 84 82 79
 10 -83 6 92 91 89 88 87 86
 1 -3 5 98 91 90 89 87
 10 -89 5 95 90 89 88 86
 5 -78 3 91 90 79
 1 -87 3 97 91 79
 10 -3 4 92 91 88 86
 10 -23 3 89 87 82
 8 -2 3 92 87 86
 9 -90 3 89 88 87
 5 -92 2 87 86
 4 -18 2 91 88
 7 -56 2 89 87
 9 -62 1 86
 10 -82 1 86
 1 -17 1 86
 4 -61 1 88
 7 -54 1 102
 6 -49 1 102
 8 -23 1 102
 8 -83 1 102
 4 -35 1 102
 9 -77 1 102
 6 -88 1 102
 10 -93 1 102
 7 -48 1 102
 9 -64 1 102
 6 -11 1 102
 3 -17 1 102
 2 -48 1 102
 6 -25 1 102
 9 -12 1 102
 10 -100 1 102
 0 26740 0
