102
 0 -94 13 2 3 4 5 6 7 8 9 10 12 16 22 24
 5 -93 11 32 26 25 23 19 18 17 15 14 13 11
 4 -19 10 32 31 28 26 23 18 17 15 14 11
 8 -9 13 48 47 45 39 37 34 33 32 31 30 26 20 15
 4 -70 8 45 39 36 30 25 21 18 13
 4 -13 12 48 47 37 36 34 32 31 30 28 27 26 23
 3 -96 8 45 40 32 31 29 27 26 14
 7 -38 5 45 34 29 28 14
 3 -36 6 47 37 29 28 27 17
 3 -76 11 49 48 47 46 45 42 39 38 37 36 27
 1 -85 12 52 51 49 48 47 45 43 38 36 35 30 29
 1 -90 9 51 50 49 48 43 38 35 30 28
 10 -73 6 47 38 34 31 28 27
 5 -87 13 52 51 49 48 44 43 42 41 39 38 37 36 35
 6 -92 5 49 46 40 29 27
 4 -6 4 50 48 28 27
 2 -25 11 52 51 50 48 46 45 43 42 40 35 34
 9 -56 8 51 49 47 46 41 37 34 29
 5 -31 7 55 51 44 41 36 35 28
 8 -33 6 49 44 38 36 35 28
 4 -54 9 53 51 50 49 44 42 41 35 32
 8 -66 11 58 55 53 52 50 49 47 44 42 37 35
 6 -96 9 53 52 51 50 49 46 45 44 38
 4 -16 9 52 51 50 45 44 43 42 41 35
 8 -66 9 58 52 51 44 43 42 41 40 38
 2 -62 9 56 55 53 52 51 50 46 44 42
 1 -31 6 52 51 44 43 41 35
 10 -84 7 70 54 53 52 46 42 40
 7 -84 8 61 56 55 54 53 50 44 42
 6 -25 4 55 44 41 40
 8 -3 4 55 54 52 35
 5 -33 12 74 70 68 64 62 59 57 56 55 54 52 46
 6 -43 10 74 70 67 60 58 57 55 54 52 42
 10 -38 8 68 67 62 58 57 54 53 44
 1 -60 15 83 77 74 73 70 66 65 64 63 62 61 60 59 57 56
 1 -94 9 83 73 70 67 61 60 58 54 50
 9 -19 13 83 77 74 73 70 69 66 65 64 61 60 59 54
 6 -40 10 77 75 74 66 64 61 59 56 55 54
 5 -42 6 82 61 57 56 55 53
 2 -66 11 83 82 77 74 65 64 63 61 60 57 56
 8 -66 13 101 83 82 77 74 73 67 66 65 64 62 61 54
 8 -96 13 100 83 77 73 72 71 69 68 66 65 63 62 59
 1 -63 8 100 77 70 66 62 61 59 55
 9 -37 13 83 82 81 77 74 72 71 70 69 65 64 63 60
 3 0 10 83 82 80 71 70 65 62 61 58 57
 9 -67 10 83 82 75 72 71 69 66 65 63 58
 5 -90 8 101 74 68 67 66 65 57 54
 2 -59 11 101 100 75 73 72 71 68 67 65 63 59
 2 -75 13 100 98 81 80 77 74 73 72 71 69 68 67 62
 7 -95 7 101 82 74 66 65 63 57
 9 -23 11 100 83 81 80 77 75 73 71 69 65 61
 10 -65 14 101 100 98 92 91 83 82 81 80 79 75 73 72 65
 10 -74 9 99 93 79 77 73 72 69 66 65
 5 -77 8 100 97 95 89 87 72 71 63
 3 -69 7 101 95 89 83 81 73 63
 4 -83 8 100 99 91 80 79 71 69 67
 8 -92 12 100 96 95 92 91 89 88 87 81 79 75 72
 4 -73 14 101 100 99 98 97 96 92 91 89 87 85 81 79 77
 8 -28 12 99 95 94 93 92 89 88 85 82 81 79 78
 4 -61 12 100 96 95 94 91 90 89 88 87 85 80 75
 8 -26 8 97 93 92 91 88 78 72 68
 6 -74 10 99 94 92 91 89 88 87 85 79 75
 4 -77 9 99 98 96 93 92 80 79 78 76
 10 -83 10 99 98 95 94 93 89 87 86 85 78
 10 -94 8 97 96 95 89 88 87 85 78
 5 -6 8 98 92 91 90 88 86 85 84
 4 -68 7 96 92 89 88 87 85 78
 7 -56 7 95 94 90 89 87 86 85
 4 -16 5 101 97 88 87 86
 4 -88 5 98 97 93 89 84
 1 -22 3 86 85 78
 7 -41 3 94 85 84
 3 -35 3 94 87 85
 9 -36 3 90 86 84
 3 -68 2 93 78
 5 -64 2 91 88
 4 -9 1 78
 4 -51 1 84
 10 -43 1 90
 3 -10 1 86
 6 -64 1 86
 3 -55 1 87
 7 -4 1 88
 6 -13 1 102
 1 -2 1 102
 1 -43 1 102
 9 -99 1 102
 2 -50 1 102
 7 -1 1 102
 5 -63 1 102
 1 -34 1 102
 8 -86 1 102
 6 -61 1 102
 10 -89 1 102
 2 -35 1 102
 1 -12 1 102
 2 -63 1 102
 6 -93 1 102
 5 -29 1 102
 6 -74 1 102
 5 -38 1 102
 0 27060 0
