102
 0 -35 14 2 3 4 5 6 7 8 9 10 11 12 14 15 18
 4 -16 7 34 30 28 25 19 17 13
 1 -36 10 50 42 29 28 27 26 25 23 22 20
 7 -79 9 42 38 26 24 23 22 20 19 16
 6 -14 8 50 29 27 23 21 20 17 16
 2 -94 10 50 34 32 29 28 27 26 25 23 20
 6 -8 10 42 39 38 34 32 31 29 28 20 19
 10 -42 6 36 27 26 23 19 16
 1 -63 8 32 31 30 29 28 26 25 19
 1 -48 8 41 33 32 31 29 28 25 19
 4 -53 7 47 42 36 29 27 25 21
 3 -31 6 50 42 28 25 23 22
 5 -80 8 53 50 39 36 32 26 23 20
 10 -16 8 57 50 45 34 29 28 25 20
 9 -31 13 54 53 52 50 47 46 44 42 40 39 37 35 31
 10 -79 12 66 57 53 47 46 45 44 43 39 37 34 32
 6 -60 11 57 53 47 46 43 42 41 40 37 36 32
 6 -61 6 57 41 40 37 32 27
 9 -26 12 66 53 52 51 50 47 46 45 44 43 40 37
 4 -65 11 66 59 56 54 52 51 49 47 46 43 35
 1 -13 8 57 56 55 46 41 40 38 33
 1 -15 8 66 57 54 53 48 47 44 32
 2 -89 5 66 47 46 44 31
 1 -34 5 66 51 46 40 29
 9 -65 10 66 59 58 56 55 52 49 46 39 37
 10 -39 7 57 56 55 52 48 46 33
 9 -36 9 71 68 66 56 55 53 45 43 38
 2 -73 8 68 66 62 59 56 46 40 36
 3 -34 8 64 59 58 56 55 53 49 37
 5 -48 11 66 64 63 61 60 59 57 56 55 53 41
 10 -39 9 71 68 60 57 56 55 51 45 43
 4 -25 11 83 71 67 62 61 59 58 55 52 51 49
 9 -84 10 84 77 76 68 67 66 64 62 58 44
 8 -28 7 73 63 61 60 55 51 41
 7 -39 6 73 64 61 60 55 41
 9 -69 10 84 81 77 71 67 63 61 60 55 54
 8 -63 6 83 75 68 61 60 48
 8 -10 7 84 67 65 62 61 54 52
 10 -11 8 76 73 72 70 68 67 63 51
 7 -94 6 83 77 71 64 61 49
 5 -53 16 84 83 82 81 78 77 76 75 74 72 71 70 69 68 67 65
 3 -23 11 99 84 83 81 77 76 74 69 66 64 60
 2 -16 11 100 84 83 80 77 76 73 72 70 63 62
 2 -50 8 83 81 75 74 71 70 63 60
 6 -92 9 96 88 83 75 73 70 69 64 59
 2 -92 8 101 84 82 81 80 69 64 61
 8 -1 6 83 74 72 67 65 58
 10 -38 10 84 82 81 77 73 72 71 69 67 65
 2 -59 9 96 81 80 78 76 75 73 70 63
 3 -45 13 101 98 97 88 83 81 77 75 74 73 70 69 64
 6 -80 12 101 97 88 84 82 81 80 78 75 74 69 64
 5 -61 12 100 97 88 82 80 78 77 76 73 72 70 69
 8 -59 6 100 84 74 73 70 62
 9 -11 13 101 100 99 98 97 95 94 88 83 82 79 74 72
 6 -29 11 101 100 97 94 86 85 82 80 75 74 69
 2 -47 8 98 96 94 82 81 75 69 65
 1 -4 8 100 99 98 96 82 73 69 65
 1 -78 13 100 98 97 96 94 88 87 85 82 81 79 75 70
 10 -36 11 100 99 97 95 82 81 80 79 78 76 72
 9 -68 6 96 82 80 78 72 65
 8 -67 10 100 98 97 88 87 86 78 76 74 70
 5 -25 8 99 98 97 96 82 81 78 69
 10 -90 3 82 69 65
 9 -26 7 100 95 94 87 86 85 79
 7 -50 7 101 97 95 93 88 85 79
 3 -86 5 101 95 93 91 73
 3 -44 4 94 87 85 80
 1 -97 9 101 100 99 96 94 93 92 90 89
 6 -92 3 95 87 79
 10 -14 7 99 95 93 92 91 90 89
 8 -29 6 100 94 92 91 90 88
 4 -34 4 91 87 86 85
 6 -25 4 94 92 86 85
 9 -17 5 96 93 91 90 89
 9 -11 5 99 92 91 90 89
 4 -62 5 94 93 91 90 89
 2 -57 4 96 95 90 86
 6 -92 3 94 92 85
 8 -78 4 92 91 90 89
 10 -14 4 98 92 91 90
 2 -43 3 91 90 86
 4 -2 3 91 90 89
 6 -41 2 93 86
 8 -75 1 85
 9 -66 2 90 89
 8 -94 1 89
 1 -70 1 93
 10 -7 1 89
 1 -42 1 102
 4 -35 1 102
 9 -35 1 102
 9 -64 1 102
 2 -70 1 102
 10 -40 1 102
 2 -40 1 102
 4 -86 1 102
 3 -9 1 102
 4 -99 1 102
 10 -73 1 102
 9 -20 1 102
 6 -52 1 102
 0 24300 0
