102
 0 -13 14 2 3 4 5 6 7 8 9 11 12 13 14 16 17
 1 -81 10 42 33 32 30 27 23 21 20 18 10
 3 -11 10 36 33 32 31 26 24 22 20 19 15
 8 -1 9 33 32 31 30 28 27 22 21 18
 1 -25 5 37 36 28 22 15
 10 -96 7 42 37 36 32 30 29 18
 3 -10 7 36 34 30 28 27 22 20
 9 -58 10 50 40 37 36 34 31 30 29 25 21
 3 -19 8 41 37 36 35 34 30 27 22
 5 -41 9 50 49 47 36 35 34 31 24 22
 7 -11 8 63 41 37 36 33 30 27 22
 2 -23 10 50 49 47 42 40 35 34 31 29 24
 6 -19 5 40 36 35 25 20
 9 -25 10 54 50 49 44 40 38 36 35 31 30
 3 -37 6 43 40 35 34 30 27
 5 -66 11 72 56 53 50 49 46 45 40 38 36 24
 7 -50 7 63 50 43 37 33 30 29
 1 -72 7 56 49 47 46 35 34 24
 5 -49 12 55 54 53 50 49 47 44 43 41 39 38 35
 9 -27 8 63 49 47 45 43 39 37 29
 5 -94 10 56 55 54 46 44 43 41 39 38 35
 7 -22 5 55 54 43 40 29
 3 -80 13 68 64 59 56 55 54 53 50 48 47 44 43 41
 7 -72 11 64 63 59 55 54 52 48 44 43 41 39
 10 -39 9 72 68 64 55 54 44 43 41 38
 1 -76 9 72 68 67 56 50 43 42 41 38
 6 -34 11 72 66 60 59 57 54 52 50 49 46 45
 1 -18 11 77 72 68 62 59 56 54 52 48 44 41
 7 -2 9 77 72 62 60 58 56 46 44 38
 1 -73 9 65 64 59 57 55 53 48 47 39
 4 -1 9 72 63 55 53 52 48 45 43 41
 5 -62 12 68 64 62 57 56 55 53 52 51 50 49 44
 4 -37 10 72 68 62 60 58 55 54 51 44 40
 1 -66 7 77 72 68 64 62 44 38
 7 -68 9 77 72 65 63 58 57 52 48 45
 4 -100 9 77 73 67 62 61 60 59 57 51
 3 -58 8 73 69 68 67 62 60 53 51
 4 -21 5 65 59 57 52 48
 8 -10 9 101 98 81 77 68 67 66 60 58
 5 -91 7 99 77 71 69 66 64 52
 10 -6 7 81 80 66 61 60 58 57
 4 -76 7 76 66 65 62 61 60 57
 1 -76 8 101 100 78 77 70 62 61 58
 5 -27 11 100 99 84 81 78 73 71 70 69 67 61
 4 -74 10 101 100 97 78 76 73 69 64 62 61
 3 -45 11 101 100 97 84 80 76 73 70 69 68 61
 7 -89 13 101 100 99 98 84 81 80 75 73 72 71 70 69
 2 -44 5 99 79 75 70 51
 1 -62 5 101 75 70 67 58
 2 -100 12 100 99 98 97 96 95 84 79 78 77 76 69
 10 -11 11 101 98 95 92 84 83 82 81 74 71 66
 6 -83 9 101 97 84 82 81 80 76 73 61
 9 -30 9 99 97 83 81 80 77 76 70 61
 1 -48 7 99 97 78 76 75 70 65
 10 -74 9 101 100 98 97 94 78 75 70 69
 6 -89 10 100 99 97 89 84 83 82 78 75 70
 4 -68 8 101 100 99 94 91 75 70 69
 2 -6 7 99 96 95 92 84 71 69
 3 -20 14 99 98 96 95 94 93 92 90 89 87 83 82 79 78
 1 -55 7 94 89 83 82 78 75 70
 5 -7 10 98 96 95 94 91 89 86 79 75 74
 8 -3 9 95 94 93 92 84 82 81 80 74
 3 -32 9 101 99 96 95 87 86 80 76 75
 1 -74 8 98 93 92 91 89 83 82 70
 1 -55 10 98 95 94 93 92 90 89 83 82 79
 10 -9 9 100 97 96 93 90 88 87 86 78
 1 -17 7 95 92 90 87 86 80 79
 3 -79 7 99 96 94 92 87 86 78
 1 -21 5 93 89 83 82 74
 6 -96 5 96 95 88 86 74
 3 -97 5 97 91 87 85 76
 4 -87 6 97 94 90 89 87 86
 8 -41 5 96 93 90 88 85
 4 -48 3 90 87 85
 3 -77 3 93 92 85
 7 -98 3 94 89 88
 7 -56 3 94 92 87
 10 -35 2 91 85
 6 -22 2 88 85
 10 -78 2 91 89
 4 -94 2 88 86
 5 -61 1 86
 7 -79 1 86
 5 -81 1 85
 4 -93 1 102
 4 -91 1 102
 9 -56 1 102
 8 -100 1 102
 6 -78 1 102
 8 -37 1 102
 1 -48 1 102
 5 -1 1 102
 2 -41 1 102
 5 -99 1 102
 1 -40 1 102
 4 -100 1 102
 7 -17 1 102
 2 -18 1 102
 3 -26 1 102
 7 -73 1 102
 9 -62 1 102
 0 25840 0
