102
 0 -73 19 2 3 4 5 6 7 8 9 10 11 13 14 15 16 17 18 19 26 28
 2 -48 18 59 52 49 47 44 42 41 39 37 34 33 32 31 30 29 25 24 23
 9 -24 12 70 49 48 41 40 37 35 33 29 24 23 12
 3 -51 16 69 62 59 55 53 52 48 47 41 38 37 35 34 32 29 20
 6 -32 12 62 52 49 47 43 42 41 38 37 32 21 20
 1 -52 8 51 49 42 41 37 33 24 12
 2 -12 12 70 69 52 49 48 44 42 41 38 24 22 20
 2 -86 18 101 100 65 61 59 58 55 53 51 47 45 43 41 40 38 37 31 30
 5 -4 14 70 62 57 52 47 45 43 42 41 39 38 37 34 27
 5 -50 11 61 59 55 49 47 41 37 33 31 30 23
 7 -61 12 101 100 69 57 51 49 46 40 38 36 35 22
 10 -6 13 101 79 59 58 56 55 52 47 45 43 38 34 31
 4 -62 10 100 59 58 56 47 45 44 41 33 31
 5 -97 10 101 70 69 57 56 50 46 41 40 23
 7 -92 16 101 100 99 79 70 68 65 61 57 56 53 52 49 47 41 38
 7 -54 14 101 100 99 98 79 65 61 58 57 50 49 46 43 38
 2 -98 14 100 99 79 70 69 68 65 64 60 55 54 49 41 35
 3 -59 12 100 97 78 76 70 69 61 58 56 54 51 31
 5 0 13 101 100 98 79 76 68 65 61 58 57 47 41 38
 2 -20 11 101 100 99 97 79 78 64 58 56 54 31
 3 -82 10 99 97 76 65 63 58 57 55 40 35
 4 -13 10 79 78 77 72 65 54 50 47 45 37
 7 -54 11 99 98 79 75 68 67 63 60 53 45 38
 8 -18 15 100 98 97 79 78 76 74 72 65 63 58 56 55 54 50
 7 -77 10 99 98 95 79 77 69 68 56 50 38
 3 -46 11 99 96 78 77 76 67 56 54 53 52 50
 5 -68 17 101 98 97 92 90 87 79 78 77 76 74 69 68 64 63 58 55
 2 -49 12 101 99 98 97 96 92 76 72 64 57 50 46
 6 -72 11 100 97 92 74 72 67 65 60 57 51 46
 4 -42 18 99 97 96 95 94 92 79 76 75 74 73 72 70 69 68 66 63 57
 8 -7 11 98 96 92 74 72 67 63 60 57 50 46
 10 -54 10 98 96 74 65 63 58 56 54 50 45
 4 -51 9 99 98 97 95 76 75 73 65 38
 9 -37 12 100 98 97 78 74 73 72 65 64 63 61 54
 2 -24 14 98 96 95 92 91 85 78 77 74 73 72 67 61 50
 6 -70 12 98 97 96 94 92 90 89 73 72 67 64 60
 5 -45 11 99 98 96 93 92 76 75 74 68 66 56
 5 -62 7 96 93 78 74 72 64 54
 5 -26 12 101 96 94 93 92 91 88 79 74 73 71 66
 8 0 7 95 93 74 73 71 68 54
 6 -47 14 97 95 94 92 91 88 86 85 84 81 74 73 67 66
 5 -51 10 100 95 93 92 84 74 73 72 71 66
 4 -22 8 94 92 82 74 72 69 66 60
 3 -97 13 99 98 97 92 91 89 87 85 83 79 77 73 72
 1 -30 11 97 92 91 88 84 82 81 80 76 71 66
 9 -94 7 95 94 80 73 71 68 66
 8 -13 9 97 95 93 92 91 90 87 82 63
 8 -56 5 97 95 94 63 61
 1 -10 9 95 94 90 84 82 81 80 76 71
 9 -53 7 93 88 86 82 81 75 66
 10 -42 7 96 93 88 82 81 75 66
 4 -14 9 98 97 94 93 86 85 84 82 74
 2 -85 7 91 89 87 85 83 73 72
 6 -34 6 94 92 91 86 82 66
 5 -60 8 96 88 86 85 84 81 80 73
 10 -91 6 88 84 83 80 73 71
 5 -90 7 90 88 87 85 84 82 77
 6 -90 7 95 94 91 89 86 84 75
 10 -1 7 93 89 85 83 82 81 74
 10 -1 7 95 93 91 87 86 81 80
 3 -93 6 87 84 83 82 81 75
 9 -63 5 93 85 82 80 72
 1 -99 4 84 81 80 71
 6 -69 4 84 81 80 71
 4 -22 4 88 84 81 71
 8 -62 4 90 89 87 83
 8 -85 4 87 83 82 80
 5 -91 3 91 84 81
 4 -37 3 83 81 80
 8 -49 3 83 81 80
 9 -63 2 86 85
 5 -25 2 88 81
 4 -69 1 82
 7 -90 1 80
 4 -74 1 80
 2 -57 1 83
 5 -48 1 80
 2 -8 1 82
 10 -50 1 84
 4 0 1 102
 9 -36 1 102
 9 -31 1 102
 4 -51 1 102
 10 -42 1 102
 2 -11 1 102
 8 -71 1 102
 3 -41 1 102
 1 -32 1 102
 1 -8 1 102
 7 -91 1 102
 5 -79 1 102
 5 -43 1 102
 4 -59 1 102
 5 -70 1 102
 8 -64 1 102
 7 -57 1 102
 1 -82 1 102
 5 -88 1 102
 7 -62 1 102
 1 -46 1 102
 2 -53 1 102
 0 25650 0
