92
 0 -2 23 2 3 4 5 6 7 8 9 10 11 12 13 14 15 17 18 19 20 21 24 27 32 33
 4 -64 14 57 51 50 49 47 44 42 39 38 36 34 31 30 16
 8 -36 13 57 54 51 50 49 48 46 44 39 38 36 26 22
 4 -98 19 67 63 57 56 55 54 53 51 48 47 46 44 43 42 41 40 39 35 34
 9 -34 15 57 55 54 53 51 50 49 48 47 46 44 38 34 31 29
 2 -54 15 57 56 55 53 51 50 47 46 44 42 39 37 36 34 29
 10 -34 9 63 50 44 40 39 38 25 23 22
 4 -92 11 57 55 53 50 47 45 39 37 36 29 28
 6 -8 13 90 57 56 53 51 50 47 42 39 38 37 36 29
 9 -10 13 56 55 54 53 52 49 48 47 46 45 41 38 29
 6 -64 12 91 90 89 67 57 56 50 49 43 42 39 36
 2 -47 13 90 89 88 86 65 63 56 54 53 47 46 43 36
 5 -5 12 90 67 66 62 59 58 56 53 52 49 47 37
 3 -9 10 90 89 88 66 58 54 53 49 47 29
 10 -86 12 71 70 67 66 63 58 53 52 49 45 40 34
 4 -77 14 89 87 71 68 67 65 64 63 55 54 53 52 46 43
 4 -74 11 90 89 86 67 62 56 54 53 47 40 36
 2 -43 10 91 90 71 67 58 56 46 43 39 37
 2 -81 16 91 89 85 71 67 66 62 60 59 58 56 55 54 49 44 42
 8 -37 12 87 68 67 66 58 57 56 55 52 50 47 43
 2 -39 10 91 89 71 57 52 49 46 44 43 42
 10 -11 11 70 68 66 60 58 56 55 53 52 45 42
 1 -65 11 91 88 71 67 59 58 56 54 49 45 42
 8 -89 10 91 87 68 66 61 60 57 54 38 35
 8 -83 14 91 89 85 69 67 66 65 62 61 59 58 57 54 52
 1 -56 11 88 87 86 83 67 66 64 56 55 47 43
 7 -69 14 89 88 87 86 85 83 69 68 67 66 65 59 58 47
 10 -58 11 91 90 89 88 85 62 61 58 56 54 42
 10 -43 12 91 87 86 83 71 67 65 64 63 61 60 43
 5 -2 13 90 89 87 86 85 83 77 70 67 62 59 58 56
 5 -97 12 91 87 85 84 78 74 71 68 67 66 56 52
 4 -78 11 89 87 85 83 68 67 62 58 57 56 55
 9 -50 8 91 88 71 66 64 60 56 42
 10 -3 14 91 90 88 87 86 85 83 82 68 65 64 62 61 59
 4 -73 14 90 89 86 85 84 83 82 80 78 77 70 69 65 58
 5 -16 12 87 85 84 83 78 71 70 69 68 66 60 58
 6 -22 12 89 88 87 85 84 81 80 69 65 64 61 54
 8 -52 10 89 88 86 85 83 82 78 70 67 58
 3 -53 7 85 81 69 64 62 61 52
 5 -66 12 88 87 85 82 80 79 76 75 73 72 61 59
 7 -24 10 90 88 86 83 80 78 77 75 70 58
 8 -65 13 87 86 84 83 82 80 78 77 76 74 72 69 65
 3 -97 8 85 82 80 79 77 73 62 59
 10 -71 10 90 82 81 80 77 75 74 72 69 64
 8 -24 10 89 85 83 80 79 76 75 73 72 61
 2 -34 7 85 83 82 75 72 66 61
 4 -74 6 84 82 81 71 70 60
 1 -18 11 87 85 84 82 80 78 77 76 74 73 72
 7 -37 9 84 81 79 78 76 75 74 73 68
 7 -63 7 83 81 79 75 72 69 61
 5 -32 8 84 80 79 78 75 74 72 69
 3 -78 8 88 86 83 77 76 75 73 72
 5 -58 5 91 79 75 72 61
 9 -82 6 82 78 76 74 72 70
 8 -51 6 90 80 77 75 73 72
 9 -86 5 82 81 80 72 69
 9 -32 5 80 75 74 72 70
 9 -87 4 81 74 72 64
 5 -11 4 84 81 78 74
 6 -12 4 80 75 74 72
 7 -4 3 78 77 74
 7 -82 3 76 75 72
 4 -17 2 75 69
 8 -70 2 79 76
 7 -5 2 75 73
 1 -33 2 76 73
 9 -24 2 80 72
 9 -90 2 77 72
 10 -1 1 73
 10 -88 1 73
 2 -55 1 79
 3 -69 1 92
 3 -53 1 92
 1 -36 1 92
 9 -81 1 92
 6 -22 1 92
 5 -23 1 92
 5 -39 1 92
 5 -20 1 92
 4 -15 1 92
 5 -54 1 92
 10 -3 1 92
 1 -32 1 92
 8 -33 1 92
 1 -30 1 92
 7 -34 1 92
 10 -65 1 92
 6 -65 1 92
 9 -1 1 92
 7 -35 1 92
 6 -32 1 92
 0 21135 0
