102
 0 -50 13 2 3 4 5 6 8 9 10 12 13 17 18 20
 9 -98 12 42 34 33 32 31 29 28 27 23 22 15 14
 6 -52 7 54 40 39 31 28 19 7
 4 -74 10 42 34 32 31 29 26 24 23 21 14
 10 -65 12 44 42 40 39 34 32 31 28 27 24 23 19
 6 -59 10 54 44 42 41 38 36 34 28 23 16
 4 -36 8 42 38 34 26 25 24 23 22
 8 -86 4 37 30 25 11
 4 -28 11 57 54 50 42 39 37 35 33 31 30 25
 1 -24 9 54 50 42 40 38 35 26 25 23
 3 -91 11 57 54 50 47 42 41 40 38 36 35 26
 10 -33 11 57 54 50 47 46 42 40 36 30 27 26
 3 -27 9 57 50 45 44 39 38 37 26 22
 6 -10 13 57 55 51 50 45 43 41 40 38 37 36 35 30
 8 -64 5 57 50 35 25 21
 10 -10 8 57 50 49 39 37 35 33 26
 6 -62 8 57 54 51 50 43 42 35 27
 6 -9 9 57 55 51 45 43 41 40 36 35
 10 -39 6 50 45 38 37 36 26
 1 -2 9 62 61 55 48 47 45 44 41 37
 8 -19 8 62 55 51 47 46 45 39 37
 1 -61 7 59 55 49 48 47 41 35
 7 -67 10 62 58 57 51 49 48 47 46 45 37
 9 -66 6 52 51 50 45 36 30
 7 -16 8 68 66 62 56 55 44 43 41
 7 -10 14 85 66 65 64 62 60 59 58 56 55 53 52 51 43
 6 -32 8 65 62 61 56 49 48 45 41
 1 -18 8 68 66 62 55 51 47 46 43
 4 -51 7 68 63 56 50 45 44 41
 5 -21 11 68 65 64 63 60 59 58 56 53 49 48
 2 -86 7 68 61 53 52 49 47 46
 2 -59 10 65 64 63 59 58 56 54 53 52 49
 6 -71 9 64 62 59 58 56 55 53 51 43
 2 -31 10 85 73 65 64 63 62 61 56 53 48
 2 -13 9 76 73 70 68 66 64 62 61 46
 3 -15 8 73 68 63 61 56 53 49 48
 3 -13 9 79 68 66 65 64 63 56 53 52
 10 -59 9 85 80 68 66 65 64 62 59 53
 7 -15 9 85 74 65 64 61 60 59 58 56
 7 -87 10 85 79 76 74 73 69 65 64 63 56
 5 -64 6 72 64 60 58 53 52
 6 0 6 69 68 64 63 56 45
 7 -85 6 72 71 69 63 61 48
 2 -46 11 101 85 80 79 76 74 70 69 67 65 64
 7 -21 9 101 100 80 74 73 72 70 67 59
 2 -47 3 69 65 56
 9 -31 6 85 75 74 73 64 63
 8 -93 11 100 99 83 82 81 80 77 76 75 74 67
 6 -69 10 101 100 98 97 96 85 81 79 69 66
 8 -75 7 82 77 76 74 71 67 64
 4 -52 8 101 82 81 80 75 70 69 67
 6 -46 10 101 100 99 81 80 78 77 76 74 70
 1 -68 7 81 76 75 74 71 69 67
 9 -24 7 101 100 82 74 70 69 67
 6 -81 10 100 97 89 82 81 78 77 76 74 69
 2 -19 9 101 100 96 83 82 81 80 77 67
 4 -61 8 100 99 96 82 81 80 71 67
 9 -90 7 100 95 83 79 76 73 67
 8 -63 13 99 98 97 95 94 89 82 81 79 78 77 76 75
 2 -91 11 98 95 94 89 88 84 83 79 78 76 73
 2 -66 12 100 97 96 95 94 89 88 83 82 81 79 78
 8 -17 9 101 99 98 97 96 89 84 78 74
 7 -59 7 101 94 89 88 84 82 70
 8 -10 9 100 99 98 96 94 88 83 81 78
 6 -17 5 84 82 75 72 71
 9 -20 7 95 94 89 84 78 77 75
 3 -22 7 98 97 94 89 88 84 78
 6 -5 5 100 96 93 84 74
 5 -89 8 99 94 93 92 88 87 84 83
 10 -62 8 98 97 96 93 92 87 86 83
 7 -37 7 95 94 92 88 87 86 83
 6 -22 6 94 93 89 88 87 86
 7 -84 5 99 97 92 87 82
 1 -99 6 95 94 92 91 88 86
 1 -89 5 93 92 91 88 86
 10 -26 5 96 93 92 90 87
 2 -40 5 93 92 91 88 86
 3 -3 4 93 92 87 86
 9 -21 4 93 92 87 86
 5 -45 3 95 87 86
 7 -78 2 93 84
 5 -96 2 91 86
 1 -86 2 91 90
 9 -33 1 86
 3 -69 1 86
 6 -49 1 90
 5 -22 1 91
 3 -26 1 90
 9 -37 1 91
 7 -39 1 102
 1 -61 1 102
 4 -74 1 102
 8 -58 1 102
 8 -86 1 102
 3 -58 1 102
 4 -2 1 102
 9 -40 1 102
 1 -31 1 102
 9 -82 1 102
 2 -91 1 102
 1 -84 1 102
 0 24450 0
