102
 0 -49 7 2 3 4 5 7 8 9
 2 -21 5 20 14 13 10 6
 3 -67 4 26 11 10 6
 10 -38 4 23 16 11 10
 6 -60 3 22 15 12
 7 -92 9 36 30 25 24 23 22 21 19 17
 10 -36 6 36 30 23 22 19 18
 9 -42 7 36 26 25 24 23 19 17
 5 -86 5 26 23 20 19 18
 4 -74 7 36 32 28 27 25 24 19
 8 -20 4 36 21 19 17
 4 -99 5 36 32 26 21 20
 7 -18 7 39 36 32 30 27 26 25
 1 -76 5 41 28 26 24 23
 5 -100 4 30 23 21 19
 9 -80 5 36 35 28 27 19
 3 -31 8 41 35 33 32 31 29 28 27
 1 -29 5 37 32 28 25 21
 7 -27 7 41 38 37 34 33 31 29
 10 -93 6 38 37 34 33 31 28
 7 -18 6 41 38 35 33 31 29
 10 -70 7 45 41 40 39 35 33 32
 6 -65 3 40 32 27
 2 -85 5 40 39 35 33 31
 3 -2 5 45 41 40 38 35
 6 -81 4 40 38 33 31
 1 -32 4 45 38 37 34
 1 -23 5 46 45 43 40 39
 5 -26 3 46 44 40
 6 -31 3 46 43 42
 2 -45 5 55 50 47 45 43
 2 -56 2 43 42
 6 -79 4 55 51 50 43
 2 -59 4 59 52 48 42
 8 -47 3 52 46 42
 2 -91 8 59 56 55 52 50 49 48 47
 2 -5 3 55 50 43
 9 -74 7 58 56 55 52 49 47 46
 4 -25 5 53 50 49 47 44
 1 -63 2 48 42
 2 -86 2 58 43
 3 -72 6 67 56 55 50 49 47
 1 -88 3 49 48 44
 2 -82 7 67 65 61 59 57 56 52
 4 -46 7 66 65 60 58 56 54 53
 1 -41 6 65 60 59 57 54 53
 8 -41 5 63 60 57 54 51
 7 -70 6 70 66 65 61 60 53
 1 -34 3 65 57 54
 2 -31 6 70 66 63 62 60 58
 7 -38 6 71 70 69 66 65 61
 1 -82 4 66 63 62 60
 2 -64 6 77 71 69 67 64 63
 5 -94 5 74 71 70 69 61
 10 -38 7 79 78 73 71 69 68 66
 8 -20 9 79 78 77 75 73 72 71 69 68
 1 -62 8 78 77 76 75 73 71 68 64
 8 -78 7 78 77 75 74 69 68 64
 10 -7 5 76 74 70 68 66
 10 -29 4 78 74 69 64
 7 -39 3 76 72 62
 9 -13 3 78 77 68
 1 -36 3 78 75 68
 1 -5 5 84 82 81 79 72
 5 -91 5 81 80 79 78 75
 7 -27 3 77 75 72
 9 -28 4 85 84 83 74
 10 -84 7 91 85 84 83 82 81 80
 7 -30 5 91 85 83 80 76
 10 -82 3 79 78 75
 7 -62 6 91 84 83 82 81 80
 5 -21 5 93 91 85 83 80
 10 -77 5 93 91 85 83 80
 10 -76 4 91 82 81 80
 6 -25 5 90 85 84 83 82
 5 -3 3 90 82 81
 7 -1 2 83 80
 3 -73 6 93 92 90 89 88 87
 9 -74 3 90 86 85
 6 -12 4 96 90 89 86
 7 -32 3 89 87 86
 2 -75 6 99 96 93 92 89 88
 7 -13 4 99 92 89 87
 2 -86 4 99 89 88 87
 4 -60 4 99 96 89 88
 10 -37 3 99 92 88
 10 -58 5 101 100 96 95 94
 9 -59 3 100 95 94
 7 -54 3 101 97 94
 5 -100 3 100 99 94
 1 -44 3 101 99 94
 10 -98 2 97 94
 7 -33 1 95
 9 -3 1 98
 5 -44 1 97
 5 -78 1 97
 2 -21 1 102
 6 -48 1 102
 7 -93 1 102
 2 -11 1 102
 2 -15 1 102
 0 25695 0
