102
 0 -8 13 2 3 4 5 6 7 8 9 10 11 15 16 18
 2 -51 11 33 31 30 26 25 24 23 22 21 17 14
 9 -26 7 38 30 25 22 21 13 12
 2 -100 8 46 33 32 31 24 22 19 13
 1 -81 8 44 37 36 34 33 24 23 20
 4 -80 10 48 43 38 37 36 32 29 28 24 22
 7 -37 4 32 31 28 17
 4 -51 10 48 46 45 43 38 36 34 32 28 24
 7 -67 9 48 45 43 39 38 37 34 33 22
 7 -24 9 46 44 41 39 38 36 35 31 27
 2 -50 3 33 25 14
 4 -84 10 48 46 42 41 39 37 35 33 31 29
 2 -24 5 43 36 29 28 27
 7 -21 9 53 49 48 46 45 44 36 34 28
 4 -52 8 47 44 41 39 38 35 32 27
 6 -37 4 46 45 38 22
 2 -94 11 60 53 50 49 48 46 44 38 37 36 35
 6 0 8 53 49 45 44 41 36 35 32
 5 -25 10 53 50 49 48 47 45 44 42 37 35
 2 -100 5 47 46 45 38 28
 4 -75 4 40 39 32 29
 3 -56 10 58 54 53 50 49 47 44 42 41 35
 5 -44 7 60 54 48 45 43 41 35
 4 -13 8 60 58 54 50 47 41 40 39
 7 -1 6 57 50 45 44 42 35
 1 -94 9 72 68 60 54 53 51 47 45 37
 9 -85 6 50 49 48 42 40 37
 6 -10 4 50 42 41 35
 8 -73 9 62 56 54 53 51 49 47 45 44
 3 -16 12 68 65 62 61 60 58 57 56 53 52 48 47
 5 -33 7 72 68 57 50 47 45 40
 10 -82 6 66 64 59 58 52 42
 6 -41 5 72 68 58 57 40
 9 -13 11 80 79 72 65 64 61 59 57 52 51 50
 6 -94 4 68 56 51 40
 5 -9 6 65 57 54 52 51 47
 7 -50 14 80 78 71 70 67 66 65 64 63 62 61 59 57 56
 1 -9 11 80 70 68 65 64 63 62 59 56 55 54
 8 -20 11 80 72 69 68 66 64 63 59 57 55 53
 8 -65 11 88 80 71 69 67 66 65 64 62 59 52
 8 -45 11 80 79 74 72 68 66 64 63 57 56 55
 1 -92 12 88 86 80 79 74 70 67 65 61 60 56 55
 1 -47 5 99 88 79 59 50
 3 -34 12 88 87 79 78 76 72 70 69 67 65 64 63
 4 -32 10 99 88 85 80 78 69 66 63 59 58
 8 -4 9 88 80 79 76 73 70 64 58 55
 2 -65 10 88 80 76 75 74 70 69 67 64 55
 3 -43 9 88 85 79 78 77 73 72 66 59
 4 -88 12 100 88 87 85 80 78 76 75 74 69 68 67
 4 -92 6 78 75 74 70 67 56
 1 -27 13 100 99 96 87 85 83 81 78 77 75 74 73 66
 2 -48 10 99 87 85 84 82 78 77 76 70 63
 5 -61 9 97 85 83 79 77 75 74 70 67
 7 -55 6 87 86 85 77 67 61
 1 -72 13 101 99 98 97 96 95 94 85 83 82 78 77 71
 1 -1 8 101 98 87 85 81 76 73 69
 2 -43 11 99 98 97 95 93 88 87 86 85 82 76
 6 -93 11 101 97 96 95 94 87 84 83 81 77 75
 1 -65 7 100 87 84 82 76 75 74
 1 -41 12 97 96 95 94 93 87 85 84 83 82 81 77
 2 -55 11 101 99 98 97 96 93 92 84 83 82 81
 8 -41 8 101 98 95 94 93 87 81 79
 4 -15 4 98 81 75 73
 7 -37 10 99 97 96 95 94 93 92 91 89 84
 4 -51 6 99 93 91 85 82 73
 10 -37 8 101 97 95 93 91 89 84 82
 4 -79 7 96 95 94 93 91 84 81
 7 -42 7 99 97 96 94 93 83 82
 5 -73 5 95 94 93 82 77
 10 -86 6 100 95 94 92 91 81
 10 -16 5 100 92 91 84 81
 6 -89 5 92 91 83 82 81
 4 -99 5 97 95 92 90 89
 7 -61 5 98 94 92 91 90
 6 -18 4 93 90 89 86
 8 -2 4 96 94 90 83
 2 -88 4 92 91 90 89
 7 -72 4 93 92 91 89
 4 -42 4 92 91 90 89
 10 -48 4 98 96 94 91
 1 -99 1 89
 4 -87 1 90
 6 -73 1 89
 1 -47 1 90
 7 -69 1 92
 7 -67 1 91
 9 -31 1 92
 8 -16 1 89
 6 -39 1 102
 4 -30 1 102
 1 -16 1 102
 9 -24 1 102
 1 -67 1 102
 5 -11 1 102
 1 -98 1 102
 5 -28 1 102
 1 -32 1 102
 5 -49 1 102
 4 -90 1 102
 8 -53 1 102
 8 -39 1 102
 0 25295 0
