102
 0 -78 24 2 3 4 5 6 8 9 10 11 12 13 14 15 16 18 19 21 22 23 24 28 32 33 34
 10 -35 8 55 51 43 38 30 27 17 7
 1 -17 12 56 51 49 46 45 44 41 40 35 30 25 20
 10 -49 20 101 79 65 63 60 59 56 55 54 53 47 45 44 43 42 41 40 38 35 29
 7 -49 13 79 63 59 56 51 50 49 47 46 42 31 26 25
 1 0 12 65 63 52 49 47 40 39 38 35 30 29 27
 8 -5 15 101 79 65 60 59 56 49 47 45 44 42 41 40 35 29
 5 -61 13 78 72 64 60 59 54 51 50 45 40 39 38 36
 10 -14 8 79 54 53 52 49 39 30 26
 4 -77 12 68 65 61 58 55 52 50 48 47 46 41 31
 5 -67 10 64 63 60 56 51 45 42 40 38 27
 4 -62 11 101 100 65 64 55 54 53 52 49 40 30
 8 -43 15 100 79 72 71 65 64 63 62 59 51 49 46 45 44 37
 7 -62 10 69 63 61 60 59 58 50 48 43 27
 4 -1 9 100 72 64 59 55 52 41 40 30
 1 -63 15 101 71 69 66 64 61 60 59 54 50 48 47 46 45 40
 3 -27 14 101 100 79 78 72 64 63 62 60 59 54 45 42 40
 6 -90 9 100 97 76 65 64 56 54 49 30
 2 -38 9 72 69 65 63 58 49 48 45 27
 1 -20 15 101 97 77 76 72 66 65 64 63 60 59 57 50 47 37
 9 -5 12 101 100 97 79 78 60 58 50 49 45 44 39
 3 -11 14 79 78 71 69 66 63 59 57 54 52 50 49 47 40
 1 -33 16 101 100 99 97 96 78 76 70 69 65 60 59 58 50 49 42
 3 -70 9 99 96 72 65 60 51 50 41 39
 7 -74 9 100 95 94 91 66 58 54 43 39
 7 -34 10 100 70 65 62 61 60 58 57 44 43
 5 -59 15 101 100 97 96 93 79 76 75 74 68 66 62 57 54 46
 7 -36 17 97 96 95 92 77 76 75 74 71 69 68 63 62 61 58 57 54
 6 0 12 96 76 75 72 70 69 66 61 58 50 48 46
 8 -11 10 99 98 78 69 68 61 60 58 50 42
 8 -22 13 101 100 98 97 94 92 77 72 71 69 64 54 45
 5 -56 11 101 99 92 77 74 71 69 64 60 57 40
 5 -29 8 99 98 97 95 76 61 56 42
 7 -64 14 99 98 96 94 93 92 91 75 74 70 69 68 66 51
 3 -9 18 100 97 96 95 94 93 92 91 89 76 74 73 71 69 66 64 62 58
 1 -8 13 101 100 95 93 92 77 76 74 71 70 66 58 49
 5 -56 12 96 95 92 91 90 89 74 69 68 67 58 54
 6 -60 13 97 94 92 91 89 87 85 77 76 74 73 67 61
 6 -16 9 98 92 84 77 76 69 68 61 55
 3 -74 12 97 96 95 94 93 91 89 88 76 68 67 58
 10 -79 14 97 95 94 92 91 89 85 83 82 76 75 74 69 66
 8 -52 9 92 87 77 75 74 71 67 66 57
 2 -61 13 97 96 92 87 85 83 78 76 75 74 73 71 67
 5 -40 12 98 96 94 91 89 86 84 83 73 68 67 66
 6 -1 8 99 96 90 87 75 74 67 57
 7 -53 12 95 94 92 91 89 88 85 84 81 78 77 67
 8 -19 14 100 96 95 93 92 90 89 88 87 86 84 83 82 75
 1 -68 7 95 92 88 87 80 74 57
 3 -27 9 98 89 86 84 83 75 73 68 67
 1 -92 8 95 94 91 87 86 83 74 62
 7 -72 8 97 95 86 85 77 76 73 67
 4 -79 11 98 96 93 91 88 85 83 82 81 80 76
 5 -81 8 97 94 91 88 82 75 73 68
 3 -64 8 99 88 86 84 83 82 73 70
 3 -13 8 93 90 89 87 86 83 73 70
 3 -16 7 96 94 90 86 83 82 69
 1 -56 7 91 89 85 84 83 82 73
 7 -89 7 87 86 85 84 83 81 80
 1 -97 7 94 89 87 86 84 82 80
 3 -89 6 95 93 84 82 81 75
 5 -87 6 93 90 88 86 82 80
 6 -10 4 88 85 84 67
 2 -93 5 98 85 84 83 82
 3 -13 4 88 85 84 80
 4 -77 3 94 80 73
 2 -82 3 88 81 80
 6 -72 2 82 80
 5 -56 2 87 85
 4 -73 2 87 81
 1 -32 2 81 80
 8 -39 2 86 81
 4 -40 2 93 80
 3 -58 1 81
 4 -63 1 84
 6 -19 1 80
 7 -69 1 90
 10 -81 1 83
 10 -10 1 86
 1 -16 1 80
 4 -64 1 102
 8 -27 1 102
 7 -81 1 102
 9 -89 1 102
 10 -20 1 102
 7 -73 1 102
 1 -99 1 102
 5 -43 1 102
 2 -3 1 102
 4 -62 1 102
 2 -61 1 102
 7 -15 1 102
 6 -70 1 102
 2 -19 1 102
 8 -74 1 102
 10 -71 1 102
 5 -76 1 102
 10 -97 1 102
 8 -85 1 102
 5 -18 1 102
 7 -37 1 102
 6 -23 1 102
 0 24650 0
