102
 0 -85 21 2 3 4 6 7 9 10 12 14 16 18 19 20 22 26 28 30 32 33 34 39
 5 -96 9 58 43 38 31 29 25 21 11 5
 1 -68 10 53 51 44 43 38 35 29 25 23 8
 5 -25 11 70 68 67 48 47 46 40 29 27 24 13
 6 -63 11 57 56 53 52 47 46 44 41 27 24 17
 5 -29 10 67 57 55 54 53 47 46 41 24 15
 2 -55 17 70 68 67 66 63 58 57 55 52 51 49 48 47 44 41 40 24
 3 -99 14 70 68 67 63 57 54 52 50 49 48 42 37 31 24
 9 -6 14 101 98 70 67 63 60 54 53 47 46 44 40 36 31
 6 -43 18 101 99 67 66 65 64 63 58 56 55 54 52 51 50 45 42 41 36
 3 -93 16 101 98 78 67 66 64 63 53 52 51 48 47 46 45 40 36
 4 -59 12 70 68 67 66 60 55 54 52 49 48 47 24
 9 -88 12 101 64 63 58 53 51 45 44 42 41 38 31
 6 -37 11 67 66 63 60 57 55 50 49 48 41 24
 10 -32 14 101 98 68 66 64 63 56 51 49 48 45 44 42 36
 3 0 14 101 68 64 63 60 58 57 55 51 49 46 45 41 38
 7 -11 16 101 99 98 70 68 67 65 64 63 60 55 54 51 49 45 36
 10 -96 15 101 99 78 70 67 66 65 64 55 51 50 45 42 41 36
 6 -20 12 101 78 64 63 62 60 56 54 52 48 41 36
 1 -22 10 101 98 63 62 53 50 49 47 38 31
 9 -26 13 101 96 72 67 63 60 56 55 54 53 51 49 41
 2 -72 11 99 98 96 70 68 66 60 54 53 51 37
 4 -32 12 101 100 95 79 67 64 58 57 55 47 45 41
 4 -66 8 101 99 98 78 65 64 45 36
 2 -50 13 101 100 98 97 79 73 72 66 61 54 50 46 42
 5 -12 15 101 98 97 96 90 76 73 72 70 64 63 62 55 54 53
 8 -23 15 101 99 91 90 78 76 74 73 72 71 66 65 63 55 51
 4 -26 13 101 100 99 98 96 79 75 71 65 63 61 56 45
 5 -77 8 100 98 79 66 61 52 49 45
 10 -10 11 98 96 95 94 75 74 70 65 59 56 45
 1 -42 17 100 99 96 95 93 92 91 90 78 76 74 73 72 71 66 65 55
 8 -3 15 101 98 96 95 90 89 87 78 76 75 73 66 62 61 55
 6 -71 21 100 98 97 95 93 92 91 90 88 86 84 76 75 74 73 72 71 70 66 65 64
 10 -50 8 99 97 76 74 73 63 50 49
 4 -23 19 100 99 98 97 96 94 93 91 90 88 87 86 85 84 77 75 74 73 63
 9 -12 13 100 97 96 95 94 91 89 88 79 77 75 61 59
 7 -62 13 101 95 94 90 88 78 77 76 73 71 65 62 61
 1 -97 13 95 91 90 85 83 76 75 73 72 69 65 61 54
 3 -39 9 99 97 96 95 94 89 67 56 54
 7 -89 10 97 96 95 94 89 87 74 62 56 50
 1 -98 15 98 94 93 92 91 90 89 86 85 83 76 75 73 71 69
 7 -55 11 95 94 93 91 86 83 76 75 71 69 60
 6 -58 9 96 95 94 93 89 83 78 62 56
 3 -27 12 96 95 94 93 92 91 86 85 83 75 69 65
 1 -22 10 93 92 90 87 83 76 73 72 69 62
 6 -29 13 99 96 95 94 92 91 85 84 77 76 75 74 71
 8 -9 10 99 97 96 91 90 85 83 74 69 65
 2 -46 10 99 97 93 90 86 83 75 73 69 65
 3 -66 8 94 89 84 82 78 77 75 71
 4 -81 8 92 91 90 86 85 83 80 69
 5 -53 7 100 97 93 92 83 79 69
 5 -4 8 95 94 91 88 86 84 83 71
 2 -44 5 93 83 75 71 65
 4 -40 8 92 88 87 86 84 82 81 74
 2 -69 5 94 82 80 77 69
 4 -75 5 92 90 80 73 69
 1 -71 7 94 90 86 85 84 80 76
 5 -7 7 94 88 84 83 82 81 80
 4 -61 5 92 86 85 80 71
 1 -42 6 92 90 89 85 82 80
 4 -83 5 93 86 84 82 74
 1 -40 5 91 86 85 81 80
 6 -36 5 95 89 82 81 80
 6 -40 5 87 85 83 82 80
 2 -11 4 89 87 82 81
 8 -53 4 85 83 82 81
 1 -18 4 93 85 83 81
 3 0 4 89 85 82 81
 9 -12 3 88 84 81
 5 -59 3 82 81 80
 6 -74 2 87 81
 2 -1 2 89 80
 4 -60 1 82
 8 -41 1 80
 5 -56 1 80
 9 -14 1 82
 7 -98 1 83
 8 -70 1 86
 6 -72 1 80
 4 -26 1 102
 10 -19 1 102
 8 -57 1 102
 2 -59 1 102
 8 -37 1 102
 4 -3 1 102
 9 -4 1 102
 2 -12 1 102
 10 -59 1 102
 5 -70 1 102
 7 -78 1 102
 5 -14 1 102
 5 -8 1 102
 4 -28 1 102
 2 -93 1 102
 6 -66 1 102
 7 -47 1 102
 1 -23 1 102
 2 -76 1 102
 4 -18 1 102
 7 -55 1 102
 6 -22 1 102
 0 22890 0
