102
 0 -13 8 2 3 4 7 8 10 11 13
 10 -39 3 12 9 5
 2 -68 4 21 19 12 9
 9 -79 4 23 22 16 6
 2 -54 9 23 22 21 20 19 17 16 15 14
 7 -84 6 21 20 19 18 17 14
 1 -21 6 23 22 21 20 19 17
 1 -42 5 21 19 18 17 14
 1 -62 6 25 24 23 22 17 16
 7 -11 4 20 19 17 14
 4 -95 4 27 25 19 17
 9 -67 4 27 23 20 18
 1 -65 4 28 25 24 22
 2 -60 6 32 31 28 27 25 24
 8 -20 5 32 31 29 25 24
 5 -83 8 40 34 31 30 29 28 27 26
 10 -44 7 40 32 31 30 29 28 26
 3 -57 7 40 39 36 34 32 31 26
 4 -63 4 40 38 31 24
 1 -23 4 40 38 28 24
 3 -20 6 41 40 38 32 31 28
 1 -18 6 39 38 36 32 31 27
 1 -64 7 47 40 39 38 33 32 31
 6 -5 5 36 35 34 33 30
 7 -47 2 40 26
 8 -73 7 47 44 41 38 37 35 33
 5 -2 6 48 47 41 37 35 33
 1 -40 4 47 44 39 33
 8 -36 4 47 44 39 33
 8 -15 5 50 42 41 39 37
 6 -94 8 57 51 48 46 45 44 43 42
 9 -9 4 49 48 37 35
 8 -18 8 57 51 50 49 46 45 43 42
 5 -90 6 50 49 48 47 46 42
 5 -88 5 57 51 45 43 42
 6 -81 6 57 56 53 52 48 44
 5 -64 4 57 56 45 43
 9 -73 7 60 57 55 53 52 51 48
 9 -10 5 57 53 52 49 48
 5 -18 8 71 67 61 60 59 53 52 51
 10 -25 6 67 60 59 53 52 51
 8 -56 5 65 60 56 55 54
 5 -27 6 71 61 60 59 53 52
 2 -77 3 67 60 49
 9 -91 4 71 67 65 55
 8 -33 4 71 61 60 52
 8 -8 4 71 59 52 51
 3 -89 5 71 67 63 61 58
 7 -67 4 71 68 59 55
 4 -56 3 68 58 52
 5 -82 3 65 63 58
 8 -4 5 66 65 64 63 62
 3 -94 5 68 65 64 63 62
 1 -2 5 74 66 63 62 61
 5 -42 2 63 58
 7 -46 5 74 71 68 63 62
 1 -14 5 75 67 66 64 63
 1 -53 4 74 66 64 62
 3 -3 4 66 64 63 62
 6 -70 4 74 72 68 64
 1 -43 4 78 77 75 64
 6 -19 5 76 75 72 70 69
 9 -95 6 82 79 78 77 73 69
 7 -60 5 82 76 73 70 69
 6 -48 5 82 78 75 74 69
 3 -87 4 82 77 70 69
 4 -63 4 82 81 78 68
 7 -66 6 87 85 83 80 79 77
 2 -65 7 101 87 85 84 83 81 80
 7 -18 6 101 85 83 81 80 79
 7 -65 5 101 90 87 80 79
 7 -34 4 84 80 78 77
 9 -10 5 100 88 87 86 84
 3 -3 4 99 88 84 83
 7 -90 3 100 87 83
 5 -56 6 100 99 93 90 86 84
 4 -99 6 101 100 98 90 88 86
 1 -71 8 101 99 98 93 92 90 89 88
 10 -89 4 99 88 86 84
 1 -98 7 100 99 98 93 92 89 88
 9 -20 7 100 99 98 96 91 90 89
 6 -50 6 100 99 98 97 96 86
 6 -87 4 98 93 90 86
 2 -11 5 98 97 96 92 89
 1 -55 5 100 98 95 92 90
 8 -39 2 91 89
 6 -88 3 99 94 93
 4 -98 3 97 96 95
 5 -47 2 95 94
 10 -3 2 97 94
 3 -94 1 92
 2 -32 1 94
 1 0 1 96
 6 -100 1 102
 9 -18 1 102
 2 -89 1 102
 7 -68 1 102
 6 -39 1 102
 6 -68 1 102
 3 -77 1 102
 6 -3 1 102
 0 25595 0
