92
 0 -96 19 2 3 4 5 6 7 8 9 10 12 13 14 15 17 22 23 26 27 35
 3 -25 14 48 44 39 38 37 34 31 29 28 25 24 20 19 16
 1 -47 13 51 48 47 45 44 42 38 36 34 31 28 18 11
 5 -25 9 65 51 45 43 42 36 33 31 11
 3 -42 14 91 62 59 57 56 55 53 51 48 47 43 42 39 25
 10 -72 13 77 66 60 58 56 53 52 51 49 47 42 41 24
 4 -91 15 91 66 65 58 54 53 52 51 49 44 42 41 37 34 28
 5 -45 7 63 56 45 44 32 24 21
 2 -77 17 66 63 62 60 59 58 55 52 50 49 48 47 46 45 42 38 30
 7 -100 8 91 62 51 45 42 41 32 21
 3 -65 14 91 66 61 60 59 57 56 54 53 52 46 41 39 37
 5 -4 13 64 60 59 57 56 54 53 52 47 43 41 40 37
 6 0 10 91 75 62 59 57 53 50 48 43 25
 2 -39 10 91 66 57 56 54 49 47 42 34 28
 7 -44 16 91 77 76 72 66 62 60 59 56 55 54 49 48 45 42 41
 1 -63 11 77 73 65 62 60 56 53 50 45 42 32
 7 -81 14 91 78 73 66 61 60 59 58 53 52 50 49 48 37
 9 -17 17 91 77 76 75 73 72 66 63 62 61 60 57 56 54 52 49 46
 2 -39 17 90 77 76 75 73 72 66 65 62 61 59 57 55 54 53 50 49
 2 -21 13 91 89 76 75 74 72 58 55 54 53 49 47 41
 4 -32 13 78 77 75 72 66 61 60 59 54 52 50 49 47
 8 -99 11 77 72 65 62 60 59 56 50 45 42 40
 4 -62 7 88 77 73 61 60 57 32
 10 -44 14 78 76 75 74 72 65 64 62 59 57 55 54 46 40
 1 -82 13 88 78 77 76 73 72 66 61 60 54 52 46 45
 6 -41 12 77 76 72 64 62 59 56 54 52 50 46 42
 1 -28 12 78 76 73 72 63 60 59 54 52 50 49 42
 1 -35 11 90 88 85 72 64 63 61 60 59 50 43
 8 -13 10 78 77 74 70 65 64 62 59 51 42
 7 -87 12 90 88 87 85 78 75 74 72 65 64 54 43
 10 -70 11 75 73 72 71 64 63 62 61 56 52 46
 10 -67 11 78 76 74 72 71 64 59 55 54 52 46
 7 -4 15 91 90 89 87 86 82 76 75 74 73 71 70 68 62 59
 6 -80 11 86 77 75 73 71 69 67 64 62 61 60
 6 -9 10 88 87 85 74 73 72 59 54 52 50
 5 -69 10 91 86 85 83 72 70 63 61 60 59
 2 -78 11 90 89 87 76 75 72 71 68 63 62 55
 9 -33 14 91 90 87 86 85 82 80 75 74 72 71 70 69 68
 10 -22 5 88 75 58 50 49
 7 -22 10 91 88 87 86 85 73 71 69 68 67
 8 -81 7 90 87 84 80 78 73 50
 4 -100 7 87 85 75 69 68 67 61
 1 -73 8 89 82 77 76 73 70 69 67
 7 -28 10 87 86 85 84 82 81 76 72 71 68
 10 -33 7 87 85 84 80 70 69 64
 10 -54 9 90 87 86 85 82 81 80 70 68
 10 0 5 88 85 84 73 65
 7 -23 5 83 80 79 74 65
 4 -3 5 84 81 80 70 64
 1 -27 6 86 83 82 71 69 68
 7 -70 5 86 82 73 72 69
 7 -47 4 70 69 68 67
 7 -5 3 87 69 63
 5 -87 5 86 83 81 80 68
 5 -8 5 85 83 82 80 70
 9 -3 5 85 83 82 80 69
 8 -73 5 84 83 81 80 68
 1 -11 5 85 82 81 80 68
 10 -16 3 79 69 67
 5 -96 3 87 74 68
 7 -18 4 89 82 80 79
 10 -9 4 88 85 81 79
 6 -45 4 84 82 80 79
 6 -63 3 83 82 68
 9 -17 3 86 82 69
 9 -60 3 86 80 71
 4 -28 2 84 80
 6 -39 1 79
 1 -18 1 81
 4 -59 1 79
 1 -57 1 79
 9 -46 1 79
 3 -51 1 83
 3 -70 1 84
 1 -42 1 83
 10 -93 1 80
 6 -98 1 79
 3 -8 1 79
 2 -36 1 92
 8 -28 1 92
 10 -58 1 92
 9 -64 1 92
 1 -47 1 92
 6 -63 1 92
 8 -49 1 92
 2 -46 1 92
 7 -96 1 92
 10 -43 1 92
 10 -64 1 92
 2 -81 1 92
 5 -18 1 92
 0 21610 0
