102
 0 -20 6 2 3 4 6 7 13
 7 -71 4 20 14 9 5
 2 -11 6 20 15 14 12 11 9
 7 -30 5 20 17 15 14 12
 8 -10 4 17 15 12 10
 4 -83 3 24 17 8
 9 -47 4 20 16 15 12
 6 -77 5 23 21 20 18 14
 8 -46 8 29 28 26 25 23 22 21 17
 9 -22 5 33 24 22 18 16
 3 -74 8 34 33 29 26 23 21 19 18
 2 -20 7 33 26 23 22 21 19 18
 6 -39 8 33 28 26 25 23 22 21 19
 1 -89 3 33 22 16
 7 -94 8 38 34 33 30 29 28 23 21
 1 -92 4 34 28 26 19
 10 -73 4 35 34 33 19
 7 -49 7 39 38 36 35 31 28 25
 10 -8 7 42 39 38 36 32 30 27
 2 -100 6 44 39 36 31 30 29
 10 -36 4 42 39 32 27
 4 -56 6 44 39 37 35 34 30
 2 -71 6 44 42 39 37 36 35
 3 -7 3 39 30 29
 4 -15 3 42 37 30
 5 -41 2 31 30
 6 -25 2 41 31
 10 -55 6 52 47 44 43 42 40
 5 -89 4 47 42 40 37
 2 -13 5 52 50 43 41 40
 8 -15 5 48 47 46 40 37
 9 -52 8 52 50 48 47 46 45 44 43
 3 -33 4 52 48 43 36
 2 -61 4 50 45 43 41
 2 -50 8 58 56 52 50 48 47 46 45
 5 -82 3 50 47 40
 5 -52 4 53 52 50 43
 1 -6 6 58 56 54 49 47 46
 9 -84 4 58 56 47 45
 6 -69 5 58 56 53 51 45
 1 -48 5 56 54 48 47 46
 5 -1 4 50 48 46 45
 8 -60 6 58 56 55 54 51 49
 5 -48 5 63 58 57 53 51
 6 -40 4 62 55 54 49
 3 -99 4 63 57 55 51
 5 -37 3 65 53 51
 4 -42 3 65 63 51
 4 -60 7 71 68 65 64 63 60 57
 7 -93 5 71 63 62 57 55
 1 -38 8 71 68 66 64 62 61 60 59
 9 -98 8 75 74 71 68 66 65 63 59
 9 -28 7 73 70 68 64 62 61 60
 3 -65 3 75 74 57
 1 -57 4 75 66 64 59
 1 -32 7 83 74 72 71 68 67 61
 8 -75 3 70 66 59
 5 -79 6 96 83 80 70 67 64
 6 -65 8 85 83 80 78 77 73 72 67
 9 -49 6 83 78 77 74 69 67
 4 -17 11 96 86 85 84 81 80 79 78 77 76 75
 10 -56 7 83 81 80 78 77 72 69
 2 -84 6 96 80 78 77 70 67
 8 -86 6 81 78 77 76 74 69
 8 -46 5 86 85 83 72 67
 1 -65 6 96 83 81 80 78 69
 9 -91 5 84 82 81 79 76
 4 -27 5 88 85 80 78 77
 1 -56 5 91 85 84 82 79
 10 -70 5 91 85 84 82 79
 10 -56 4 88 82 81 78
 9 -98 5 96 91 89 84 82
 5 -55 5 91 88 87 86 82
 1 -9 4 91 86 84 82
 8 -30 7 101 95 94 91 90 89 88
 6 -77 6 101 95 90 89 88 87
 1 -83 3 93 89 82
 2 -79 6 101 94 93 91 89 87
 8 -26 5 101 94 89 88 87
 10 -32 7 101 100 98 95 94 93 90
 1 -70 5 101 93 91 89 87
 7 -2 6 101 100 98 95 94 90
 6 -69 6 101 99 94 93 92 89
 4 -16 5 100 95 94 92 88
 7 -66 4 101 93 92 89
 5 -68 3 95 92 89
 9 -1 4 100 99 98 92
 8 -67 2 98 93
 8 -25 2 100 98
 1 -24 1 92
 9 -93 1 92
 1 -8 1 97
 10 -20 1 97
 4 -63 1 97
 6 -83 1 99
 2 -3 1 97
 5 -30 1 102
 1 -11 1 102
 5 -98 1 102
 7 -87 1 102
 3 -42 1 102
 0 25850 0
