92
 0 -23 19 2 3 4 5 6 7 8 9 10 11 13 15 16 17 19 20 21 22 23
 1 -52 11 41 40 39 38 36 32 30 27 26 24 14
 9 -26 7 51 47 44 39 37 24 12
 5 -90 17 60 56 52 51 48 47 46 45 44 43 42 40 38 37 36 35 26
 10 -76 12 56 52 44 43 42 40 37 36 35 32 30 28
 2 -95 10 47 46 45 44 43 41 39 36 31 18
 1 -24 16 71 60 56 52 51 48 47 46 44 43 42 38 37 36 35 26
 6 -26 12 56 52 51 48 43 42 38 37 33 32 30 26
 2 -73 12 61 60 52 48 42 40 38 37 35 34 29 26
 8 -48 17 71 64 61 60 59 56 55 53 51 48 46 44 43 42 39 38 26
 10 -35 6 91 71 49 47 44 14
 2 -23 13 63 60 59 56 54 53 46 45 43 42 40 36 32
 8 -19 7 91 64 60 48 41 32 25
 8 -99 11 61 60 56 53 51 48 46 45 43 42 37
 6 -17 15 89 87 68 63 62 61 60 59 58 56 53 50 47 43 40
 1 0 12 91 64 62 60 59 58 56 55 53 43 38 32
 6 -23 17 91 89 86 71 69 68 61 58 57 56 55 54 53 50 48 45 44
 3 -53 13 87 71 69 66 64 62 61 56 53 51 42 38 37
 4 -90 11 90 89 71 68 61 59 53 51 48 40 34
 7 -32 14 91 89 71 70 68 61 60 59 58 56 54 52 45 42
 10 -46 12 91 89 67 66 62 60 54 52 51 48 44 41
 5 -96 18 91 90 89 88 71 70 68 67 66 64 60 59 57 56 55 53 49 48
 5 -86 7 91 63 62 53 50 37 32
 5 -31 15 90 88 87 70 69 68 66 65 64 59 57 56 55 50 48
 7 -9 10 90 85 80 68 66 59 57 49 46 42
 7 -55 13 91 86 85 83 80 68 66 62 58 57 54 50 49
 4 -97 10 87 77 69 68 66 60 58 55 46 43
 4 -97 8 91 89 66 62 57 51 48 38
 9 -38 15 91 90 87 85 82 80 77 74 71 68 67 66 63 57 46
 7 -53 11 91 86 82 78 77 69 67 63 57 46 45
 1 -78 12 86 81 80 77 68 66 65 61 60 57 50 48
 4 -91 16 90 88 87 86 84 81 80 77 75 71 70 69 68 66 65 61
 7 -27 15 89 85 81 80 79 78 77 69 67 66 65 63 60 59 58
 4 -64 14 91 88 87 85 84 81 79 77 70 66 65 64 63 50
 9 -1 12 89 88 86 84 83 79 77 68 63 62 53 50
 10 -38 13 89 87 85 82 81 80 79 75 68 67 66 65 58
 2 -1 11 90 89 88 85 82 77 72 70 68 59 55
 3 -87 10 86 85 84 83 81 80 79 77 63 50
 2 -80 12 91 88 87 83 82 79 77 69 68 66 65 63
 2 -30 11 91 82 80 78 77 72 70 69 66 57 55
 5 -85 8 87 77 69 68 63 58 55 53
 7 -34 6 88 81 79 77 65 50
 2 -94 10 90 86 85 84 82 78 76 74 72 57
 1 -20 11 88 85 82 81 80 77 76 75 73 72 70
 3 -83 8 87 81 75 74 73 66 65 64
 1 -66 7 89 84 83 76 75 73 62
 5 -100 7 88 81 77 76 70 65 64
 4 -84 7 85 84 79 76 74 73 63
 5 -91 6 87 79 77 74 69 63
 2 -9 7 82 78 76 75 74 73 67
 1 -100 5 86 83 77 76 58
 9 -60 5 87 84 74 73 63
 7 -63 5 80 76 75 74 65
 8 -74 5 90 84 78 76 72
 2 -40 4 76 75 74 73
 1 -88 4 85 81 80 77
 4 -7 3 79 75 73
 3 -47 3 74 73 72
 9 -12 3 86 83 73
 1 -40 3 82 75 74
 9 -90 3 83 79 73
 3 -14 2 81 65
 6 -47 2 75 72
 2 -85 2 80 72
 7 -63 1 72
 7 -4 1 76
 10 -77 1 72
 8 -5 1 78
 10 -55 1 73
 3 -18 1 74
 10 -73 1 73
 4 -62 1 92
 3 -8 1 92
 2 -18 1 92
 3 -68 1 92
 5 -36 1 92
 7 -59 1 92
 8 -48 1 92
 2 -54 1 92
 3 -23 1 92
 5 -27 1 92
 2 -23 1 92
 7 -10 1 92
 8 -87 1 92
 8 -27 1 92
 7 -89 1 92
 8 -70 1 92
 6 -10 1 92
 4 -37 1 92
 4 -16 1 92
 8 -75 1 92
 0 23020 0
