92
 0 -24 18 2 3 4 5 6 7 8 9 10 11 12 13 14 15 17 22 25 29
 1 -65 14 64 62 56 52 51 50 49 46 37 36 33 28 26 19
 9 -71 13 64 62 51 50 46 45 42 38 37 36 31 28 16
 3 -15 12 69 64 49 46 45 40 38 37 36 31 26 18
 1 -44 11 69 63 45 41 40 37 35 30 26 23 21
 1 -87 11 62 54 49 47 46 41 36 34 31 27 16
 9 -79 14 71 64 63 56 55 52 50 49 45 37 35 34 32 20
 10 -90 12 64 61 56 50 42 41 40 39 38 37 27 24
 9 -70 12 69 63 56 52 47 46 45 41 40 30 28 26
 9 -18 13 71 69 63 59 57 56 51 49 47 42 40 37 26
 4 -87 20 90 71 69 67 66 64 63 61 59 56 55 54 52 51 47 46 45 44 40 37
 10 -80 12 64 62 56 55 50 47 46 45 42 39 35 31
 2 -91 12 71 69 62 61 59 55 54 49 48 45 42 31
 1 -63 11 64 59 56 55 52 51 47 46 38 35 33
 4 -32 16 91 90 67 66 64 61 59 57 56 55 52 51 49 46 44 37
 9 -53 10 91 71 69 68 59 57 56 52 35 26
 4 -33 14 69 68 67 63 61 57 55 54 53 52 49 48 47 46
 4 -57 11 66 63 61 59 57 56 55 52 47 41 35
 7 -31 10 71 69 68 67 65 63 55 39 35 34
 3 -80 9 91 68 67 60 57 53 46 39 36
 7 -33 14 90 89 87 86 71 67 66 60 57 54 53 50 49 44
 6 -23 11 91 90 68 66 61 60 59 57 55 46 41
 9 -8 12 91 87 67 62 61 59 57 56 54 52 46 44
 6 -91 8 91 71 68 62 59 57 52 35
 2 -7 8 91 71 68 60 59 48 46 43
 6 -63 8 89 84 67 61 55 53 48 44
 2 -50 12 90 89 87 86 85 83 71 69 66 63 58 45
 2 -31 12 91 88 87 83 82 67 66 61 59 58 57 54
 7 -73 7 87 68 65 61 59 48 44
 4 -40 5 62 61 58 57 39
 8 -24 10 91 90 89 87 86 76 68 67 57 44
 9 -16 10 89 87 86 84 69 65 62 61 51 44
 4 -46 13 91 90 89 87 83 82 73 71 70 66 61 60 58
 1 -93 11 91 90 87 85 83 82 77 60 59 58 57
 6 -92 5 90 87 76 60 44
 10 -64 12 90 88 87 84 82 79 77 76 74 70 59 58
 1 -61 7 86 82 79 68 60 58 53
 3 -82 11 90 88 83 82 80 77 75 67 65 63 57
 6 -53 7 87 84 83 82 81 59 48
 4 -21 12 87 86 85 84 82 80 79 77 75 72 68 62
 7 -14 8 86 84 83 81 73 72 71 51
 10 -69 7 91 86 83 82 80 67 52
 6 -9 11 90 88 87 83 81 79 77 74 72 69 65
 2 -96 9 88 85 83 82 79 77 73 70 58
 10 -58 8 91 82 79 78 77 70 65 60
 2 -52 9 84 82 79 77 76 74 73 72 58
 7 -21 11 91 89 86 85 83 79 78 77 76 73 72
 1 -99 9 90 86 85 77 75 74 73 70 66
 8 -15 6 84 82 76 73 72 58
 3 -1 7 91 83 79 75 74 72 65
 3 -98 8 88 85 82 80 78 76 75 74
 9 -80 6 78 77 75 74 72 65
 2 -89 6 88 77 75 74 72 65
 1 -90 7 81 79 78 76 75 74 72
 8 -2 5 87 85 80 73 72
 2 -97 5 78 75 74 73 72
 9 -62 4 84 79 74 70
 8 -89 4 81 80 78 75
 9 -43 4 89 86 73 72
 4 -12 3 84 75 74
 5 -96 3 85 77 74
 4 -7 3 78 76 73
 4 -44 3 76 74 73
 8 -20 3 86 77 72
 10 -18 2 76 73
 2 -24 2 79 72
 5 -93 2 81 74
 6 -95 2 83 74
 5 -94 2 75 73
 2 -97 1 72
 5 -18 1 80
 4 -44 1 92
 10 -36 1 92
 3 -21 1 92
 5 -9 1 92
 3 -81 1 92
 9 -31 1 92
 6 -87 1 92
 9 -17 1 92
 7 -5 1 92
 9 -4 1 92
 3 -98 1 92
 6 -19 1 92
 5 -83 1 92
 7 -8 1 92
 8 -24 1 92
 10 -21 1 92
 6 -39 1 92
 9 -80 1 92
 6 -82 1 92
 6 -16 1 92
 0 23240 0
