102
 0 -36 9 2 3 4 5 6 7 8 9 15
 2 -50 4 22 13 12 10
 9 -34 5 25 24 22 19 11
 4 -49 4 19 18 16 10
 2 -19 4 22 14 12 10
 7 -17 4 23 21 16 12
 2 -99 4 26 23 22 12
 3 -57 7 27 25 23 22 21 20 18
 4 -82 5 23 22 18 17 14
 5 -51 5 26 25 23 20 17
 4 -81 4 23 21 18 17
 8 -86 4 25 20 18 17
 3 -67 5 29 28 27 25 21
 1 -3 5 29 28 27 26 25
 6 -85 4 29 27 25 21
 3 -98 4 40 36 25 22
 10 -33 3 29 28 27
 1 -52 7 42 39 34 33 32 30 29
 4 -29 8 42 40 39 37 36 35 33 31
 10 -15 5 40 39 37 36 28
 2 -39 4 39 37 35 26
 9 -66 4 39 37 31 28
 9 -66 7 46 42 40 37 36 34 32
 4 -45 6 46 40 37 35 32 31
 10 -5 5 51 42 32 31 30
 10 -46 5 51 42 36 33 31
 6 -36 6 46 42 40 39 36 34
 1 -87 4 51 34 33 30
 5 -34 6 53 45 43 41 40 37
 9 -51 4 50 46 45 35
 10 -52 2 41 34
 2 -5 4 50 45 41 38
 8 -16 6 54 53 50 46 45 41
 8 -72 4 50 47 45 38
 7 -23 2 41 38
 1 -10 2 41 38
 3 -8 7 56 54 51 50 48 47 44
 8 -23 5 55 53 48 44 43
 10 -55 8 62 56 55 54 52 49 48 47
 7 -28 7 62 56 55 52 50 48 47
 5 -37 6 62 56 55 52 48 47
 1 -24 3 60 55 45
 8 -17 9 62 61 60 59 58 57 56 54 49
 1 -3 7 62 61 60 59 58 57 49
 3 -95 6 62 59 58 57 56 49
 2 -35 7 68 65 63 62 61 59 58
 8 -34 4 68 66 59 57
 3 -65 3 65 58 57
 9 -21 8 76 71 69 68 67 66 65 64
 7 -71 7 71 69 68 66 65 64 63
 5 -37 6 69 68 66 65 64 62
 6 -84 5 71 70 64 63 60
 7 -49 4 69 65 64 58
 5 -70 6 82 76 69 67 65 64
 8 -78 4 73 71 68 61
 3 -65 6 73 70 69 67 66 64
 3 -76 4 70 69 64 63
 7 -57 5 76 71 70 67 66
 4 -64 5 73 71 69 67 64
 1 -1 4 82 69 68 67
 5 -85 3 76 66 64
 3 -94 4 76 72 70 67
 1 -87 8 88 83 82 79 77 76 75 73
 8 -75 6 80 78 77 75 74 72
 5 -57 5 77 75 74 73 70
 6 -83 7 87 85 82 81 80 78 74
 7 -19 6 88 81 79 78 75 74
 4 -19 4 78 77 74 72
 3 -38 5 87 86 83 80 77
 9 -14 6 94 88 85 81 79 78
 6 -87 6 92 89 88 87 79 77
 5 -79 6 93 87 86 85 81 79
 3 -39 3 86 85 78
 8 -24 6 93 91 89 86 84 83
 2 -15 6 93 91 89 87 85 84
 4 -84 5 94 93 89 85 84
 9 -13 4 94 93 91 81
 1 -6 5 98 93 91 89 84
 8 -43 3 98 91 84
 4 -69 3 99 94 88
 6 -92 2 98 84
 6 -54 6 101 100 98 95 93 92
 4 -84 5 100 98 94 92 90
 5 -80 6 101 100 99 96 95 90
 7 -3 6 100 99 98 97 95 92
 7 -24 5 100 98 97 94 92
 1 -100 5 100 99 96 95 90
 7 -57 5 101 98 96 95 91
 3 -79 2 96 95
 8 -25 1 97
 8 -75 1 97
 1 -43 1 96
 1 -80 1 99
 6 -70 1 95
 4 -63 1 102
 1 -2 1 102
 1 -27 1 102
 2 -88 1 102
 10 -83 1 102
 6 -90 1 102
 8 -72 1 102
 0 25570 0
