102
 0 -87 27 2 3 4 5 6 7 8 9 10 11 12 13 15 16 17 18 19 20 21 25 26 28 29 33 34 36 39
 3 -48 13 84 62 51 50 48 47 42 41 38 31 27 24 22
 2 -64 13 62 60 55 54 51 49 46 43 41 38 37 31 14
 7 -25 12 62 56 55 50 48 45 44 42 41 32 31 22
 2 -31 12 84 83 62 59 55 54 49 43 42 38 31 22
 10 -73 17 84 83 65 62 61 60 59 57 54 53 52 50 49 48 47 40 38
 9 -92 12 76 65 62 55 54 51 50 49 47 44 42 22
 4 -42 10 61 60 56 53 47 45 43 41 32 30
 3 -76 9 65 49 48 47 46 45 42 32 23
 9 -98 10 76 74 59 57 54 50 47 42 41 22
 8 -22 12 100 83 67 66 61 59 58 56 52 45 44 40
 9 -33 10 84 83 74 60 59 58 55 50 43 31
 1 -31 12 84 83 75 73 66 65 61 60 56 51 48 35
 6 -88 15 101 100 83 75 73 72 67 66 65 63 61 58 56 45 44
 9 -2 11 83 81 76 73 66 60 59 56 47 44 40
 4 -66 12 83 81 74 73 66 62 57 56 55 53 51 40
 7 -46 10 83 81 76 67 66 60 55 51 46 40
 6 -8 12 82 75 73 67 65 64 63 61 56 55 49 45
 2 -58 10 100 73 68 66 65 62 61 51 44 40
 5 -73 12 84 76 75 74 70 66 62 61 58 54 47 41
 3 -100 12 101 83 82 81 76 65 63 61 57 56 54 53
 3 -82 7 99 67 66 60 58 52 40
 6 -100 14 98 96 84 83 81 74 71 68 67 63 62 60 57 54
 4 -83 17 101 98 97 96 82 81 76 75 74 71 70 68 64 63 61 60 55
 9 -64 14 100 84 83 82 81 76 75 73 71 68 65 62 59 47
 9 -56 9 101 76 74 70 60 59 58 54 41
 3 -12 8 100 99 83 76 71 58 57 40
 3 -41 13 100 95 93 83 82 81 76 75 72 67 66 56 52
 4 -14 12 100 84 83 82 79 74 73 68 66 65 63 42
 2 -89 7 99 71 68 67 65 58 40
 10 -35 6 100 73 71 67 57 40
 9 -96 12 100 99 97 96 94 84 81 76 74 68 57 51
 8 -14 15 101 99 98 97 93 82 81 80 74 73 70 65 64 63 61
 1 -96 16 100 99 97 95 93 83 81 77 76 75 74 71 70 69 65 64
 9 -30 9 100 96 81 76 74 71 67 57 47
 3 -42 20 101 99 98 97 96 95 94 93 89 84 83 82 80 77 76 73 72 71 70 68
 10 -45 16 101 100 98 96 94 93 89 83 80 77 73 72 71 68 61 58
 8 -13 8 101 99 95 81 73 67 56 45
 7 -34 9 98 97 96 82 81 75 67 61 55
 7 -2 12 101 98 97 96 93 82 75 72 70 69 64 63
 1 -64 14 100 99 97 95 93 92 83 82 79 77 73 72 65 64
 10 -21 11 99 98 96 94 93 91 89 81 75 71 61
 7 -15 11 98 92 90 81 77 73 71 70 68 65 64
 9 -74 11 99 97 95 90 88 84 82 77 74 71 57
 10 -4 13 94 93 92 90 89 87 80 77 76 74 71 70 68
 8 -74 13 99 97 96 94 93 91 90 89 77 74 73 70 68
 5 -88 15 99 98 97 95 94 93 91 90 89 88 87 80 79 77 72
 9 -69 13 100 98 93 92 91 90 89 87 80 74 72 70 68
 1 -10 9 101 97 96 93 92 89 77 72 58
 9 -49 8 99 97 96 89 79 75 71 66
 8 -89 8 101 98 92 90 88 71 70 59
 6 -93 8 97 96 90 79 73 71 68 64
 2 -20 7 100 97 93 90 70 68 64
 8 -65 7 99 97 93 92 79 72 64
 3 -29 12 100 99 94 93 92 91 90 88 87 86 80 78
 5 -79 7 98 90 89 87 80 71 68
 7 -88 8 93 92 89 87 86 80 79 78
 6 -43 7 91 88 87 86 81 79 78
 6 -48 6 95 89 86 80 79 77
 10 -6 6 100 93 92 89 87 77
 1 -39 4 95 90 78 69
 8 -8 6 101 92 90 86 80 78
 8 -81 5 95 91 89 88 77
 6 -57 6 94 91 89 88 87 85
 4 -83 5 96 89 87 86 78
 2 -68 5 98 92 91 88 78
 6 -23 2 77 70
 2 -61 3 88 86 85
 3 -68 3 92 88 87
 4 -28 2 79 78
 7 -2 2 86 78
 4 -38 2 86 78
 6 -92 2 87 78
 7 -80 2 86 78
 7 -19 2 90 80
 3 -51 2 91 78
 8 -46 1 78
 1 -30 1 85
 1 -13 1 85
 6 -25 1 85
 4 -100 1 85
 4 -60 1 85
 10 -36 1 90
 2 -78 1 87
 4 -2 1 102
 7 -15 1 102
 7 -37 1 102
 10 -86 1 102
 9 -82 1 102
 7 -49 1 102
 9 -92 1 102
 4 -12 1 102
 10 -2 1 102
 4 -19 1 102
 4 -10 1 102
 8 -76 1 102
 2 -16 1 102
 6 -66 1 102
 5 -80 1 102
 6 -20 1 102
 1 -29 1 102
 0 25090 0
