102
 0 -1 17 2 3 4 5 6 7 8 9 10 11 12 14 15 18 19 23 27
 1 -66 11 38 36 31 29 28 26 25 24 21 16 13
 1 -94 5 36 31 30 21 13
 2 -73 7 39 36 31 26 24 22 21
 7 -6 6 45 40 35 31 17 16
 3 -96 3 31 24 13
 6 -28 10 50 48 45 41 39 38 36 34 33 22
 1 -42 10 51 48 45 39 36 35 33 32 31 24
 10 -85 8 41 39 38 37 35 30 29 22
 3 -25 9 63 48 45 37 35 34 33 31 22
 10 -99 7 51 36 35 34 31 24 20
 1 -94 6 45 40 36 35 34 16
 5 -57 8 63 48 45 39 37 35 33 22
 9 -22 6 63 43 40 37 34 22
 10 -59 5 48 40 37 31 22
 4 -6 6 63 52 50 43 39 22
 1 -89 7 55 54 51 48 38 37 34
 4 -14 4 63 50 34 22
 6 -16 8 65 56 55 54 45 44 43 31
 4 -86 13 65 64 63 57 56 54 50 49 48 47 46 45 44
 1 -53 10 65 56 51 50 48 46 45 43 42 35
 1 -65 7 64 54 51 46 44 42 32
 2 -42 13 65 64 63 62 60 57 56 55 54 50 49 46 44
 6 -44 12 72 64 62 60 55 53 52 50 49 46 43 41
 1 -38 12 72 67 65 60 57 55 51 50 49 46 43 40
 6 -11 7 61 57 55 54 45 40 34
 5 -77 5 63 51 46 44 32
 9 0 13 65 64 62 60 57 56 55 54 53 52 49 46 43
 5 -46 9 65 64 63 62 61 57 45 44 43
 3 -37 5 61 60 55 54 34
 10 -33 9 64 62 60 57 53 52 50 49 42
 9 -34 11 68 67 65 62 60 59 57 56 55 53 49
 4 -91 6 72 61 60 54 43 40
 6 -24 7 66 65 62 58 56 46 44
 8 -33 8 68 67 62 60 59 57 53 49
 3 -56 5 69 65 63 49 44
 8 -13 8 73 69 68 67 65 64 50 49
 3 -88 9 72 71 68 66 63 62 60 57 52
 4 -75 7 73 72 69 68 65 54 49
 7 -24 7 71 68 66 64 62 56 53
 3 -79 7 75 68 67 65 59 56 54
 3 -89 9 78 75 74 73 69 68 67 66 59
 2 -50 8 100 78 73 70 69 66 59 58
 2 -66 6 78 74 72 68 67 53
 3 -49 9 101 77 75 74 73 72 71 70 60
 2 -33 7 100 77 75 73 69 68 59
 2 -3 7 100 77 74 71 69 68 62
 6 -43 9 101 100 78 77 75 73 71 70 69
 10 -25 6 101 100 75 66 61 58
 3 -83 12 101 100 88 87 86 83 81 80 77 76 74 71
 3 -21 8 100 99 88 85 77 74 73 68
 8 -65 13 101 100 93 87 86 85 83 81 78 77 76 75 74
 5 -40 8 99 88 87 81 77 75 73 70
 3 -1 8 100 88 87 86 80 77 74 70
 8 -57 7 101 100 87 86 80 74 70
 5 -45 6 97 84 83 78 76 69
 2 -20 13 101 100 99 98 97 93 92 86 84 83 81 78 76
 1 -54 8 96 87 83 81 80 79 74 71
 4 -72 9 101 98 97 92 88 86 80 76 71
 8 -76 5 98 86 79 78 69
 2 -47 9 98 97 92 88 84 83 79 78 71
 2 -9 7 99 97 85 83 81 75 73
 1 -88 5 100 87 78 77 70
 6 -22 7 100 99 97 94 87 85 70
 8 -87 10 99 93 92 88 86 85 84 82 80 76
 8 -13 7 99 93 88 83 80 77 76
 3 -29 12 100 98 97 95 93 92 91 86 85 84 82 80
 4 -75 4 101 97 87 70
 7 -77 11 99 96 95 94 93 91 88 87 85 82 81
 7 -65 4 93 83 82 76
 3 -91 8 99 95 94 93 91 90 85 82
 8 -27 8 96 94 93 92 91 90 86 82
 8 -97 6 98 95 93 92 86 79
 2 -25 6 98 97 92 90 84 82
 10 -82 5 98 96 90 89 84
 8 0 3 96 95 79
 4 -33 3 97 92 82
 2 -65 2 94 80
 4 -3 2 91 90
 9 -46 2 90 89
 8 -64 2 90 89
 4 -56 1 89
 10 -75 1 90
 2 -16 1 94
 6 -92 1 89
 4 -8 1 89
 2 -24 1 92
 5 -39 1 89
 4 -6 1 102
 7 -36 1 102
 8 -64 1 102
 6 -45 1 102
 7 -19 1 102
 9 -5 1 102
 5 -95 1 102
 10 -10 1 102
 9 -22 1 102
 1 -37 1 102
 5 -76 1 102
 2 -1 1 102
 10 -12 1 102
 0 23480 0
