102
 0 -83 21 2 3 4 5 6 7 9 10 11 12 13 14 15 16 17 18 21 22 24 25 35
 8 -70 7 51 49 45 41 20 19 8
 3 -76 14 66 64 63 60 51 49 48 47 46 43 31 30 29 19
 1 -47 12 63 60 56 49 47 43 34 32 31 28 23 19
 7 -4 16 66 64 60 56 52 49 48 47 44 43 42 41 40 37 36 30
 3 -43 17 99 66 64 63 60 57 56 52 50 49 48 47 43 42 40 37 36
 6 -94 15 66 64 63 57 56 55 48 47 46 45 41 40 37 36 34
 4 -42 9 60 50 48 47 42 40 36 30 27
 8 -34 8 66 64 63 56 55 44 39 19
 5 -29 14 99 66 63 60 57 56 55 52 48 46 44 40 37 36
 5 -2 11 99 66 56 55 54 51 44 42 37 36 26
 1 -88 12 66 63 56 55 53 52 45 43 42 41 40 36
 5 -44 10 63 61 59 55 53 49 47 34 33 29
 7 -71 8 68 65 54 53 47 45 44 27
 3 -59 6 77 60 58 54 29 27
 5 -77 10 101 64 61 60 59 57 55 48 34 29
 8 -95 10 69 66 61 60 59 55 53 49 43 29
 5 -80 9 98 66 53 52 48 46 45 38 36
 9 -84 7 99 57 52 50 40 37 36
 5 -43 11 101 99 77 71 69 66 60 48 43 42 37
 7 -60 17 101 100 99 76 75 72 71 68 66 61 60 59 58 55 53 51 46
 7 -72 16 100 99 98 93 76 75 71 70 68 67 66 58 57 56 53 40
 10 -24 10 101 99 72 71 54 53 52 51 44 42
 6 -16 9 101 98 97 95 93 77 51 45 36
 10 -71 9 97 93 67 65 61 57 56 45 42
 7 -28 14 98 94 91 75 70 69 68 67 64 63 62 58 57 47
 8 -61 15 101 100 98 97 95 92 74 72 67 66 64 63 61 56 52
 8 -69 10 98 91 90 76 70 68 57 55 53 45
 10 -97 10 100 99 97 90 73 71 65 62 56 42
 1 -28 11 99 98 92 84 76 70 68 67 61 55 53
 1 -67 9 99 96 94 93 91 90 71 58 42
 6 -66 13 100 97 94 93 89 88 77 76 69 67 59 58 51
 1 -57 15 100 98 97 94 93 92 91 83 77 75 72 69 67 62 58
 6 -51 11 95 94 92 89 83 77 76 71 70 58 52
 4 -52 14 97 95 93 92 85 81 77 75 73 71 68 67 61 56
 7 -96 13 100 94 92 90 85 76 72 71 70 68 62 61 58
 2 -89 9 100 98 93 86 84 76 67 61 53
 8 -48 11 99 95 93 77 74 73 67 65 61 59 57
 1 -23 12 101 99 94 93 85 84 75 74 73 62 61 60
 8 -17 7 97 87 85 77 65 61 54
 9 -90 15 100 95 94 93 91 88 87 86 85 82 74 73 72 70 67
 10 -50 14 98 95 92 89 88 85 84 83 82 76 75 74 70 68
 7 -38 11 100 93 92 91 88 85 83 82 79 72 58
 6 -25 12 95 88 87 86 85 82 81 79 77 74 67 61
 8 -41 9 99 92 89 85 83 82 75 69 58
 4 -76 14 94 93 90 89 88 87 86 85 83 82 81 78 77 69
 2 -85 13 101 97 96 93 90 89 86 83 82 81 80 76 71
 2 -41 9 92 88 85 84 83 82 79 75 58
 7 0 12 101 88 86 85 84 83 82 79 77 74 73 67
 9 -99 8 100 95 89 88 85 79 67 58
 1 -83 13 96 92 91 87 86 85 84 83 82 81 80 79 74
 6 -44 10 93 91 90 88 85 82 80 75 73 69
 6 -49 8 97 96 94 87 85 81 73 62
 9 -2 7 96 95 91 90 86 82 59
 3 -84 7 95 93 83 80 79 74 73
 9 -31 7 96 94 87 86 84 82 78
 4 -75 6 92 86 85 83 82 81
 3 -62 5 86 81 80 74 73
 1 -100 5 92 84 83 81 79
 8 -90 3 89 78 67
 4 -45 4 91 89 83 78
 10 -73 4 88 82 80 79
 5 -65 4 87 86 81 79
 5 -61 4 85 81 80 78
 6 -81 3 91 88 81
 9 -88 3 83 81 79
 9 -95 2 90 80
 1 -28 2 80 79
 1 -75 2 84 79
 9 -15 2 81 78
 4 -64 2 87 79
 8 -35 2 89 84
 8 -87 1 78
 8 -57 1 78
 10 -92 1 87
 4 -55 1 78
 3 -17 1 80
 5 -37 1 102
 6 -10 1 102
 3 -75 1 102
 6 -56 1 102
 4 -39 1 102
 7 -74 1 102
 5 -92 1 102
 2 -21 1 102
 5 -67 1 102
 2 -39 1 102
 6 -19 1 102
 2 -37 1 102
 2 -10 1 102
 4 -10 1 102
 8 -14 1 102
 10 -95 1 102
 1 -93 1 102
 8 -45 1 102
 7 -48 1 102
 6 -54 1 102
 10 -11 1 102
 9 -13 1 102
 5 -81 1 102
 8 -35 1 102
 0 27650 0
