102
 0 -82 22 2 3 4 5 6 7 8 9 10 11 12 14 16 17 21 24 26 27 28 29 34 36
 10 -79 8 54 50 37 33 31 23 15 13
 6 -66 14 62 60 57 54 50 49 45 43 42 41 32 23 22 20
 2 -79 12 62 61 60 52 50 45 44 39 38 22 19 18
 3 -28 14 62 61 60 54 53 52 49 48 45 42 38 32 22 19
 7 -74 15 83 64 57 51 50 48 47 45 44 41 39 38 31 30 25
 5 -48 10 69 57 56 55 54 50 45 43 42 15
 4 -31 20 83 69 65 64 62 59 58 57 55 54 53 52 51 50 48 47 45 41 40 32
 6 -30 9 58 50 45 41 37 35 32 23 22
 3 -76 18 64 62 59 58 57 56 55 53 52 51 49 47 45 44 43 41 39 38
 8 -11 17 101 69 64 63 62 61 58 55 54 53 51 50 47 43 40 32 31
 8 -35 15 69 66 64 58 57 55 52 48 46 45 44 42 39 37 35
 5 -50 15 83 69 67 66 64 59 58 55 53 47 45 44 43 38 32
 4 -34 12 83 82 61 60 58 57 51 48 47 45 39 31
 6 -50 14 83 71 65 64 62 61 60 59 58 53 49 41 40 38
 1 -29 14 101 83 71 67 64 62 59 58 56 51 50 47 45 39
 4 -44 12 101 83 67 61 58 52 49 45 44 43 41 39
 5 -76 14 83 74 73 71 69 66 65 63 59 57 54 53 47 32
 5 -73 14 101 83 74 73 70 69 68 67 65 64 58 57 55 41
 2 -21 17 101 83 80 74 73 72 71 69 68 66 65 64 59 58 56 53 51
 2 -75 9 101 100 64 61 60 59 55 54 39
 6 -60 13 101 100 83 69 67 66 65 64 59 56 55 51 47
 2 -2 13 101 83 82 73 72 67 66 65 63 61 59 52 51
 9 -32 13 83 81 75 72 71 68 67 66 65 64 62 51 45
 1 -23 9 82 69 65 63 58 55 53 49 40
 3 -92 13 101 98 95 83 75 72 71 68 59 56 54 50 45
 7 -100 12 101 100 91 82 75 73 70 69 63 57 55 54
 3 -29 18 101 100 99 98 95 94 83 82 80 79 78 74 73 72 70 68 59 55
 6 -34 11 100 99 98 83 82 80 73 70 67 55 44
 6 -34 15 101 99 94 82 79 78 74 72 71 70 68 65 63 62 59
 1 -71 10 100 75 73 71 70 67 66 65 59 56
 9 -62 14 100 99 98 97 95 94 89 88 82 81 80 72 70 56
 3 -33 11 99 98 96 94 82 81 80 77 73 65 47
 2 -72 10 100 98 97 96 91 77 75 71 57 54
 2 0 11 101 98 95 94 81 80 75 72 68 59 56
 3 -12 11 100 99 98 95 91 83 77 75 72 71 54
 6 -81 10 100 97 95 89 80 78 75 67 59 53
 8 -3 13 101 100 97 96 93 92 81 75 74 73 72 68 63
 2 -46 8 99 94 79 73 72 70 65 63
 4 -59 14 100 99 97 96 94 92 81 80 78 77 74 73 72 67
 1 -39 10 99 97 96 95 90 85 82 75 66 63
 6 -75 15 101 100 96 95 94 93 90 89 88 81 80 78 77 75 73
 1 -83 9 96 94 93 90 88 77 72 70 65
 9 -81 9 94 93 92 88 77 75 72 68 65
 9 0 13 100 99 97 96 94 91 89 88 80 79 78 76 73
 6 -100 11 98 97 96 95 91 89 85 77 75 72 71
 6 -87 11 97 95 93 92 91 88 87 78 75 72 68
 5 -86 7 101 97 92 88 77 68 67
 5 -26 8 95 94 91 89 88 79 72 70
 1 -29 10 94 92 90 89 85 82 81 78 77 76
 5 -83 9 96 94 93 91 88 86 77 76 70
 7 -17 9 99 95 91 88 86 85 79 78 75
 3 -55 8 98 96 94 85 81 79 77 76
 7 -25 6 94 89 88 86 78 67
 9 -78 7 97 96 89 87 85 81 71
 6 -58 7 96 91 86 85 79 78 77
 7 -17 7 95 94 92 90 88 78 72
 4 -15 8 100 99 95 92 88 86 85 76
 9 -79 7 93 91 90 88 85 84 77
 7 -39 6 99 94 90 86 85 75
 1 -51 4 89 81 76 74
 3 -14 7 98 92 91 90 87 86 84
 4 -94 6 98 89 88 84 80 77
 7 -66 5 94 89 86 82 77
 9 -94 6 97 95 91 89 86 84
 8 -9 5 98 91 88 86 78
 5 -12 4 93 85 79 76
 4 -36 4 89 86 85 76
 4 -85 4 99 96 89 85
 1 -93 3 92 87 85
 6 -100 3 92 88 84
 7 -66 2 86 76
 8 0 2 85 84
 2 -50 2 87 85
 1 -66 1 76
 5 -45 1 84
 2 -16 1 87
 3 -40 1 84
 6 -9 1 90
 5 -1 1 87
 3 -40 1 86
 10 -81 1 93
 10 -51 1 84
 8 -40 1 102
 1 -51 1 102
 6 -30 1 102
 10 -39 1 102
 10 -48 1 102
 4 -57 1 102
 9 -75 1 102
 8 -34 1 102
 2 -10 1 102
 3 -27 1 102
 3 -98 1 102
 3 -59 1 102
 10 -77 1 102
 1 -5 1 102
 1 -10 1 102
 6 -76 1 102
 8 -81 1 102
 1 -82 1 102
 0 25130 0
