102
 0 -23 22 2 3 4 5 6 7 8 9 10 11 12 13 14 15 16 17 18 20 24 25 26 32
 10 -32 19 66 64 60 59 57 54 53 50 48 47 46 44 42 39 37 35 31 30 28
 4 -23 14 59 53 52 50 48 47 45 43 40 37 36 33 28 23
 10 -40 11 77 65 63 54 53 51 50 46 40 21 19
 8 -66 16 70 68 63 60 59 57 52 51 48 46 45 44 43 41 34 21
 5 -88 15 66 60 59 56 55 54 51 50 46 45 40 39 35 34 30
 5 -61 13 68 65 64 62 60 59 53 52 50 42 37 35 22
 2 -12 14 78 65 64 56 55 53 52 51 48 46 44 37 29 27
 7 -53 12 78 70 68 63 60 59 58 57 53 50 30 21
 8 -38 11 70 64 63 56 53 47 44 40 39 38 35
 4 -66 13 78 77 70 66 63 56 52 49 48 47 46 42 27
 9 -58 12 78 68 66 64 62 58 57 52 47 45 37 28
 8 -52 14 78 77 69 59 57 56 55 50 47 46 44 43 39 34
 6 -60 14 78 77 66 65 58 57 56 51 49 48 47 46 37 30
 3 -14 13 67 66 64 60 58 56 54 47 45 44 40 39 37
 9 -46 13 81 78 77 70 68 59 58 56 54 53 49 44 30
 9 -78 9 78 68 65 64 58 57 52 43 28
 9 -70 15 77 75 70 69 68 67 66 61 58 57 55 54 51 47 44
 5 -64 14 101 78 76 75 70 69 68 59 57 52 49 48 44 42
 7 -92 10 78 67 66 62 59 54 49 47 39 37
 5 -36 12 75 73 69 67 66 64 62 61 56 55 47 39
 7 -54 11 77 69 67 66 63 58 57 56 51 47 43
 1 -30 10 82 81 77 70 67 65 64 49 44 42
 10 -48 10 78 75 74 70 69 62 61 55 54 40
 1 -26 8 101 99 74 70 57 46 44 42
 4 -71 11 100 97 96 80 77 75 68 65 55 52 46
 8 -77 15 101 99 98 96 82 75 74 73 69 68 67 62 61 59 58
 10 -71 11 82 81 80 77 75 69 67 61 56 55 49
 5 -9 11 98 96 80 79 76 70 69 67 61 57 49
 4 -2 12 100 96 82 80 79 76 74 69 67 62 61 52
 1 -24 10 98 96 80 78 69 68 65 63 62 49
 7 -99 6 94 77 73 67 62 39
 10 -86 12 101 99 98 82 77 76 74 73 72 69 60 58
 2 -87 11 101 100 97 96 92 81 74 65 62 58 53
 8 -60 10 101 100 96 79 78 75 69 67 61 49
 3 -47 10 101 99 98 90 69 68 67 66 61 58
 8 -95 13 99 98 97 96 93 81 80 79 73 72 70 69 61
 6 -82 8 100 97 96 86 77 69 68 52
 8 -30 17 101 99 98 97 96 95 93 92 91 87 82 81 80 79 74 72 71
 8 -62 9 101 97 96 92 87 73 72 68 57
 7 -33 7 97 93 81 80 79 69 50
 10 -68 7 100 97 96 95 89 61 58
 1 -2 12 97 96 94 93 92 91 87 82 79 73 72 71
 8 -29 10 98 96 95 94 93 92 91 79 72 62
 5 -42 12 98 97 96 94 92 87 86 81 77 74 72 71
 6 -6 8 94 93 89 81 79 73 62 61
 10 -87 13 101 100 97 96 95 92 90 87 83 80 79 76 71
 8 -33 13 99 98 97 96 95 93 91 89 88 87 86 73 71
 10 -60 11 99 97 93 92 87 86 85 84 74 73 72
 6 -35 11 99 96 95 94 91 90 87 86 83 72 71
 3 -61 10 99 98 96 93 87 86 83 74 72 71
 3 -2 9 99 98 94 93 91 87 73 72 71
 6 -71 9 98 95 93 91 89 80 75 73 71
 5 -48 11 101 100 98 94 92 91 87 84 83 79 72
 4 -45 9 101 93 92 90 89 87 83 79 71
 8 0 11 99 96 94 92 91 90 89 87 85 84 83
 7 -58 9 100 95 94 91 88 86 84 82 81
 1 -21 7 94 93 87 83 80 79 71
 7 -45 8 97 94 87 86 85 84 83 72
 5 -23 7 96 95 89 87 85 84 83
 2 -33 5 92 91 87 86 71
 10 -99 5 90 88 87 83 71
 5 -45 5 100 87 86 84 72
 8 -24 3 87 72 71
 2 -56 6 95 91 87 86 85 83
 7 -46 5 92 88 87 83 79
 5 -32 4 97 86 85 72
 8 0 4 93 91 83 71
 5 -20 5 95 94 92 91 83
 10 -2 5 95 92 86 84 83
 2 -93 2 85 84
 1 -98 2 89 88
 3 -98 2 90 83
 1 -62 2 90 89
 10 -10 2 86 84
 6 -59 2 85 84
 10 0 2 90 83
 2 -47 2 90 85
 1 -36 1 86
 9 -36 1 88
 10 -13 1 85
 5 -47 1 83
 5 -54 1 102
 5 -43 1 102
 2 -58 1 102
 1 -73 1 102
 6 -28 1 102
 4 -2 1 102
 6 -20 1 102
 4 -42 1 102
 9 -73 1 102
 3 -35 1 102
 2 -22 1 102
 2 -86 1 102
 7 -46 1 102
 7 -36 1 102
 8 -31 1 102
 1 -21 1 102
 1 -63 1 102
 3 -79 1 102
 3 -24 1 102
 0 23465 0
