102
 0 -60 25 2 3 4 5 6 7 8 9 10 11 12 14 15 17 18 19 20 21 22 23 26 27 28 30 31
 6 -42 15 71 59 55 54 50 47 45 43 42 37 36 34 29 25 24
 5 -17 17 78 71 65 60 55 54 50 49 48 45 44 43 42 41 35 32 29
 2 -79 17 79 71 70 65 54 51 50 48 46 45 44 43 42 38 36 33 25
 7 -41 9 59 50 49 47 43 42 36 24 13
 10 -68 14 77 53 50 49 47 45 44 43 42 40 37 36 34 29
 8 -17 9 79 78 60 45 44 43 36 35 16
 7 -86 10 57 54 50 48 46 45 43 34 32 24
 7 -41 17 101 78 77 70 61 58 57 54 53 51 50 47 46 45 44 36 34
 8 -21 14 77 71 59 58 57 51 50 45 44 41 40 39 36 34
 9 -1 11 70 57 54 51 50 46 45 43 39 36 34
 6 -49 10 79 77 71 70 65 59 50 41 36 29
 3 -66 7 54 51 46 45 44 34 25
 8 -6 13 101 79 78 71 70 66 60 57 54 51 44 43 36
 10 -91 15 101 99 79 77 71 60 59 57 54 52 51 50 46 44 40
 7 -57 11 100 77 71 68 65 63 58 56 50 42 29
 5 -42 6 77 59 45 39 36 29
 2 -64 13 101 77 70 66 65 60 58 56 50 49 45 42 36
 3 -80 12 101 79 77 67 66 60 56 53 51 45 43 36
 7 -37 7 79 78 77 60 56 36 29
 7 -55 16 100 99 79 77 75 70 68 66 65 61 60 59 52 51 49 44
 3 -88 16 101 100 99 98 93 79 78 77 69 59 58 56 50 49 45 37
 8 -9 18 101 100 99 77 75 73 71 70 67 65 64 63 61 60 57 53 51 46
 5 -32 15 101 100 99 97 79 78 68 67 66 63 61 58 52 51 44
 6 -73 14 101 100 99 98 94 77 76 69 66 63 57 56 52 40
 9 -77 8 101 77 73 69 56 45 40 36
 8 -87 13 100 99 95 78 77 73 68 65 58 56 51 49 46
 3 -15 7 78 77 71 67 66 43 36
 4 -82 10 101 99 75 67 66 61 57 52 51 46
 2 -60 13 95 79 77 75 74 72 67 66 65 64 63 60 42
 2 -38 16 101 100 99 98 97 94 93 92 76 75 67 63 62 61 58 52
 1 -82 6 77 76 75 73 61 36
 2 -27 13 101 99 98 93 77 76 73 67 63 61 60 59 56
 8 -61 14 99 98 97 94 93 92 87 79 76 74 72 67 66 60
 10 -97 9 95 93 89 75 74 73 64 63 51
 6 -28 11 100 99 98 97 95 94 93 92 68 63 52
 7 -9 11 97 95 94 92 90 70 68 67 63 62 52
 4 -46 15 100 99 97 96 93 92 91 88 87 85 76 73 72 67 62
 10 0 13 101 99 98 95 94 93 88 78 76 73 72 67 60
 7 -28 11 93 92 90 89 84 78 75 68 67 64 61
 10 -95 11 99 97 96 94 93 92 91 88 73 63 56
 7 -32 9 98 94 92 88 86 76 73 62 57
 7 -8 8 91 89 87 83 76 73 61 58
 8 -26 9 94 93 91 87 85 76 73 72 56
 7 -24 8 96 92 89 76 75 74 64 63
 3 -11 12 98 97 93 91 90 88 87 85 82 74 72 62
 8 -3 12 98 95 94 92 91 89 86 84 81 74 73 63
 3 -31 10 96 95 94 90 87 83 82 76 69 64
 4 -20 7 96 92 88 85 67 63 62
 7 -86 7 87 85 82 74 73 72 62
 4 -29 8 98 94 91 90 86 85 76 69
 7 -67 7 89 87 85 84 81 74 64
 9 -75 9 96 93 92 89 85 84 83 82 81
 6 -77 6 95 92 90 85 80 67
 6 -93 6 96 88 87 83 79 72
 10 -60 5 90 86 82 81 62
 2 -11 8 97 93 87 85 83 82 81 80
 1 -68 8 96 90 88 86 85 84 82 80
 7 -68 5 97 87 85 82 72
 7 -49 6 91 86 85 83 82 80
 10 -87 4 96 95 88 72
 6 -57 4 89 84 83 80
 2 -64 4 87 83 82 80
 8 -54 4 91 88 86 80
 4 -71 4 92 83 81 80
 4 -59 2 88 73
 6 -87 3 86 82 81
 9 -31 3 87 85 80
 2 -54 3 92 81 80
 7 -35 3 89 86 80
 1 -95 3 92 89 82
 9 -61 2 81 80
 7 -88 2 90 80
 5 -45 2 83 80
 6 -70 2 85 81
 5 -55 1 84
 5 -62 1 82
 10 -14 1 85
 10 -77 1 84
 3 -68 1 102
 8 -14 1 102
 3 -70 1 102
 3 -12 1 102
 4 -73 1 102
 10 -46 1 102
 10 -62 1 102
 5 -23 1 102
 8 -81 1 102
 3 0 1 102
 8 -95 1 102
 3 -99 1 102
 10 -18 1 102
 4 -72 1 102
 10 -87 1 102
 3 -3 1 102
 1 -41 1 102
 4 -13 1 102
 8 -46 1 102
 2 -87 1 102
 2 -76 1 102
 4 -66 1 102
 0 26050 0
