102
 0 -44 24 2 3 4 5 6 7 8 9 10 11 12 13 15 18 19 20 21 22 23 26 27 29 40 44
 2 -73 13 58 51 50 49 47 43 42 41 38 37 36 34 17
 10 -83 10 63 58 55 48 42 37 34 31 28 24
 2 -29 11 73 72 63 56 50 48 47 45 35 32 16
 9 -96 10 60 53 51 48 46 45 42 37 33 24
 9 -44 8 73 72 53 46 35 31 30 16
 8 -32 8 63 62 61 59 58 45 39 14
 6 -38 17 72 70 65 63 62 61 58 57 56 53 52 51 49 46 43 36 31
 4 -36 14 73 72 65 58 55 53 52 51 50 47 43 42 38 25
 10 -29 14 75 72 70 65 61 58 56 55 50 48 43 37 32 31
 7 -17 10 65 57 53 50 49 47 36 35 32 25
 8 -89 11 70 63 60 58 57 55 52 47 42 36 34
 6 -98 15 101 87 72 70 65 62 59 58 57 56 55 53 47 45 32
 9 -85 13 88 73 72 65 57 56 51 49 47 46 43 42 32
 6 -14 16 76 75 72 70 66 65 63 62 60 59 57 55 54 53 42 38
 7 -89 13 101 75 74 71 70 69 60 59 58 54 43 41 37
 8 -29 13 87 80 75 71 70 67 61 59 55 52 48 45 32
 10 -50 12 73 65 62 60 59 58 57 54 52 51 47 43
 2 -17 11 76 66 65 62 57 55 54 53 47 42 38
 6 -30 9 87 72 70 69 59 58 54 46 37
 9 -3 8 65 62 60 58 55 47 42 36
 10 -54 14 99 80 79 75 70 67 65 62 61 60 58 57 54 42
 10 -49 13 87 76 70 69 66 64 61 60 59 57 53 48 46
 10 -91 8 69 65 61 57 54 50 47 36
 3 -4 16 87 80 79 76 75 74 71 70 67 66 64 60 59 56 54 45
 5 -84 8 101 76 72 65 60 54 47 36
 1 -28 14 100 87 75 74 71 68 67 66 64 60 57 56 50 45
 10 -82 8 100 76 70 68 59 47 45 43
 2 -13 11 100 97 79 76 71 70 67 66 59 45 42
 6 -88 9 101 97 76 71 68 67 56 48 47
 5 -47 13 101 99 91 87 83 79 74 71 69 67 60 59 54
 10 -7 12 99 92 89 85 79 76 74 69 66 64 60 54
 8 -27 15 98 97 95 94 90 87 79 78 75 72 70 67 65 56 55
 8 -71 14 101 98 97 95 88 87 73 72 69 67 66 65 62 56
 8 -4 10 101 93 92 87 75 74 64 61 58 54
 1 -33 15 100 98 97 96 92 88 87 86 79 78 75 71 66 64 59
 2 -84 10 99 93 80 78 76 67 66 64 62 52
 8 -89 14 100 99 97 95 91 90 89 88 87 79 74 68 67 56
 3 -87 14 100 99 98 95 93 91 89 88 79 72 71 69 67 57
 9 -80 13 98 97 96 93 89 88 84 75 71 69 67 66 64
 4 -36 10 100 95 94 87 79 76 66 61 57 55
 3 -75 12 101 92 89 87 86 85 84 83 74 69 68 64
 7 -21 13 99 97 96 94 91 90 89 87 85 84 78 67 66
 2 -57 12 99 96 94 92 91 90 89 85 78 75 70 66
 3 -3 13 99 96 93 92 91 89 88 86 84 83 82 77 69
 5 -99 7 97 95 80 78 74 71 55
 7 -54 9 99 98 90 89 80 79 75 74 64
 4 -2 9 100 98 95 92 83 82 79 78 62
 8 -66 14 100 95 94 93 92 91 90 89 86 85 84 83 82 78
 4 -75 13 101 97 95 93 91 90 89 86 85 83 82 79 78
 8 -87 10 101 94 93 91 90 89 87 86 84 66
 2 -8 11 100 96 94 91 89 88 86 85 83 81 79
 4 -88 6 95 84 83 78 71 67
 4 -21 6 100 97 94 86 77 68
 1 -4 8 99 93 92 89 85 84 83 77
 4 -29 8 96 93 92 86 85 84 83 77
 8 -55 7 97 92 90 86 85 82 77
 4 -74 5 89 85 84 83 76
 10 -14 6 93 90 89 85 82 81
 4 -4 6 96 95 93 86 84 81
 4 -95 6 96 91 89 84 82 81
 8 -73 5 91 90 86 85 77
 9 -37 5 94 90 83 82 81
 5 -64 4 95 94 91 82
 5 -42 4 85 83 82 81
 4 -86 3 83 82 77
 2 -88 3 92 86 77
 2 -30 3 98 82 78
 6 -17 3 94 90 78
 4 -38 3 93 88 82
 8 -17 2 85 77
 9 -22 2 83 77
 10 -67 2 84 77
 5 -86 1 77
 4 -50 1 77
 1 -58 1 77
 2 -17 1 81
 6 -25 1 81
 4 -51 1 84
 2 -43 1 82
 6 -33 1 102
 10 -71 1 102
 7 -69 1 102
 4 -95 1 102
 9 -44 1 102
 6 -39 1 102
 2 -78 1 102
 2 -55 1 102
 10 -43 1 102
 6 -54 1 102
 5 -97 1 102
 9 -89 1 102
 7 -15 1 102
 4 -43 1 102
 10 -1 1 102
 2 -2 1 102
 5 -45 1 102
 10 -23 1 102
 6 -61 1 102
 8 -92 1 102
 7 -61 1 102
 0 25175 0
