102
 0 -60 6 2 3 5 6 9 10
 5 -75 4 14 13 7 4
 1 -29 6 23 17 15 13 12 11
 1 -78 4 21 17 12 8
 3 -43 6 28 26 23 20 17 15
 6 -67 6 28 24 22 21 18 17
 8 -3 10 35 33 30 28 27 24 23 22 21 20
 9 -52 4 31 20 18 16
 10 -11 3 20 19 14
 10 -75 8 39 28 27 25 24 20 19 18
 5 -58 9 39 35 33 31 30 28 27 26 21
 4 -4 6 39 33 28 27 24 18
 2 -55 6 39 28 27 26 20 19
 9 -74 8 39 35 33 31 28 27 24 21
 1 -42 5 39 31 24 21 19
 4 -61 6 39 32 28 25 24 19
 3 -46 5 41 39 32 27 19
 9 -6 7 38 35 34 32 30 29 26
 3 -69 6 44 38 35 34 33 30
 6 -53 6 44 42 41 34 32 29
 5 -31 4 38 34 32 25
 4 -58 7 44 42 41 39 37 36 31
 2 -87 4 41 39 34 32
 4 -20 6 44 43 41 40 38 37
 1 -88 5 44 41 40 37 36
 5 -62 5 47 44 41 40 37
 10 -12 4 45 42 37 34
 1 -73 5 53 47 43 41 40
 9 -34 4 53 45 40 36
 5 -60 3 45 37 36
 10 -25 4 53 45 43 38
 5 -93 3 48 37 36
 3 -17 3 42 40 36
 3 -24 5 53 48 47 46 40
 5 -66 2 43 37
 6 -68 5 56 52 49 47 43
 10 -92 7 56 54 53 52 51 49 46
 8 -60 6 56 54 52 49 48 47
 9 -98 5 54 53 52 49 47
 3 -97 7 57 56 54 52 51 50 49
 6 -22 4 54 52 50 45
 4 -15 6 57 54 52 51 50 48
 6 -61 3 54 51 46
 2 -99 4 57 54 52 49
 7 -61 6 60 59 58 57 56 48
 5 -31 5 66 59 58 57 50
 1 -35 3 57 51 50
 10 -10 5 71 68 66 62 55
 3 -32 4 66 59 58 55
 4 -62 4 71 62 60 55
 2 -67 4 67 60 59 58
 9 -21 5 71 67 64 62 60
 7 -8 2 60 55
 2 -85 5 71 67 63 62 60
 10 -60 6 82 73 67 64 63 61
 1 -52 6 82 73 71 64 63 61
 4 -45 5 73 69 68 67 61
 6 -9 4 73 69 64 61
 2 -47 7 82 80 75 72 71 70 69
 5 -3 3 82 69 61
 2 -12 5 80 76 75 74 72
 4 -72 5 83 82 76 73 70
 6 -84 4 76 75 70 69
 8 -41 2 80 65
 6 -30 4 83 78 76 70
 3 -47 11 86 85 84 83 82 81 80 79 78 77 76
 10 -8 6 86 81 80 79 75 74
 4 0 9 95 84 83 82 81 80 79 78 77
 10 -69 7 95 94 86 83 81 78 74
 9 -11 7 95 94 87 86 81 79 74
 1 -74 5 95 81 78 76 74
 5 -44 8 95 86 84 83 81 79 78 77
 10 -94 5 95 91 90 84 78
 5 -66 4 91 85 84 77
 2 -26 5 95 94 93 90 87
 5 -8 4 94 91 90 87
 10 -51 5 100 93 92 90 89
 9 -34 5 101 100 99 88 87
 5 -86 5 100 92 91 90 89
 7 -40 4 101 99 94 88
 1 -19 4 101 100 99 88
 4 -98 4 100 92 91 89
 3 -87 5 100 98 97 96 90
 4 -35 3 100 89 88
 3 -50 3 99 89 88
 5 -80 5 101 99 97 96 92
 5 -69 2 92 89
 8 -70 3 97 96 92
 3 -1 2 97 96
 3 -87 2 101 99
 3 -35 2 99 96
 4 -66 1 98
 7 -3 1 97
 4 -20 1 100
 1 -15 1 96
 6 -35 1 102
 9 -33 1 102
 6 -56 1 102
 1 -13 1 102
 8 -81 1 102
 5 -1 1 102
 0 24010 0
