102
 0 -68 5 2 3 5 8 15
 9 -56 3 21 13 4
 6 -11 3 13 10 7
 8 -73 3 19 16 6
 10 -45 3 19 14 6
 5 -97 4 25 12 11 9
 8 -54 4 25 12 11 9
 10 -25 5 25 21 20 18 17
 7 -8 5 26 24 23 20 18
 4 -43 5 35 25 21 19 17
 3 -16 5 35 28 24 22 17
 1 -46 5 35 26 24 23 18
 9 -29 4 35 28 27 17
 9 -29 5 31 27 26 23 20
 6 -65 2 25 17
 8 -39 8 39 35 31 30 29 27 25 24
 6 -88 6 34 32 31 30 26 23
 3 -76 6 44 39 34 32 28 22
 4 -96 6 44 39 32 31 27 26
 2 -52 8 43 39 37 36 35 34 33 32
 8 -56 4 44 38 30 24
 8 -29 4 42 31 30 27
 9 -55 7 50 44 42 40 39 38 29
 8 -88 6 47 43 42 36 33 32
 8 -78 6 47 43 38 37 36 32
 9 -18 5 43 42 38 33 29
 5 -5 6 47 46 40 38 37 36
 6 -8 5 49 47 41 37 33
 5 -73 4 51 46 37 36
 9 -36 4 46 45 40 36
 7 -40 3 50 41 33
 1 -46 6 50 49 48 45 41 40
 6 -97 6 62 56 48 46 45 40
 3 -13 5 56 48 47 45 40
 3 -66 5 51 50 49 48 42
 4 -18 4 58 49 48 41
 6 -75 5 62 56 53 48 45
 7 -76 5 62 56 55 53 48
 4 -49 4 62 52 46 45
 10 -73 5 58 55 53 52 51
 8 -71 7 66 62 60 59 56 55 54
 1 -81 4 59 55 53 52
 2 -40 3 58 52 46
 9 -48 4 66 59 54 52
 3 -42 4 66 59 55 54
 7 -69 4 66 60 59 54
 4 -23 4 59 58 55 54
 6 -41 3 66 59 52
 5 -53 4 66 62 59 57
 7 -66 4 67 60 59 58
 7 -41 3 64 60 54
 1 -62 4 64 61 60 57
 6 -12 2 66 54
 2 -74 4 78 70 61 57
 8 -29 6 78 70 69 67 64 61
 5 -74 2 70 57
 7 -34 6 72 69 68 67 65 63
 9 -58 6 70 69 68 65 64 63
 3 0 4 70 69 64 61
 7 -83 3 78 70 63
 10 -90 3 84 72 63
 6 -1 3 84 72 63
 9 -13 8 83 82 80 77 76 74 73 71
 2 -49 7 84 83 82 77 76 74 71
 2 -53 8 92 84 83 82 80 77 74 73
 3 -23 6 87 84 83 78 74 71
 5 -83 7 92 87 84 82 81 80 74
 4 -57 6 87 83 82 81 75 74
 4 -74 7 101 92 91 88 87 83 79
 2 -37 6 100 92 85 84 82 81
 8 0 4 93 92 81 75
 8 -21 4 85 83 81 79
 7 -22 4 101 87 81 79
 3 -55 4 91 88 85 79
 10 -58 5 100 91 88 86 85
 10 -15 7 101 100 94 91 90 88 86
 2 -71 6 101 99 94 90 88 87
 3 -58 6 99 93 91 90 89 88
 8 -22 5 100 93 90 89 86
 6 -53 5 100 99 93 90 88
 6 -49 5 99 94 91 90 88
 4 -34 5 101 98 93 91 88
 7 -81 3 100 89 86
 6 -33 5 101 99 98 95 93
 7 -68 4 101 99 96 89
 6 -96 3 99 97 95
 7 -40 3 100 98 95
 10 -61 2 97 95
 2 -66 2 98 94
 8 -65 2 98 96
 8 -62 2 97 96
 2 -70 2 98 96
 9 -22 1 94
 3 -75 1 97
 7 -21 1 96
 2 -71 1 102
 1 -66 1 102
 7 -51 1 102
 3 -37 1 102
 9 -12 1 102
 3 -12 1 102
 0 24815 0
