102
 0 -83 10 2 3 4 5 6 8 9 10 13 14
 1 -69 5 21 20 18 11 7
 8 -29 6 25 21 18 16 15 11
 9 -48 4 25 15 12 11
 3 -42 7 25 23 21 20 19 18 16
 6 -100 5 27 25 24 20 12
 10 -11 4 27 25 17 15
 8 -28 4 27 24 20 12
 8 -23 4 27 24 19 17
 6 -63 6 49 28 26 24 23 21
 2 -2 5 34 28 27 23 19
 6 -71 2 22 17
 9 -57 4 28 25 22 20
 2 -57 5 33 29 28 22 21
 9 -85 6 34 33 31 29 24 22
 10 -89 9 49 40 38 37 35 31 30 27 26
 6 -76 4 38 28 26 23
 8 -90 9 49 43 38 35 34 33 32 30 28
 7 -32 5 43 33 31 29 22
 9 -12 7 49 41 40 38 37 31 26
 6 -14 7 40 38 37 35 32 31 27
 10 -17 7 49 40 38 37 36 35 30
 9 -70 7 43 41 40 36 32 31 29
 9 -95 6 43 40 38 37 32 30
 7 -91 6 43 41 40 39 32 31
 7 -90 4 43 34 33 32
 6 -60 7 48 45 44 43 41 39 36
 5 -73 6 48 44 41 40 37 36
 3 -68 6 50 48 45 44 42 37
 5 -71 5 48 46 42 41 39
 5 -24 6 60 50 48 46 45 42
 10 -55 5 50 46 45 44 42
 5 -2 4 48 46 44 36
 7 -65 5 56 48 45 44 39
 7 -57 5 52 48 47 46 44
 6 -39 8 60 59 56 53 52 51 50 47
 7 -69 7 60 54 53 52 51 47 46
 9 -74 6 54 53 52 48 46 45
 4 -3 7 60 59 54 53 52 51 47
 6 -90 7 61 60 59 56 53 52 50
 1 -54 6 60 59 56 55 53 50
 5 -82 4 59 53 52 47
 7 -49 4 61 59 52 50
 4 -24 6 66 60 59 55 54 53
 7 -73 4 58 57 55 51
 4 -22 7 79 66 62 61 59 58 56
 4 -84 5 66 61 58 57 55
 6 -64 3 58 55 51
 9 -2 3 59 55 51
 1 -25 4 68 66 58 54
 2 -59 5 79 66 64 62 61
 2 -90 4 79 64 62 55
 10 -70 3 79 67 58
 1 -87 4 79 74 67 62
 8 -49 5 74 68 67 65 63
 4 -5 5 74 68 67 65 64
 5 -50 3 79 64 62
 9 -66 4 74 65 64 63
 8 -88 4 74 67 65 63
 2 -59 4 79 67 65 63
 4 -37 3 74 67 65
 5 -14 3 70 65 63
 4 -27 6 78 76 75 73 71 69
 1 -1 5 78 75 73 72 70
 5 -66 6 81 78 76 75 71 69
 3 -4 6 81 78 76 75 71 69
 10 -31 5 78 77 75 73 70
 6 -82 9 94 87 86 84 82 81 77 76 75
 9 -54 5 94 86 84 82 72
 9 -55 5 94 87 80 76 71
 5 -69 7 101 89 86 85 84 83 82
 7 -25 4 87 83 80 77
 6 -62 5 101 89 85 84 81
 2 -95 3 100 93 77
 3 -75 8 101 100 98 93 92 91 88 85
 8 -47 7 100 98 93 92 91 88 85
 3 -57 6 101 98 91 89 88 85
 7 -62 6 100 98 93 91 89 85
 10 -60 5 101 93 91 89 85
 9 -4 5 101 100 98 92 85
 1 -13 6 100 98 97 93 91 90
 4 -61 5 100 97 92 91 90
 3 -22 5 100 98 93 91 90
 8 -49 4 98 97 92 88
 2 -49 4 99 97 96 90
 7 -24 3 97 95 91
 9 -50 3 99 96 95
 1 -23 2 96 95
 4 -33 1 92
 3 -20 1 95
 1 -91 1 96
 7 -63 1 95
 5 -44 1 95
 8 -64 1 96
 5 -8 1 102
 1 -31 1 102
 10 -96 1 102
 8 -12 1 102
 5 -44 1 102
 6 -82 1 102
 6 -39 1 102
 0 25705 0
