92
 0 -34 14 2 3 4 5 6 7 8 9 10 12 13 14 15 23
 2 -100 12 58 44 40 32 31 30 26 22 21 18 17 11
 4 -20 11 58 46 44 40 38 34 28 25 21 20 16
 4 -44 7 58 40 33 30 26 21 11
 8 -37 14 67 62 58 49 45 42 39 33 32 30 29 28 26 25
 7 -22 13 72 68 67 58 56 50 46 41 31 30 28 27 24
 8 -52 18 72 66 62 58 56 53 52 49 48 46 45 44 43 41 40 39 38 28
 10 -36 10 58 53 50 49 42 37 36 33 31 19
 9 -5 12 53 52 49 48 46 43 42 41 34 32 28 21
 10 -39 9 72 57 49 46 45 42 38 33 18
 6 -28 14 72 67 66 62 57 56 52 46 42 41 37 35 29 24
 5 -54 13 91 88 61 57 50 49 46 41 38 33 30 29 25
 3 -59 9 58 57 52 49 46 41 39 31 18
 2 -61 15 90 72 70 67 62 57 56 55 53 52 48 45 44 40 28
 5 -50 11 72 70 67 56 51 47 43 42 40 33 30
 10 -50 13 72 71 70 67 66 61 53 51 43 41 39 35 33
 6 -32 20 91 90 87 70 68 67 66 62 61 60 59 57 56 55 53 51 50 49 47 41
 1 -74 13 91 90 70 66 62 61 56 55 54 53 48 35 28
 4 -92 11 91 72 70 66 62 61 57 56 46 41 28
 4 -64 13 90 72 70 68 67 66 64 55 52 48 43 42 41
 9 -90 19 91 90 88 87 86 72 70 68 67 66 65 63 62 61 60 59 55 54 50
 3 -49 12 90 88 70 66 60 57 53 52 48 45 41 35
 8 -2 15 89 88 87 71 70 69 68 66 61 56 55 54 52 48 46
 7 -58 10 89 88 84 71 70 53 49 48 45 39
 8 -41 9 72 71 68 66 60 56 53 48 35
 2 -57 8 91 85 66 64 59 51 43 41
 3 -36 10 91 90 86 82 80 70 54 51 45 43
 10 -53 9 89 87 83 69 64 60 59 51 47
 9 -30 12 90 89 87 84 81 79 70 69 60 59 55 53
 2 -7 12 90 86 84 83 80 69 66 64 63 59 54 52
 10 -1 11 86 85 83 79 66 65 63 62 61 59 54
 5 -88 9 85 83 81 80 66 57 56 51 50
 7 -58 10 90 86 84 81 80 69 65 55 52 48
 1 -60 8 86 72 69 63 61 59 56 51
 6 -12 11 89 87 86 85 83 80 69 65 64 63 59
 1 -66 11 91 88 87 85 83 82 78 67 65 63 56
 6 -81 9 84 81 80 79 69 63 60 59 55
 4 -62 11 84 83 80 78 77 75 69 68 67 65 64
 6 -16 10 91 87 86 82 80 78 75 65 63 55
 6 -94 9 91 87 85 81 80 79 69 63 54
 6 -58 8 86 81 80 79 69 65 63 54
 9 -39 7 89 87 82 78 65 63 61
 8 -9 6 83 79 77 65 60 57
 4 -59 7 88 84 83 79 76 65 61
 1 -80 6 77 75 69 65 64 63
 2 -59 5 86 79 76 65 59
 9 -80 8 86 85 84 80 78 77 71 65
 2 -57 2 63 59
 8 -67 5 85 76 75 74 64
 8 -73 7 89 84 82 78 77 74 73
 10 -86 5 88 79 76 75 65
 8 -74 6 85 82 78 77 74 73
 4 -3 4 85 83 80 65
 4 -7 5 77 76 75 74 73
 3 -56 5 85 83 77 74 73
 7 -19 5 84 79 77 75 73
 1 -27 4 84 78 74 69
 10 -31 4 90 83 76 70
 3 -25 4 82 78 77 75
 2 -34 4 76 75 74 73
 10 -95 4 81 80 75 73
 10 -71 3 77 71 69
 9 -52 3 76 74 73
 5 -7 3 81 79 73
 6 -58 2 74 73
 8 -30 2 78 75
 4 -83 2 74 73
 4 -46 2 79 76
 2 -41 1 73
 4 -4 1 74
 2 -52 1 73
 1 -72 1 73
 7 -36 1 92
 9 -92 1 92
 6 -39 1 92
 8 -78 1 92
 1 -52 1 92
 5 -10 1 92
 5 -13 1 92
 6 -92 1 92
 10 -37 1 92
 10 -78 1 92
 2 -90 1 92
 10 -35 1 92
 6 -65 1 92
 4 -27 1 92
 1 -73 1 92
 1 -9 1 92
 4 -5 1 92
 8 -95 1 92
 5 -44 1 92
 0 22190 0
