102
 0 -80 8 2 4 5 6 7 9 10 12
 7 -72 4 21 16 15 3
 2 -8 3 20 17 8
 10 -60 8 25 24 21 18 17 16 15 14
 7 -40 7 25 20 17 16 15 14 13
 4 -44 7 25 19 18 16 15 14 13
 5 -54 6 25 20 16 15 14 13
 10 -42 5 19 18 14 13 11
 7 -92 7 25 23 22 21 20 15 13
 8 -29 6 27 25 23 22 21 20
 2 -50 7 38 34 31 27 25 23 22
 4 -25 3 25 18 16
 5 -58 8 38 36 33 31 29 28 26 24
 5 -95 7 38 36 35 34 29 23 22
 4 -41 8 39 37 35 34 33 31 27 26
 9 -77 9 40 39 37 35 34 33 31 30 27
 1 -17 7 39 35 34 32 31 28 23
 5 -17 6 40 37 34 30 27 22
 6 -32 7 40 37 35 34 33 30 27
 1 -82 5 36 34 31 29 28
 4 -37 5 38 37 35 34 26
 6 -19 6 51 48 41 39 33 32
 1 -50 5 48 40 37 33 30
 5 -5 4 48 35 32 30
 5 -8 5 46 40 39 37 35
 1 -66 4 48 40 32 30
 7 -10 5 48 46 41 36 32
 9 -95 6 51 47 46 44 42 37
 7 -98 6 48 44 42 40 39 37
 5 -19 7 53 50 47 46 43 42 41
 10 -30 8 56 54 53 51 50 44 43 42
 2 -96 7 56 53 50 47 44 43 42
 2 -59 7 53 52 50 47 46 44 42
 3 -98 6 56 53 47 43 42 41
 8 -37 7 56 53 52 51 47 44 42
 4 -75 6 56 53 50 49 45 43
 4 -9 5 56 53 50 45 43
 3 -9 5 56 53 52 49 45
 1 -33 5 56 55 54 50 45
 10 -22 3 57 56 43
 7 -57 2 59 44
 6 -5 3 72 55 45
 8 -58 5 72 67 59 55 52
 3 0 3 61 60 49
 2 -8 8 67 66 63 61 60 59 58 57
 7 -28 7 72 67 66 63 59 57 56
 10 -75 6 67 64 63 60 55 54
 10 -9 7 64 63 62 61 60 57 56
 1 -12 6 72 67 63 62 57 55
 8 -87 6 72 69 66 65 60 59
 9 -37 4 72 63 61 55
 6 -44 5 64 63 62 61 60
 7 -12 5 69 66 64 62 58
 8 -1 7 76 72 69 68 66 65 62
 8 -97 4 77 69 66 58
 4 -58 3 77 69 58
 5 -43 7 77 76 74 73 70 69 68
 6 -19 6 76 75 73 70 68 65
 1 -30 4 81 71 64 62
 5 -14 6 81 76 75 74 70 68
 7 -62 4 78 76 70 69
 6 -86 5 79 77 75 74 73
 10 -56 4 81 75 74 71
 1 -58 5 79 78 77 75 74
 5 -71 3 81 74 71
 2 -40 5 85 79 78 75 74
 3 -67 6 88 81 80 79 78 75
 9 -55 6 88 85 83 80 79 78
 4 -80 6 88 85 82 81 80 75
 9 -23 7 88 87 85 84 83 80 79
 4 -37 5 88 85 80 79 78
 10 -14 5 88 85 82 80 75
 4 -75 5 93 91 85 80 78
 7 -47 6 93 88 84 83 82 80
 3 -45 7 97 93 91 87 86 84 83
 8 -54 5 97 93 86 85 84
 2 -32 5 97 91 89 85 82
 4 -69 3 87 84 82
 10 -19 3 93 91 82
 3 -30 5 97 92 90 89 86
 9 -40 3 92 86 84
 10 -95 3 92 90 86
 6 -82 3 92 90 89
 10 -76 4 101 100 94 89
 1 -80 2 92 90
 10 -71 4 101 100 96 94
 10 -76 2 101 90
 1 -66 2 94 92
 1 -1 3 99 96 95
 4 -10 2 95 94
 6 -98 3 101 99 98
 1 -24 2 100 96
 5 -5 1 95
 1 -33 1 99
 5 -17 1 98
 2 -2 1 98
 7 -83 1 98
 6 -56 1 102
 9 -31 1 102
 7 -78 1 102
 8 -75 1 102
 0 23515 0
