102
 0 -96 6 2 4 5 6 7 8
 10 -43 5 13 12 11 9 3
 9 -81 9 25 24 23 22 19 18 16 15 14
 6 -6 7 26 25 21 19 18 15 12
 2 -31 6 25 22 18 15 14 12
 1 -35 5 26 21 19 13 9
 5 -5 6 29 25 22 21 18 12
 4 -85 4 24 23 18 10
 10 -92 5 27 24 22 18 15
 9 -30 6 34 30 27 26 22 15
 5 -20 4 36 23 22 17
 9 -25 8 34 32 30 28 27 24 23 20
 3 -95 5 38 29 27 22 18
 3 -54 6 38 34 32 30 21 20
 8 -89 6 38 32 31 29 28 20
 10 -52 6 41 38 32 31 30 26
 1 -15 5 38 34 30 27 26
 2 -1 7 46 41 36 35 34 31 30
 8 -27 7 46 41 38 37 36 33 31
 2 -54 6 46 41 37 36 35 33
 1 -5 6 46 41 36 35 33 31
 6 -10 5 35 33 32 31 28
 1 -52 6 46 40 38 37 35 33
 2 -24 5 38 37 35 33 31
 6 -87 4 41 40 35 30
 1 -77 2 35 28
 9 -85 6 46 44 43 41 39 37
 6 -12 7 47 46 45 44 43 40 39
 5 -63 5 47 46 43 42 41
 10 -5 3 44 37 33
 9 -51 4 45 42 40 39
 3 -60 4 47 45 42 39
 10 -87 5 49 48 47 45 43
 9 -71 3 47 45 39
 4 -89 2 42 39
 9 -75 3 53 44 40
 7 -28 6 53 52 51 49 48 47
 5 -60 6 60 53 51 49 48 47
 6 -82 5 53 52 51 49 48
 9 -63 4 52 51 49 48
 9 -55 4 60 51 48 45
 8 -85 1 44
 2 -51 5 55 53 52 51 50
 9 -48 4 60 51 49 48
 3 -20 4 58 55 53 50
 3 -43 4 60 58 53 50
 1 -59 4 58 56 55 54
 2 -64 2 55 50
 8 -42 2 58 50
 5 -9 3 65 56 54
 1 -92 3 65 58 54
 9 -55 5 65 61 60 59 57
 1 -65 4 70 65 57 56
 8 -90 4 70 61 59 57
 10 -6 3 70 65 57
 4 -53 5 81 76 68 61 59
 7 -96 7 76 72 71 69 66 64 62
 7 -50 9 80 79 77 76 74 72 71 68 67
 9 -84 4 79 73 66 63
 9 -66 9 79 78 77 76 74 72 71 70 67
 5 -37 7 80 79 78 77 72 71 67
 5 -47 6 81 80 79 78 74 67
 6 -65 5 78 77 74 71 69
 1 -57 4 89 83 79 68
 2 -31 6 93 85 84 83 76 75
 6 -22 9 94 88 87 86 85 84 82 80 77
 2 -76 6 89 87 85 84 83 75
 8 -46 6 93 87 85 84 78 75
 4 -74 6 93 89 87 84 83 75
 5 -52 6 93 89 87 84 83 75
 8 -6 8 94 92 89 88 87 86 85 82
 5 -28 8 99 93 89 88 87 86 84 83
 10 -86 2 84 75
 3 -41 7 100 98 93 92 89 86 85
 3 -41 5 94 92 88 86 82
 2 -50 8 101 100 99 91 90 89 88 87
 3 -47 4 101 99 93 83
 8 -42 6 100 99 98 96 90 86
 8 -34 5 99 93 90 88 87
 1 -70 7 100 99 98 97 96 92 91
 3 -72 4 98 93 90 86
 6 -14 6 100 99 98 97 96 90
 5 -81 5 100 97 96 91 90
 4 -82 4 100 98 92 91
 9 -38 4 99 97 96 91
 8 -90 3 101 97 95
 2 -34 3 98 97 95
 5 -63 2 96 95
 7 -94 2 96 95
 6 -60 1 95
 3 -28 1 95
 4 -84 1 95
 3 -62 1 96
 7 -12 1 101
 2 -47 1 102
 7 -48 1 102
 6 -29 1 102
 3 -98 1 102
 8 -31 1 102
 6 -33 1 102
 4 -41 1 102
 0 26240 0
