102
 0 -36 7 2 3 4 5 7 8 10
 5 -5 7 22 21 15 14 13 9 6
 7 -39 5 18 16 15 14 12
 10 -64 3 25 20 9
 5 -74 5 35 27 17 15 12
 1 -95 6 35 27 25 20 19 16
 8 -92 4 27 25 20 11
 2 -69 4 35 25 21 17
 1 -48 3 19 18 17
 4 -45 3 33 23 14
 5 -42 5 35 33 30 24 23
 5 -44 3 30 23 19
 10 -80 3 27 25 19
 3 -76 4 35 30 25 24
 5 -61 3 30 29 19
 7 -76 4 33 30 29 24
 2 -74 3 33 24 23
 3 -24 6 35 33 30 29 28 26
 3 -82 2 33 24
 3 -25 2 33 24
 3 -90 2 30 24
 2 -42 5 33 32 31 30 28
 9 -90 4 32 31 29 28
 9 -60 3 32 28 26
 8 -39 4 36 32 29 28
 2 -31 3 38 34 31
 10 -69 6 41 40 39 38 37 36
 7 -72 6 54 47 46 38 37 34
 8 -91 6 47 41 40 39 38 37
 9 -14 6 55 48 46 43 41 36
 9 -77 5 48 43 41 37 36
 1 -85 4 47 39 38 37
 3 -86 6 50 44 43 41 40 37
 2 -34 6 53 50 44 43 42 40
 5 -68 4 54 47 43 37
 3 -3 9 57 56 54 53 52 51 50 47 42
 7 -36 7 57 56 55 53 52 51 42
 7 -72 7 61 57 51 50 49 48 44
 5 -42 4 59 48 43 42
 8 -100 5 61 57 51 49 48
 8 -48 5 74 63 59 56 49
 2 -98 2 61 45
 1 -4 4 74 63 57 49
 9 -88 7 69 65 63 60 59 58 56
 2 -66 3 74 63 49
 7 -50 3 59 56 49
 8 -63 8 74 69 67 65 62 60 59 58
 9 -3 4 74 69 58 52
 9 -18 7 69 67 66 65 62 60 58
 4 -65 4 65 63 59 58
 6 -66 6 69 67 66 65 62 58
 9 -85 5 78 66 65 63 62
 7 -7 5 69 67 64 59 58
 10 -60 4 69 65 63 58
 10 -17 11 78 76 75 74 73 72 71 70 69 68 67
 4 -52 5 79 78 75 66 62
 10 -5 8 78 76 75 73 72 68 67 65
 4 -15 8 82 79 78 76 75 73 72 68
 9 -11 6 79 75 72 70 68 66
 8 0 5 78 73 72 68 64
 3 -52 8 82 81 79 76 75 74 73 71
 1 -45 7 82 76 73 72 71 70 68
 10 -18 4 75 72 67 64
 3 -27 5 86 82 77 76 71
 1 -43 5 86 84 82 79 70
 2 -57 4 83 81 76 73
 9 -88 9 90 87 86 85 84 83 82 80 79
 5 -44 6 90 86 84 83 81 77
 2 -100 4 90 84 83 77
 10 -17 3 90 83 77
 1 -68 7 90 89 88 87 85 84 83
 2 -10 5 90 87 85 83 80
 4 -23 2 86 77
 4 -19 2 86 77
 2 -10 4 90 86 85 80
 5 -34 5 90 89 88 87 85
 2 -61 4 101 87 85 80
 6 -29 4 98 89 87 85
 9 -58 8 101 100 99 96 93 92 91 88
 5 -77 6 100 99 93 91 89 88
 6 -43 6 100 93 92 91 89 88
 10 -12 9 101 100 99 98 96 95 93 92 91
 6 -51 8 101 100 99 97 96 95 92 91
 10 -52 6 101 97 96 95 92 91
 1 -89 5 99 96 95 93 91
 5 -3 5 97 96 95 92 91
 5 -13 4 100 99 97 92
 6 -23 4 98 97 95 94
 6 -25 4 97 96 95 94
 4 -65 2 101 94
 1 -15 1 94
 9 -69 1 94
 1 -45 1 94
 8 -80 1 102
 6 -97 1 102
 8 -42 1 102
 3 -96 1 102
 1 -84 1 102
 5 -77 1 102
 2 -55 1 102
 1 -90 1 102
 0 25895 0
