102
 0 -75 13 2 3 4 5 6 8 9 10 13 14 16 21 23
 3 -43 11 39 33 31 28 27 26 25 24 22 20 12
 7 -25 6 39 33 31 29 20 7
 8 -3 9 55 35 32 30 29 28 19 18 15
 10 -45 8 44 39 36 30 28 26 24 12
 10 -1 6 55 47 39 32 27 11
 6 -91 10 55 47 36 35 34 32 30 28 27 19
 1 -79 6 55 36 30 28 26 17
 6 -26 10 68 64 55 48 46 44 36 32 28 26
 7 -66 7 55 48 47 45 28 27 20
 1 -95 6 48 45 35 29 28 20
 5 -35 8 55 48 47 42 35 34 32 29
 5 -83 7 64 46 44 42 36 32 26
 9 -69 11 68 65 51 48 47 46 44 41 39 38 28
 9 -97 10 68 49 48 46 43 42 41 40 39 26
 8 -40 10 49 48 47 44 43 42 40 38 34 29
 9 -35 13 68 65 48 47 46 45 44 43 41 40 39 38 35
 4 -16 8 64 51 45 41 38 37 36 24
 4 -36 13 68 65 64 51 49 48 44 43 42 41 40 38 37
 7 -72 9 68 64 49 44 43 42 40 38 34
 10 -26 9 68 57 51 46 45 44 39 37 36
 9 -48 13 68 65 64 62 57 49 48 47 46 43 42 41 37
 7 -5 13 68 64 62 60 57 53 51 49 48 47 45 43 37
 5 -13 11 68 66 65 62 50 49 48 47 46 43 40
 6 -59 7 56 52 49 48 46 43 34
 3 -70 4 57 47 38 34
 4 -39 11 66 64 62 61 56 51 50 49 46 43 41
 4 -25 6 62 49 43 42 40 37
 5 -62 11 68 66 64 62 61 59 56 52 50 46 41
 4 -100 12 68 66 65 64 63 62 61 59 56 50 49 41
 8 -41 12 69 66 62 61 59 57 56 54 51 50 49 46
 3 -18 7 66 62 61 49 45 41 40
 6 -37 13 75 67 65 63 62 61 60 57 55 53 50 49 43
 6 -6 6 65 62 60 53 51 37
 5 -8 6 64 62 56 52 49 37
 5 -37 10 65 63 62 61 60 58 52 50 49 43
 2 -93 13 81 77 76 75 69 67 66 63 61 59 58 54 50
 7 -9 10 81 80 77 76 63 62 60 56 52 50
 9 -90 10 81 79 76 73 71 64 61 59 56 53
 9 -44 9 80 77 69 63 60 57 56 54 53
 10 -14 10 89 81 80 79 77 76 69 60 58 54
 4 -93 7 81 76 73 70 67 59 50
 5 -13 12 101 98 81 79 78 77 76 73 71 70 69 59
 7 -72 8 100 81 80 73 70 69 63 56
 5 -82 9 101 80 79 78 77 73 71 70 56
 5 -92 5 81 77 75 63 53
 7 -33 4 100 67 63 52
 9 -42 7 98 82 81 79 77 70 58
 8 -10 10 101 99 98 89 78 77 74 73 72 70
 7 -9 10 100 98 97 88 83 82 79 78 72 71
 3 -6 10 101 98 97 88 82 79 78 76 72 71
 4 -33 9 101 99 98 78 75 74 73 72 70
 2 -18 5 98 89 82 70 58
 7 -10 8 101 100 98 83 74 73 72 70
 2 -39 9 101 97 83 82 81 79 76 74 72
 5 -10 7 99 98 97 96 75 74 67
 5 -32 7 101 99 98 89 81 74 70
 7 -37 7 100 97 88 83 78 74 72
 7 -31 10 100 99 97 96 95 88 87 84 82 80
 3 -14 7 99 97 94 83 82 74 72
 10 -76 12 101 100 99 96 94 93 91 88 87 86 84 82
 2 -85 8 98 97 96 95 94 88 87 74
 2 -85 6 99 98 96 88 78 74
 2 -48 6 101 98 89 88 78 72
 8 -32 11 101 98 96 95 94 93 91 88 87 86 85
 9 -81 8 98 97 95 94 91 86 84 79
 5 -23 8 94 93 89 88 86 84 83 82
 9 -76 3 100 97 72
 7 -21 2 97 72
 4 -21 7 97 95 93 91 88 87 86
 10 -9 2 96 74
 9 -74 6 96 95 93 91 87 85
 3 -74 6 96 95 94 91 87 82
 1 -100 5 93 92 91 86 84
 5 -4 5 95 91 87 86 85
 3 -46 5 95 94 91 86 85
 6 -95 4 96 94 88 84
 3 -66 4 95 94 91 85
 8 -49 4 99 93 92 85
 3 -85 4 94 93 91 86
 3 -17 3 96 94 90
 4 -69 2 92 90
 10 -61 2 91 90
 6 -4 1 85
 3 -48 1 90
 6 -16 1 90
 4 -25 1 92
 10 -37 1 90
 10 -48 1 92
 5 -48 1 102
 5 -89 1 102
 5 -69 1 102
 8 -100 1 102
 2 -51 1 102
 2 -79 1 102
 4 -36 1 102
 8 -15 1 102
 10 -79 1 102
 4 -85 1 102
 3 -43 1 102
 4 -57 1 102
 0 23890 0
