102
 0 -48 7 2 3 4 5 6 7 8
 8 -100 5 18 15 12 11 10
 7 -2 5 18 15 12 11 10
 9 -39 4 21 19 11 9
 10 -1 4 21 15 14 11
 8 -38 2 20 10
 4 -18 6 26 24 22 21 19 14
 10 -12 5 26 21 20 15 12
 1 -34 4 20 16 15 14
 9 -46 5 24 22 19 17 16
 3 -63 3 24 20 13
 10 -93 5 33 30 23 22 17
 9 -85 4 31 28 23 16
 9 -67 4 33 30 25 17
 5 -13 5 35 34 33 23 22
 10 -89 7 39 35 34 30 27 26 25
 3 -72 9 40 38 36 35 34 32 31 28 27
 4 -49 7 40 34 31 29 28 26 24
 4 -36 5 36 31 30 28 23
 2 -15 7 45 37 34 33 32 31 25
 1 -49 8 47 40 39 38 35 34 32 29
 9 -91 4 45 37 31 25
 4 -63 7 47 45 40 39 38 32 29
 6 -92 7 53 47 45 39 38 36 32
 10 -17 6 53 47 43 40 38 36
 10 -3 6 53 47 41 38 37 32
 8 -38 3 47 45 29
 5 -4 6 53 49 44 41 39 37
 5 -58 6 53 51 49 44 41 37
 1 -62 5 52 43 42 41 38
 2 -76 5 46 44 43 41 39
 9 -62 6 57 52 49 44 43 42
 10 -20 6 53 52 49 44 43 42
 1 -94 6 53 52 51 49 46 44
 9 -1 5 54 52 45 44 43
 10 -3 4 52 49 42 41
 10 -60 5 57 52 48 46 43
 9 -87 4 51 49 46 44
 1 -9 7 56 55 54 52 51 50 48
 6 -15 7 57 56 55 54 52 51 50
 8 -11 6 59 57 56 55 54 50
 7 -45 5 56 55 54 51 50
 9 -32 5 62 59 56 55 50
 8 -90 4 62 56 50 48
 10 -82 4 62 56 51 50
 7 -4 3 59 58 54
 3 -56 3 56 54 50
 8 -64 5 65 63 61 60 59
 9 -14 3 64 63 56
 2 -19 4 70 67 65 58
 3 -64 4 70 63 61 59
 9 -24 2 60 58
 2 -81 2 60 58
 5 -10 4 65 62 61 60
 7 -95 4 65 63 61 60
 4 -93 3 75 61 60
 9 -12 4 76 75 64 60
 6 -20 3 75 63 61
 3 -3 7 76 75 73 68 67 66 64
 2 0 7 80 79 71 70 68 67 66
 1 -67 8 89 82 79 76 72 71 69 68
 3 -97 7 89 82 80 79 72 71 70
 9 -6 4 85 80 79 66
 1 -62 8 89 85 82 81 80 79 72 71
 6 -34 6 85 81 80 74 72 71
 7 -73 6 87 84 81 78 74 72
 1 -22 8 89 88 87 83 82 81 78 77
 1 -36 7 88 87 84 83 81 78 77
 1 -39 5 88 87 84 78 73
 8 -81 6 87 85 84 83 81 77
 2 -86 5 92 87 84 83 78
 10 -32 4 90 88 83 77
 2 -38 6 101 99 98 90 85 83
 8 -34 5 97 91 90 89 82
 8 -61 5 101 88 87 83 82
 8 -20 8 99 98 97 92 91 90 88 86
 9 -2 10 101 100 99 98 97 96 95 94 92 91
 7 -75 7 101 100 99 98 97 91 86
 1 -83 7 100 98 97 95 92 91 90
 4 -21 6 100 99 98 97 90 86
 5 -38 6 99 98 95 92 91 90
 6 -9 4 100 98 92 86
 10 -92 3 100 97 86
 6 -31 5 100 98 96 95 91
 10 -75 5 97 95 94 92 91
 5 -9 4 96 95 94 93
 1 -13 4 99 97 94 93
 7 -15 3 96 95 93
 2 -89 3 101 99 94
 5 -21 2 96 94
 7 -70 1 93
 9 -74 1 93
 8 -48 1 102
 2 -83 1 102
 3 -87 1 102
 7 -95 1 102
 1 -67 1 102
 3 -48 1 102
 2 -33 1 102
 4 -97 1 102
 4 -21 1 102
 0 23635 0
