102
 0 -45 7 2 3 6 8 10 11 19
 1 -65 6 23 14 13 9 7 4
 9 -92 5 23 18 17 9 5
 10 -89 5 22 20 17 16 12
 5 -69 4 20 15 14 12
 10 -86 5 25 24 20 18 15
 10 -41 5 26 25 22 20 12
 2 -85 5 26 25 22 20 12
 10 -28 6 28 26 25 24 22 20
 4 -67 7 35 28 27 25 24 23 22
 7 -60 5 34 29 26 25 20
 3 -29 3 28 24 21
 3 -85 6 35 33 29 27 25 22
 4 -56 7 34 31 30 29 28 26 25
 1 -6 4 28 27 26 22
 7 -24 4 34 33 25 21
 3 -27 6 37 35 31 28 27 26
 7 -62 5 45 34 30 28 26
 2 -70 5 35 34 30 28 25
 3 -44 2 33 21
 7 -83 4 35 31 30 27
 4 -70 5 45 36 34 31 30
 6 -5 7 48 45 43 42 36 33 30
 6 -91 3 34 33 29
 5 -83 6 48 45 42 38 37 36
 6 -45 4 43 39 36 32
 1 -54 5 53 45 42 39 32
 3 -15 6 51 48 41 39 36 33
 1 -53 4 42 39 38 36
 5 -82 5 54 53 39 38 37
 2 -20 7 53 48 46 44 43 42 41
 7 -10 6 54 51 49 48 40 38
 7 -87 6 54 53 49 46 44 40
 6 -85 6 53 52 50 47 43 42
 10 -14 6 54 52 51 49 48 41
 3 -29 5 54 53 49 46 44
 4 -36 3 51 49 40
 8 -40 3 50 46 41
 5 -89 2 46 40
 4 -42 6 64 60 58 56 52 47
 1 -83 8 68 63 61 60 58 57 56 55
 4 -17 5 60 58 56 55 51
 9 -41 5 64 61 57 55 49
 8 -97 4 68 58 57 50
 10 -33 8 68 64 62 61 60 59 58 57
 1 -12 4 68 66 64 52
 1 -97 8 69 68 65 63 62 61 59 57
 4 -89 4 64 61 60 55
 5 -48 6 69 65 63 62 59 56
 10 -32 3 63 61 55
 1 -18 6 69 68 65 63 62 59
 6 -100 3 69 63 55
 9 -6 4 67 66 64 58
 10 -62 4 66 65 62 59
 9 -56 3 65 62 59
 9 -23 6 75 72 71 70 67 66
 9 -69 6 75 73 72 71 70 67
 8 -55 5 77 72 70 69 65
 10 -86 5 75 72 71 70 67
 3 -12 5 77 73 72 71 70
 6 -43 4 75 72 67 66
 1 -79 7 80 79 76 75 73 72 70
 9 -22 4 77 73 71 70
 6 -33 5 80 79 75 73 69
 9 -57 5 81 80 75 74 71
 9 -78 6 81 80 78 76 74 73
 9 -30 5 84 78 77 76 74
 4 -92 3 80 74 71
 7 -5 5 84 81 78 76 74
 5 -60 5 89 84 81 78 74
 5 -88 5 83 82 79 78 76
 6 -71 5 89 84 83 82 78
 7 -18 7 90 89 87 85 84 83 82
 9 -63 5 90 87 85 83 82
 5 -65 4 101 88 82 78
 9 -40 7 99 93 91 89 88 87 86
 10 -34 2 90 80
 5 -42 5 99 94 90 87 85
 1 -27 4 101 99 89 85
 9 -15 5 101 99 91 89 88
 4 -9 5 100 94 93 91 88
 1 -68 5 99 94 93 92 91
 3 -14 5 101 99 97 93 88
 8 -10 4 99 98 93 86
 8 -26 3 93 92 91
 4 -93 3 97 96 92
 6 -92 3 100 97 96
 6 -49 2 96 92
 3 -45 2 95 94
 10 -2 2 100 92
 1 -85 2 98 95
 6 -69 1 95
 7 -52 1 96
 8 -71 1 97
 2 -26 1 102
 6 -62 1 102
 8 -49 1 102
 4 -39 1 102
 5 -48 1 102
 1 -86 1 102
 6 -8 1 102
 0 25820 0
