102
 0 -89 6 2 3 4 5 7 8
 4 -85 5 23 13 10 9 6
 4 -33 8 23 22 18 17 16 15 14 13
 1 -86 7 24 23 17 14 13 12 11
 1 -94 6 24 22 15 13 12 10
 10 -100 5 25 22 21 17 14
 1 -15 4 23 22 21 13
 1 -17 6 28 26 25 22 21 17
 3 -93 5 28 24 21 19 18
 2 -19 3 25 21 14
 3 -76 6 29 28 26 25 22 19
 6 -96 5 28 26 25 21 19
 4 -72 5 29 28 26 25 19
 8 -50 4 29 28 26 19
 1 -92 5 31 29 26 25 20
 5 -21 5 34 33 27 26 21
 1 -97 5 33 31 30 29 20
 6 -32 4 33 29 26 20
 4 -46 4 33 31 30 20
 6 -96 7 39 38 36 35 34 32 27
 2 -29 7 39 38 36 35 32 31 29
 9 -83 6 39 38 36 35 31 27
 10 -40 5 39 36 35 33 29
 2 -60 8 42 41 40 38 37 36 35 34
 2 -65 7 57 47 43 42 37 36 33
 1 -61 4 46 44 40 30
 2 -94 8 47 46 44 43 42 41 40 37
 3 -4 6 46 44 42 41 40 35
 10 -89 7 47 46 44 42 41 40 37
 3 -64 5 57 43 41 39 37
 8 -16 5 51 46 43 41 40
 4 -47 6 57 51 48 46 44 43
 1 -39 5 54 51 45 41 38
 4 -73 5 54 51 48 46 44
 4 -46 4 48 47 45 43
 1 -38 4 54 48 46 44
 4 -92 6 59 54 53 51 49 45
 7 -21 4 59 50 48 46
 4 -51 3 49 48 47
 3 -25 4 57 54 53 45
 8 -51 3 59 50 48
 2 -90 3 59 49 48
 2 -93 4 59 56 54 49
 6 -78 3 64 59 45
 4 -72 3 58 56 50
 5 -39 2 68 49
 3 -14 4 64 59 58 51
 2 -20 5 68 63 58 56 53
 5 -31 4 64 60 58 52
 9 -27 4 70 68 60 52
 7 -26 6 71 70 68 67 63 55
 9 -28 4 71 67 63 55
 2 -96 8 73 71 70 69 67 65 64 62
 9 -1 7 73 70 68 67 64 63 61
 6 -78 4 73 66 62 61
 1 -85 4 78 71 62 61
 3 -24 4 70 65 63 62
 6 -67 5 72 71 70 69 66
 8 -9 4 72 69 66 65
 1 -26 5 83 75 74 69 66
 10 -45 5 82 80 75 69 65
 2 -56 9 87 86 84 83 81 80 75 74 72
 4 -78 6 83 82 80 78 74 69
 5 -75 3 86 84 66
 4 -88 8 87 86 84 83 81 79 77 74
 6 -42 8 93 82 81 80 79 78 77 76
 3 -65 7 93 87 84 82 81 80 74
 9 -88 6 86 83 82 81 80 79
 2 -75 7 93 87 86 84 79 77 76
 3 -79 6 92 86 84 83 81 80
 8 -92 5 91 84 83 79 74
 10 -88 6 93 91 90 85 82 79
 9 -43 3 83 81 80
 10 -13 2 85 76
 2 -62 8 101 100 99 98 93 92 89 88
 3 -11 6 101 98 92 90 89 88
 1 -80 6 101 100 92 91 90 88
 5 -76 6 100 98 92 89 88 87
 8 -84 6 101 98 96 92 89 88
 5 -35 5 101 98 94 90 89
 9 -83 5 101 99 91 88 85
 3 -64 5 100 98 97 95 94
 9 -17 4 98 97 94 93
 6 -2 3 98 97 88
 3 -50 4 100 96 95 94
 5 -8 4 100 96 95 94
 2 -29 3 99 96 94
 6 -21 2 95 94
 2 -43 2 97 95
 1 -16 2 99 96
 4 -33 2 95 94
 2 -73 1 97
 4 -60 1 96
 7 -19 1 102
 8 -44 1 102
 3 -48 1 102
 9 -40 1 102
 4 -67 1 102
 10 -68 1 102
 4 -22 1 102
 2 -2 1 102
 0 26925 0
