102
 0 -71 10 2 3 4 6 7 8 9 10 12 17
 1 -91 5 28 27 20 18 5
 6 -59 10 29 28 27 25 22 21 20 19 16 11
 8 -99 8 27 23 22 21 18 15 14 13
 8 -46 7 25 23 22 21 16 14 13
 6 -8 7 28 25 23 22 20 16 14
 8 -16 7 27 26 25 21 20 16 13
 1 -31 6 25 23 22 21 19 13
 1 -100 9 31 30 29 28 27 25 24 23 19
 2 -92 6 29 25 23 21 19 16
 9 -36 7 36 34 31 30 26 24 23
 2 -2 4 31 28 24 19
 8 -80 7 38 35 34 31 30 29 24
 3 -31 4 34 31 30 19
 5 -82 4 34 31 29 25
 9 -84 7 41 38 35 34 33 31 30
 2 -85 5 39 36 34 32 25
 6 -1 7 41 38 36 35 33 32 31
 2 -36 4 36 33 32 26
 5 -90 4 38 36 32 24
 7 -43 3 38 30 24
 5 -11 5 38 36 35 33 31
 6 -80 4 39 35 33 32
 9 -68 7 49 44 43 41 40 39 33
 3 -68 6 49 43 41 38 35 33
 10 -70 6 49 41 39 38 37 35
 7 -49 6 43 40 37 36 35 34
 6 -40 5 43 41 38 37 34
 1 -44 4 46 41 36 32
 7 -1 2 37 32
 8 -59 7 53 49 45 44 43 40 39
 7 -90 6 53 52 49 44 43 40
 3 -13 4 50 48 46 37
 8 -51 7 61 52 49 48 47 46 45
 5 -34 6 53 50 48 47 46 42
 8 0 6 61 53 48 47 45 42
 5 -98 5 61 53 47 45 42
 10 -88 4 53 52 50 44
 3 -31 5 56 52 48 47 46
 5 -93 4 55 50 48 47
 5 -32 4 56 53 51 47
 2 -68 5 59 58 56 54 51
 10 -70 5 59 58 55 54 51
 9 -62 2 51 47
 1 -12 4 59 58 55 51
 7 -70 3 58 55 51
 9 -61 7 65 63 60 59 58 57 54
 9 -74 2 58 51
 9 -12 2 56 51
 9 -13 6 65 63 62 61 60 58
 8 -80 7 71 67 65 63 62 60 57
 3 -46 5 67 62 60 57 55
 8 -59 3 65 63 54
 10 -8 6 71 70 69 68 67 66
 4 -80 6 71 70 69 68 66 64
 10 -86 6 75 70 69 68 67 64
 1 -23 5 70 69 68 66 64
 3 -13 5 74 71 69 68 66
 1 -36 5 75 71 69 68 64
 4 -33 4 70 69 68 66
 5 -71 4 75 69 68 67
 3 -73 3 70 66 64
 3 -93 3 76 70 68
 5 -45 7 91 81 79 76 74 73 72
 4 -53 7 91 81 79 76 74 73 72
 7 -54 7 85 81 80 79 77 76 75
 9 -82 7 91 80 79 77 76 74 72
 1 -44 5 91 81 79 73 72
 3 -67 4 81 79 73 72
 6 -61 4 91 84 80 72
 3 -93 6 88 85 84 83 78 77
 1 -84 6 90 89 88 85 83 78
 10 -84 5 101 84 82 80 77
 1 -33 6 101 90 89 88 87 82
 4 -84 3 91 86 78
 3 -12 5 89 88 87 84 83
 7 -25 6 100 99 95 90 89 87
 2 -3 4 101 96 87 82
 2 -95 5 101 99 98 93 86
 1 -5 7 100 98 97 95 94 92 88
 2 -40 7 100 99 97 96 95 93 92
 3 -88 6 100 99 98 95 93 92
 6 -84 6 101 98 97 95 94 93
 10 -94 5 99 98 94 93 92
 3 -20 5 100 97 95 94 92
 5 -57 5 97 96 95 94 92
 8 -18 4 97 94 93 92
 1 -8 2 96 93
 2 -6 2 98 92
 2 -96 2 96 93
 8 -100 2 96 94
 3 -52 1 102
 5 -68 1 102
 8 -24 1 102
 8 -76 1 102
 8 -48 1 102
 9 -7 1 102
 10 -98 1 102
 2 -44 1 102
 3 -84 1 102
 10 -78 1 102
 0 27300 0
