102
 0 -19 16 2 3 4 5 6 7 8 9 11 12 13 15 17 21 23 26
 9 -70 11 42 39 36 34 30 28 25 24 22 18 10
 6 -47 13 44 40 39 36 35 34 32 30 28 25 24 22 20
 1 -7 8 42 39 36 34 31 30 16 14
 6 -38 7 42 39 34 28 25 16 14
 5 -53 11 45 44 42 37 36 35 32 31 29 22 20
 9 -16 9 54 46 44 40 36 32 29 27 19
 10 -5 9 45 44 40 37 35 31 29 22 20
 6 -39 8 51 46 40 39 36 28 24 22
 8 -90 9 54 48 45 44 37 35 32 31 20
 7 -3 13 50 49 47 46 45 44 43 39 37 35 31 29 27
 7 -43 4 49 39 33 16
 5 -90 7 54 48 46 44 39 32 22
 6 -48 6 54 48 46 40 32 22
 10 -50 12 64 62 54 52 50 48 42 40 38 37 34 31
 7 -85 9 56 54 47 45 44 40 35 32 29
 1 -7 8 54 50 49 47 43 42 31 27
 7 -72 14 64 62 54 52 51 50 49 47 43 41 40 38 35 33
 4 -94 10 64 62 52 50 49 47 42 38 35 31
 9 -90 7 52 50 49 47 46 43 27
 3 -93 11 64 62 54 53 52 51 50 45 38 35 33
 10 -62 5 50 49 47 43 27
 8 -73 6 64 62 50 47 35 31
 10 -69 9 62 61 54 52 48 45 41 37 33
 7 -85 7 64 63 61 52 50 47 31
 10 -73 12 75 71 67 64 57 56 53 52 49 46 45 39
 2 -38 7 64 62 61 60 41 38 33
 8 -11 6 64 62 61 57 41 33
 1 -55 7 64 63 61 53 52 48 41
 8 -56 9 75 65 63 61 59 57 54 50 45
 3 -51 6 60 57 56 53 51 41
 2 -74 6 63 61 52 51 50 38
 10 -57 11 81 75 71 69 68 65 63 59 58 56 55
 10 -92 8 81 69 67 63 58 56 53 49
 8 -33 10 71 69 68 67 65 63 61 59 58 55
 1 -55 10 71 69 67 66 65 61 60 59 58 57
 7 -50 9 81 72 71 69 68 65 58 56 53
 4 -39 7 71 69 67 59 58 57 55
 1 -93 10 81 80 70 69 68 65 63 62 61 60
 5 -59 10 81 80 72 71 70 69 68 66 65 59
 7 -76 9 87 75 72 71 69 67 65 58 55
 4 -30 8 79 75 72 71 67 66 59 58
 7 -8 7 87 70 69 67 61 60 55
 4 -28 7 87 77 71 70 69 63 55
 6 -7 8 87 86 79 77 69 68 60 58
 8 -10 10 101 98 87 81 79 77 70 69 68 66
 10 -73 7 87 86 79 77 70 69 55
 7 -62 5 81 79 69 58 55
 1 -54 5 73 66 65 61 59
 7 -60 6 98 79 77 67 66 58
 9 -1 6 98 81 79 77 66 58
 4 -22 8 101 98 87 80 77 70 68 66
 6 -47 4 80 73 66 59
 3 -28 5 87 86 71 70 66
 2 -50 8 101 99 98 97 80 78 73 66
 9 -72 6 101 98 86 80 70 66
 9 -8 9 97 87 85 81 80 79 78 74 68
 10 -68 9 100 99 97 95 85 80 76 74 70
 3 -26 10 101 98 94 87 86 84 83 82 77 76
 7 -21 10 101 100 99 98 97 95 84 76 74 73
 8 -99 11 101 100 99 98 96 91 86 84 83 78 77
 6 -38 10 101 100 94 91 87 86 83 82 78 77
 3 -61 7 99 96 86 84 82 73 72
 3 -83 7 100 98 94 87 81 77 73
 10 -89 8 97 94 91 86 84 82 79 78
 8 -49 6 100 95 85 84 76 74
 6 -73 11 99 96 95 94 93 92 91 86 85 84 83
 7 -47 10 99 96 95 94 93 92 91 89 84 82
 7 -64 9 99 97 94 93 92 91 89 84 83
 9 -85 3 84 78 73
 5 -75 7 99 98 93 92 91 85 84
 7 -38 7 101 98 95 94 92 91 88
 5 -25 6 93 92 91 89 88 83
 7 -51 5 94 92 91 89 82
 6 -28 5 94 91 89 84 83
 10 -61 6 96 93 92 91 90 89
 7 -53 5 97 95 90 89 85
 7 -38 5 93 92 90 89 88
 1 -69 3 95 89 83
 10 -7 3 94 89 88
 6 -67 2 95 86
 10 -30 2 90 88
 10 -100 1 90
 6 -8 1 88
 3 -44 1 88
 10 -36 1 89
 1 -47 1 88
 8 -80 1 102
 6 -69 1 102
 3 -60 1 102
 5 -16 1 102
 5 -15 1 102
 10 -73 1 102
 3 -53 1 102
 1 -33 1 102
 1 -54 1 102
 1 -72 1 102
 2 -46 1 102
 8 -50 1 102
 10 -46 1 102
 5 -30 1 102
 0 25485 0
