102
 0 -100 23 2 3 4 5 6 7 8 9 10 11 12 13 14 15 16 17 18 19 20 22 25 29 41
 4 -68 15 53 49 48 43 42 40 38 35 34 33 32 31 27 26 24
 5 -34 11 71 67 56 50 49 40 36 32 31 26 23
 6 -38 11 60 58 56 53 52 51 50 34 33 31 21
 9 -33 14 68 57 56 53 51 50 49 48 46 42 40 36 32 30
 4 -48 13 61 60 58 56 53 51 50 47 34 33 32 28 21
 9 -56 11 71 67 54 51 50 45 39 38 37 34 27
 6 -34 14 71 70 61 58 53 52 51 50 47 45 43 42 34 32
 8 -82 9 99 73 64 63 56 44 42 39 24
 6 0 6 99 63 60 58 30 24
 3 -28 15 100 70 59 58 57 56 55 52 50 49 48 47 44 40 38
 6 -22 9 71 68 63 58 48 42 39 35 32
 7 -80 9 52 51 50 47 44 42 40 38 32
 8 -73 13 73 71 70 68 58 57 56 51 50 47 44 40 39
 5 -91 12 71 67 66 63 57 54 52 50 47 46 44 42
 6 -4 12 100 73 71 70 68 59 58 54 50 44 40 39
 10 -38 10 70 66 63 56 52 50 44 42 39 32
 4 -64 6 99 67 58 56 42 30
 10 -61 15 100 99 97 70 67 64 63 62 59 58 53 49 48 44 39
 8 -93 11 100 73 70 62 59 58 51 50 47 44 40
 5 -29 8 101 96 95 93 73 54 42 40
 1 -34 11 101 99 95 70 66 63 58 54 50 48 42
 8 -78 5 101 70 44 42 38
 7 -52 14 100 98 77 70 69 66 62 57 55 54 52 51 50 47
 5 -75 8 99 98 73 70 54 50 44 42
 3 -10 12 99 98 94 77 64 62 61 60 58 55 47 45
 10 -38 9 101 70 65 64 58 55 52 46 44
 4 -80 14 101 99 93 92 90 72 69 66 63 62 59 55 54 52
 1 -27 13 101 100 99 96 90 83 73 63 61 59 58 57 49
 3 -70 11 101 98 97 94 73 71 70 65 64 52 44
 10 -63 7 98 97 70 69 68 44 39
 10 -79 16 101 100 99 95 93 92 77 75 73 72 69 65 62 59 55 54
 7 -75 16 100 99 97 96 88 76 74 72 71 70 69 67 66 65 59 57
 8 -8 12 100 97 96 95 91 69 65 64 63 62 57 55
 4 -89 10 101 100 87 77 70 66 65 59 56 44
 2 -58 13 96 95 93 92 89 77 75 72 66 62 59 58 54
 3 -44 13 100 98 97 96 90 85 77 74 72 64 62 59 56
 6 -1 16 99 98 97 96 95 94 93 92 89 86 84 75 73 65 62 61
 9 -2 13 101 96 94 93 91 87 86 77 76 75 65 61 55
 10 -29 12 99 97 94 92 89 87 76 75 72 65 64 63
 2 -43 14 101 100 97 96 90 89 87 85 83 80 72 69 63 61
 9 -50 10 100 92 90 83 77 75 69 62 59 55
 10 -100 12 96 92 89 88 87 85 83 77 75 69 64 59
 6 -10 11 95 93 92 90 89 85 84 76 75 72 61
 8 -5 10 91 89 87 82 81 76 75 74 73 65
 3 -35 13 99 97 95 93 87 86 83 82 81 80 78 74 73
 2 0 9 95 93 92 91 88 86 80 72 65
 10 -24 11 94 88 86 85 83 82 81 80 78 77 74
 4 -46 8 95 92 89 88 87 82 76 69
 10 -79 9 96 91 90 86 85 84 83 75 74
 10 -64 8 94 91 89 83 82 81 76 74
 2 -77 9 96 95 91 87 86 84 83 82 80
 2 -24 9 94 88 87 86 85 84 83 80 78
 1 -72 8 97 91 86 85 83 82 79 78
 10 -99 7 89 88 82 81 80 78 74
 10 -49 7 93 92 88 84 81 80 75
 9 -13 6 93 92 89 85 81 75
 10 -100 4 88 82 80 69
 5 -59 6 94 91 84 80 79 78
 1 -58 4 85 83 82 72
 2 -68 4 88 82 81 74
 1 -97 4 87 79 78 76
 10 -81 4 98 86 78 77
 1 -30 1 66
 3 0 4 90 85 83 79
 6 -39 4 86 82 81 80
 2 -48 4 95 90 87 78
 6 -33 4 87 80 79 78
 3 -3 3 84 79 78
 2 -25 3 93 83 80
 2 -37 3 83 81 79
 10 -29 2 81 78
 6 -23 2 85 79
 9 -68 1 79
 10 -5 1 78
 6 -43 1 80
 10 -32 1 84
 6 -44 1 102
 4 -24 1 102
 9 -46 1 102
 1 -91 1 102
 1 -58 1 102
 6 -88 1 102
 2 -32 1 102
 3 -66 1 102
 10 -35 1 102
 7 -58 1 102
 9 -70 1 102
 6 -40 1 102
 2 -95 1 102
 5 -57 1 102
 2 -15 1 102
 5 -35 1 102
 8 -45 1 102
 9 -91 1 102
 3 -8 1 102
 9 -16 1 102
 3 -19 1 102
 4 -12 1 102
 1 -7 1 102
 1 -76 1 102
 0 23920 0
