102
 0 -59 5 2 3 5 6 8
 9 -57 3 10 9 4
 6 -4 4 18 17 11 7
 6 -52 8 23 18 17 16 15 13 12 11
 8 -77 7 23 18 17 16 14 13 12
 3 -26 7 28 20 19 16 13 12 11
 5 -11 2 20 9
 9 -2 5 19 18 17 13 11
 3 -23 7 25 24 23 19 16 14 12
 2 -62 2 20 11
 9 -16 6 35 31 29 26 22 21
 3 -57 5 35 29 26 22 21
 7 -94 5 30 27 26 25 24
 4 -91 6 35 34 31 27 26 22
 1 -54 5 35 29 27 26 22
 3 -52 5 40 34 31 26 22
 4 -97 5 39 34 28 27 26
 4 -90 8 39 37 35 34 33 31 30 28
 5 -10 6 40 39 38 33 31 26
 7 -67 6 40 39 38 33 32 29
 2 -47 3 37 32 27
 10 -90 6 39 38 37 36 33 30
 6 -88 6 44 38 37 34 32 31
 2 -81 6 44 39 38 37 36 31
 4 -66 4 38 36 33 29
 6 -45 5 46 44 42 37 32
 2 -8 5 44 41 40 38 33
 2 0 6 46 44 43 42 40 36
 9 -35 5 50 46 44 43 34
 5 -32 7 51 50 46 45 44 43 41
 5 -88 5 50 46 43 42 41
 8 -46 3 45 43 36
 9 -56 6 63 57 50 47 43 42
 10 -72 5 63 60 52 42 41
 10 -44 4 50 45 43 41
 4 -99 6 63 60 51 50 48 41
 5 -31 4 63 48 43 41
 1 -81 6 60 56 55 48 47 46
 8 -76 5 60 51 48 47 46
 2 -77 7 63 56 55 52 50 48 47
 6 -55 5 57 55 54 49 47
 6 -80 3 56 51 45
 10 -60 8 65 60 58 56 55 54 53 52
 1 -22 3 56 54 47
 8 -69 2 55 48
 1 -70 4 67 63 57 52
 10 -68 5 67 65 62 58 53
 1 -82 4 65 62 54 53
 2 -90 5 68 65 62 59 56
 6 -75 4 68 67 62 53
 5 -64 3 59 58 53
 10 -69 6 79 71 69 66 64 62
 5 -31 5 79 70 69 66 61
 7 -1 4 70 68 61 59
 4 -37 7 79 77 70 69 67 66 64
 2 -77 5 74 70 69 67 61
 9 -74 5 79 73 70 65 61
 8 -68 5 77 71 68 66 64
 2 -70 4 77 71 66 64
 3 -53 4 73 71 69 64
 4 -68 3 77 71 64
 4 -14 7 85 80 77 75 73 72 70
 8 -63 5 76 74 73 70 68
 9 -61 8 84 83 81 80 78 76 75 72
 3 -56 8 85 84 83 81 78 77 75 72
 6 -73 5 83 80 74 73 72
 10 -85 7 84 83 81 80 78 75 72
 2 -49 9 101 88 87 86 85 84 83 82 80
 2 -30 4 85 84 78 72
 9 -70 8 101 89 88 87 86 84 83 82
 1 -58 6 88 85 84 83 82 76
 3 -17 6 101 89 88 87 86 82
 6 -53 4 89 88 82 78
 6 -81 6 91 90 89 88 85 84
 9 -96 5 101 99 91 90 89
 5 -4 5 101 99 91 90 89
 5 -35 5 101 99 91 90 89
 3 -90 4 101 91 90 87
 10 -32 6 101 100 99 93 91 88
 4 -8 3 91 90 89
 8 -13 5 100 99 94 92 90
 5 -65 4 100 99 91 90
 8 -72 5 100 99 98 95 94
 10 -47 4 99 97 96 92
 6 -68 4 99 97 96 92
 5 -72 5 99 98 97 96 95
 10 -5 4 99 97 95 94
 9 -25 3 97 96 92
 8 -23 3 100 95 94
 1 -46 2 96 93
 9 -29 1 92
 2 -79 2 98 95
 3 -48 2 97 95
 8 -89 1 96
 1 -6 1 102
 2 -44 1 102
 5 -68 1 102
 9 -66 1 102
 7 -2 1 102
 1 -5 1 102
 7 -31 1 102
 0 26620 0
