102
 0 -54 7 2 3 4 5 6 9 10
 8 -73 4 15 13 11 7
 6 -65 3 11 8 7
 5 -78 4 19 16 12 8
 1 -7 2 11 7
 10 -2 6 19 17 16 14 12 11
 3 -15 6 24 19 17 16 14 12
 2 -59 4 24 17 14 13
 2 -7 6 34 24 22 19 18 16
 9 -85 3 17 16 14
 10 -17 6 34 30 24 22 20 18
 8 -41 5 34 30 22 20 18
 3 -2 7 34 31 30 28 23 22 20
 10 -79 5 34 30 22 21 18
 7 -58 6 34 32 30 28 27 21
 4 -23 4 32 30 28 20
 4 -72 3 32 30 20
 9 -31 5 32 31 28 26 23
 4 -35 4 32 28 25 23
 2 -100 2 27 21
 5 -64 3 37 35 25
 6 -43 3 32 27 26
 3 -45 6 47 44 39 36 33 29
 6 -10 4 44 36 35 29
 5 -23 1 26
 6 -57 5 47 44 36 33 29
 9 -90 5 52 44 43 35 33
 9 -32 7 53 52 47 44 43 39 33
 3 -17 9 53 52 48 46 45 43 42 40 38
 2 -84 4 46 45 38 35
 7 -89 2 53 33
 8 -24 2 45 35
 1 -100 6 50 48 46 45 42 38
 3 -80 8 60 53 50 48 47 46 45 42
 4 -70 7 61 56 53 48 47 40 39
 6 -28 6 54 53 50 48 46 38
 5 -100 9 66 62 61 60 59 56 54 53 49
 8 -76 4 55 51 49 41
 1 -33 8 63 62 60 59 58 57 55 50
 4 -89 6 59 58 55 51 50 49
 7 -16 9 69 66 64 62 61 60 59 57 56
 6 -28 7 73 69 62 61 56 55 54
 7 -26 7 71 69 66 64 60 58 56
 2 -12 6 69 64 61 60 58 56
 10 -53 4 66 61 59 49
 5 -39 8 73 71 70 69 67 66 63 62
 8 -2 3 71 55 54
 9 -43 7 73 70 67 66 62 59 57
 8 -36 6 73 71 70 64 63 57
 9 -86 8 73 72 71 70 69 66 65 64
 1 -9 6 72 71 70 66 64 63
 7 -54 5 69 67 66 59 57
 9 -98 6 73 71 70 69 65 64
 8 -62 3 68 63 58
 2 -96 4 72 68 65 64
 1 -100 3 68 67 63
 2 -23 5 77 74 72 68 65
 1 -41 9 86 82 81 79 76 75 74 72 70
 9 -14 8 82 81 79 77 76 75 74 72
 6 -100 7 82 81 79 77 75 73 72
 9 -91 7 81 80 79 77 76 75 71
 3 -63 6 79 77 76 74 72 68
 1 -99 4 77 75 74 65
 10 -22 4 80 77 75 67
 3 -68 6 90 86 82 81 79 76
 2 -52 5 94 90 81 78 77
 9 -15 4 86 79 76 74
 5 -67 5 94 87 81 80 78
 2 0 4 94 87 82 74
 5 -63 3 94 87 78
 2 -69 6 93 90 85 84 83 82
 9 -93 3 93 87 80
 2 -63 2 90 76
 9 -48 1 78
 7 -60 1 78
 5 -58 6 101 99 94 93 87 84
 9 -1 6 101 99 93 87 86 84
 7 -83 5 101 93 85 84 83
 6 -80 5 101 99 93 87 84
 3 -7 5 101 92 90 85 84
 10 -79 5 100 93 92 89 85
 6 -50 6 101 100 99 91 89 88
 8 -100 5 100 92 91 89 88
 5 -3 4 100 91 89 88
 9 -33 4 99 97 91 88
 4 -31 3 97 91 88
 10 -97 2 92 88
 6 -7 3 98 96 95
 6 -57 3 97 96 95
 8 -96 3 99 97 95
 6 -81 2 96 95
 3 -55 2 98 97
 7 -38 2 96 95
 9 -82 1 95
 9 -71 1 102
 9 -4 1 102
 7 -40 1 102
 1 -35 1 102
 4 -52 1 102
 3 -76 1 102
 9 -64 1 102
 0 26240 0
