92
 0 -87 21 2 3 4 5 6 8 9 10 11 12 13 14 15 18 20 21 23 24 25 26 46
 9 -58 9 50 47 40 38 36 34 31 30 7
 9 -50 11 64 54 47 45 42 36 35 34 32 30 19
 9 -10 9 55 53 51 50 39 35 31 29 22
 5 -24 12 69 59 54 53 50 48 44 43 42 40 37 27
 1 -74 9 59 52 51 50 47 40 34 30 17
 9 -87 16 90 70 63 59 58 57 55 54 51 49 45 44 43 42 41 28
 7 -11 7 59 50 44 42 38 30 17
 6 -18 7 58 54 50 48 44 34 16
 5 -76 10 64 59 54 53 51 49 45 37 36 29
 8 -8 9 70 62 59 52 51 42 40 38 17
 1 -78 12 70 69 68 63 59 54 48 47 44 42 35 33
 4 -99 13 68 64 63 62 58 55 53 51 50 42 40 38 36
 2 -98 9 70 69 63 58 47 45 38 37 36
 4 -12 10 70 69 64 59 58 52 49 45 38 37
 9 -74 12 91 90 89 70 63 62 59 53 52 51 49 37
 6 -66 11 90 69 63 61 58 56 54 53 49 48 37
 7 -45 13 90 88 83 70 68 61 58 57 55 54 51 49 43
 10 -63 7 63 62 61 59 49 38 37
 3 -66 12 86 85 81 70 68 62 60 55 54 53 51 38
 6 -65 10 90 89 88 86 70 62 58 53 48 34
 10 -58 9 85 69 65 64 63 59 52 40 38
 7 -75 10 87 86 85 70 64 62 56 55 48 39
 2 -39 13 90 88 85 83 70 64 61 60 57 56 51 49 48
 2 -6 8 68 60 58 55 53 51 48 36
 6 -78 6 62 59 54 49 48 37
 4 -83 9 88 84 82 70 68 63 57 55 35
 1 -74 13 89 88 86 85 84 83 64 62 61 60 56 53 48
 4 -44 9 87 70 69 61 60 58 52 48 43
 6 -67 7 89 70 69 67 62 53 37
 1 -40 9 90 87 84 70 68 65 64 57 42
 9 -8 6 90 81 58 56 53 37
 4 -86 9 88 85 83 62 61 60 55 53 49
 7 -26 16 91 87 85 84 83 82 81 69 67 66 65 61 60 57 56 55
 6 -90 14 90 89 87 86 85 80 79 77 67 66 65 61 60 52
 3 -7 16 90 89 88 86 84 82 81 80 78 77 76 67 66 65 61 57
 2 -63 11 88 87 85 84 83 68 66 65 60 57 55
 7 -96 9 90 89 88 84 78 73 57 56 48
 6 -59 15 90 89 88 84 83 81 80 79 77 71 67 65 63 61 60
 8 -30 10 88 83 82 80 77 75 74 73 60 49
 9 -25 12 88 87 85 81 79 76 75 69 68 66 65 61
 6 -57 11 89 86 85 83 82 81 80 74 66 60 56
 1 -86 8 91 85 81 80 67 65 62 56
 8 -4 10 84 83 82 80 77 75 71 65 64 62
 7 -50 9 86 85 84 76 74 72 66 65 56
 5 -88 9 86 85 84 83 77 68 66 65 58
 9 -20 7 85 83 71 65 62 61 57
 10 -91 6 91 82 80 76 67 66
 5 -99 6 86 84 81 79 67 66
 2 -45 6 89 83 77 74 73 66
 10 -64 5 87 78 75 69 65
 2 -56 6 83 81 78 75 72 71
 5 -4 5 87 82 75 71 65
 9 -70 5 89 82 75 73 67
 10 -10 5 80 78 77 73 72
 10 -75 4 79 77 75 71
 5 -77 3 79 75 74
 5 -75 3 76 74 73
 4 -96 3 86 82 71
 6 0 2 76 72
 1 -97 2 74 72
 5 -53 2 78 74
 6 -78 2 73 72
 2 -4 2 81 76
 9 -66 1 73
 3 -22 1 71
 10 -95 1 72
 10 -13 1 78
 1 -68 1 72
 7 -70 1 71
 2 -63 1 92
 8 -37 1 92
 7 -98 1 92
 2 -84 1 92
 9 -24 1 92
 9 -39 1 92
 2 -93 1 92
 5 -34 1 92
 5 -97 1 92
 5 -33 1 92
 8 -75 1 92
 1 -42 1 92
 9 -24 1 92
 9 -98 1 92
 1 -87 1 92
 3 -76 1 92
 3 -53 1 92
 5 -33 1 92
 3 -94 1 92
 2 -71 1 92
 8 -56 1 92
 0 25835 0
