102
 0 -12 7 2 3 5 6 9 13 14
 7 -13 2 10 4
 6 -52 4 22 15 11 7
 8 -12 3 22 11 8
 7 -55 6 24 22 20 18 17 12
 9 -41 2 18 8
 9 -78 8 30 24 23 20 19 18 17 16
 1 0 6 24 20 19 17 16 15
 6 -72 5 24 19 17 16 15
 8 -93 8 27 25 24 23 20 19 18 17
 7 -40 6 30 24 23 18 17 16
 9 -33 3 19 16 15
 9 -63 6 25 23 22 19 18 17
 8 -25 7 32 30 25 23 21 19 18
 10 -95 6 36 30 29 26 23 21
 10 -1 7 39 34 33 32 28 27 25
 6 -37 3 36 28 21
 7 -23 6 42 40 39 33 28 26
 10 -83 6 46 41 39 36 34 29
 2 -65 6 46 41 37 36 34 29
 5 -92 8 46 43 40 39 38 37 34 31
 5 -45 6 44 41 38 37 36 27
 10 -68 5 46 40 38 37 34
 4 -99 3 40 34 32
 9 -11 6 44 41 40 38 37 35
 4 -47 5 51 46 41 37 34
 3 -78 5 46 43 42 40 35
 9 -3 4 43 41 37 35
 3 -19 5 45 44 42 40 38
 4 -77 4 47 42 41 38
 9 -51 6 57 48 47 45 44 42
 10 -81 6 57 51 49 47 46 41
 10 -77 4 49 46 41 38
 7 -41 3 57 44 35
 8 -58 5 52 49 48 47 45
 4 -46 4 53 52 50 43
 6 -86 6 53 52 50 49 48 47
 7 -3 8 63 58 57 55 53 52 50 48
 8 -57 7 63 58 54 53 51 50 48
 4 -93 6 63 54 53 51 49 48
 6 -31 4 58 54 52 45
 9 -78 7 71 63 60 52 51 50 49
 6 -75 7 70 63 60 57 54 51 49
 9 -60 9 71 63 62 60 58 56 55 53 52
 3 -41 7 63 62 60 56 55 53 50
 5 -43 10 71 70 66 65 63 62 60 59 58 56
 10 -27 8 70 66 63 59 58 56 55 54
 2 -87 8 70 66 65 62 61 60 59 56
 9 -17 6 66 65 62 59 58 56
 3 -79 7 70 69 66 65 64 61 59
 2 -52 3 66 56 55
 10 -23 7 75 70 69 68 66 65 64
 2 -23 5 69 66 65 64 59
 10 -12 6 72 71 69 68 65 61
 5 -44 5 75 69 68 65 64
 3 -38 6 75 73 69 68 67 64
 1 -77 5 75 71 69 68 66
 2 -15 3 72 68 61
 7 -77 5 75 73 72 68 67
 3 -11 4 75 73 68 64
 7 -2 5 76 75 74 73 67
 3 -74 5 76 74 73 72 67
 10 -72 4 74 72 69 67
 5 -54 6 89 80 78 76 74 72
 5 -36 3 76 73 67
 4 -73 8 89 88 85 82 81 80 76 73
 4 -29 11 90 89 88 85 84 82 81 80 79 78 77
 7 -49 5 89 85 79 76 74
 1 -76 7 89 88 82 81 79 78 76
 10 -31 4 79 78 77 74
 2 -85 5 89 84 82 81 76
 9 -3 8 92 90 88 86 85 84 79 77
 1 -32 5 90 84 79 78 77
 8 -12 10 101 99 98 90 88 87 86 83 82 81
 2 -33 5 88 87 83 80 79
 8 -83 5 101 92 90 86 77
 10 -12 5 99 97 96 87 83
 5 -68 5 98 97 96 92 86
 1 -94 6 101 99 98 97 95 91
 5 -57 3 96 92 86
 6 -67 4 97 96 95 91
 4 -20 3 96 92 91
 8 -80 3 100 95 91
 10 -19 3 98 96 91
 6 -93 3 98 95 91
 8 -97 2 95 91
 5 -85 2 95 91
 4 -86 2 96 91
 2 -63 2 95 91
 2 -41 1 91
 9 -84 2 94 93
 3 -98 2 95 93
 9 -48 1 102
 4 -46 1 102
 8 -48 1 102
 2 -86 1 102
 7 -94 1 102
 5 -26 1 102
 9 -18 1 102
 7 -100 1 102
 9 -48 1 102
 0 26285 0
