102
 0 -31 10 2 5 6 7 8 9 10 11 16 17
 3 -86 5 26 23 20 4 3
 1 -19 9 34 33 25 22 19 18 14 13 12
 9 -28 8 32 31 29 28 25 21 15 13
 2 -38 7 36 34 31 29 19 18 13
 9 -75 12 50 44 41 38 35 34 33 31 30 28 27 19
 8 0 7 36 35 32 31 29 19 13
 6 -19 9 54 41 38 35 31 29 28 27 19
 6 -58 7 44 38 34 32 31 30 15
 5 -97 11 48 41 40 38 37 34 33 30 27 25 21
 5 -68 10 44 40 39 38 36 33 32 30 25 19
 8 -55 9 56 54 47 46 37 36 35 29 27
 4 -23 11 56 50 48 47 46 44 40 38 37 30 27
 8 -6 8 48 46 44 38 37 36 31 24
 5 -87 8 54 50 48 47 40 39 36 19
 10 -38 10 56 49 47 45 44 41 39 38 30 23
 3 -45 8 54 48 47 46 45 38 37 27
 8 -4 9 63 56 47 44 41 40 39 38 32
 2 -98 13 77 67 65 63 60 57 56 55 53 49 46 45 37
 1 -59 8 58 56 51 50 48 42 41 34
 3 -66 11 76 65 57 56 55 54 52 49 47 44 36
 2 -91 7 65 57 51 49 47 46 35
 1 -48 12 77 67 64 60 58 57 55 54 52 50 46 43
 6 -8 11 77 76 70 67 64 57 54 53 51 50 40
 8 -61 12 77 65 64 63 60 57 55 54 53 51 49 46
 1 -20 12 77 65 64 60 58 57 55 54 53 51 46 45
 2 -100 9 76 65 64 63 59 57 49 43 39
 2 -49 7 76 65 63 60 57 48 36
 6 -73 6 64 57 53 50 43 40
 1 -98 15 77 76 75 70 68 67 66 65 63 62 60 59 58 57 54
 4 -95 12 76 69 66 65 63 62 61 60 58 57 56 47
 1 -60 11 77 76 70 65 64 60 59 57 54 53 52
 5 -86 9 77 76 63 59 58 57 53 47 43
 1 -26 7 64 63 60 55 54 53 46
 9 -1 8 64 63 60 55 53 52 48 45
 7 -31 7 77 64 59 58 53 51 43
 3 -87 6 76 66 59 58 51 42
 1 -88 9 78 77 75 70 65 64 62 55 52
 4 -98 7 77 70 69 60 58 53 51
 3 0 7 83 69 66 61 60 59 49
 4 -85 4 78 69 57 46
 9 -40 7 81 78 71 70 64 62 52
 6 -67 11 83 81 75 73 72 71 70 69 68 66 62
 1 -20 7 78 75 69 68 62 61 59
 3 -45 9 83 82 81 71 70 69 68 66 62
 3 -44 8 99 83 81 76 70 68 62 59
 2 -98 11 101 99 83 81 79 78 75 74 72 70 67
 6 -9 7 99 87 81 75 74 69 59
 8 -21 6 80 75 72 71 62 58
 10 -21 9 99 88 81 78 74 71 69 65 63
 9 -34 9 101 83 82 79 78 75 73 71 61
 5 -62 9 99 87 82 80 74 73 72 69 68
 7 -50 7 98 85 81 75 72 68 66
 4 -81 6 83 81 73 71 69 61
 10 -26 5 99 87 86 81 59
 10 -45 8 101 99 81 80 78 75 71 68
 6 -47 10 101 99 98 88 87 86 82 81 80 73
 9 -89 8 101 100 99 87 82 81 74 73
 3 -88 6 82 80 79 73 72 71
 4 -97 9 99 97 95 88 87 86 80 79 71
 3 -4 9 99 98 96 95 92 88 86 80 72
 7 -1 7 96 95 94 87 85 79 74
 1 -95 7 101 98 96 92 87 86 72
 2 -45 8 101 98 96 95 88 83 80 79
 3 -99 8 101 100 98 94 87 85 80 79
 4 -55 7 101 99 92 91 87 80 78
 6 -16 4 97 84 82 71
 8 -6 7 97 96 95 94 88 86 79
 7 -75 9 101 100 97 95 94 93 92 91 84
 3 -9 5 96 95 87 85 80
 10 -44 7 98 96 93 91 90 89 85
 3 -95 6 100 97 94 93 91 84
 5 -13 4 97 95 85 84
 3 -3 4 98 92 86 84
 5 -16 5 95 94 90 89 88
 6 -49 4 95 94 91 84
 5 -22 5 99 96 95 91 90
 7 -6 3 97 94 84
 7 -76 2 91 84
 9 -69 3 93 90 89
 5 -35 3 96 95 90
 4 -23 3 94 92 91
 4 -88 3 92 91 89
 7 -20 2 90 89
 2 -58 1 92
 6 -4 1 93
 2 -34 1 89
 3 -57 1 91
 10 -7 1 102
 6 -100 1 102
 6 -64 1 102
 2 -62 1 102
 7 -25 1 102
 5 -70 1 102
 3 -34 1 102
 4 -52 1 102
 4 -74 1 102
 4 -76 1 102
 6 -91 1 102
 2 -18 1 102
 4 -11 1 102
 0 24950 0
