102
 0 -35 20 2 4 5 7 8 9 10 11 13 14 15 16 17 19 21 22 23 25 29 30
 8 -18 6 37 36 27 20 12 3
 9 -88 6 54 48 28 26 24 6
 4 -45 10 66 59 48 47 45 43 42 40 20 18
 7 -56 9 64 62 58 53 50 41 40 38 12
 2 -28 11 62 58 56 47 46 45 43 42 38 33 18
 7 -44 17 81 79 69 66 65 64 62 60 58 57 54 51 48 47 46 43 26
 4 -36 12 79 62 61 59 58 57 51 47 43 40 38 27
 2 -3 13 69 65 64 60 57 55 54 50 46 42 41 34 26
 3 -99 10 66 58 57 47 46 45 41 40 36 20
 6 -9 16 81 80 78 67 65 62 57 56 55 53 52 50 46 41 38 32
 2 -93 14 70 69 66 61 60 59 57 51 49 46 45 43 39 31
 4 -45 11 81 79 65 62 60 54 53 45 43 41 28
 10 -57 17 101 81 79 76 71 70 69 66 61 60 58 54 51 47 43 42 40
 9 -17 17 80 79 77 70 66 64 62 61 60 59 57 53 52 51 49 45 39
 8 -58 13 101 97 79 70 66 65 64 61 57 53 43 40 36
 3 -46 13 70 69 66 65 64 63 61 60 57 55 53 47 31
 5 -46 15 101 81 79 78 77 69 68 65 64 60 57 53 51 50 41
 3 -13 14 99 98 79 76 70 66 61 57 55 54 52 46 42 39
 9 -25 10 81 78 69 67 61 60 56 53 44 35
 6 -34 15 97 96 81 79 75 71 70 68 67 61 60 56 55 53 40
 9 -52 12 97 77 71 70 68 65 63 57 56 55 53 37
 7 -86 15 101 96 80 78 76 75 71 66 62 61 55 52 51 47 44
 6 -92 14 101 99 80 79 78 70 69 68 66 65 64 53 52 46
 10 -73 9 95 79 71 67 60 56 54 53 42
 7 -85 10 97 75 71 68 63 61 59 56 53 40
 4 -71 8 81 71 69 64 56 54 46 39
 7 -42 14 101 99 92 80 78 74 71 69 68 67 66 64 61 46
 2 -97 12 98 76 74 72 71 70 68 63 61 60 57 46
 10 -5 10 97 93 71 70 69 64 60 56 54 53
 9 -94 17 100 98 97 96 95 93 88 87 81 80 79 77 76 75 71 56 54
 2 -46 16 101 100 99 97 93 89 88 79 74 72 71 70 69 68 64 60
 5 -12 12 98 97 93 80 79 78 76 69 66 61 59 52
 2 -29 16 99 97 96 95 94 91 81 79 77 76 75 74 73 67 66 63
 1 -9 13 99 98 97 96 95 93 77 76 75 71 63 62 54
 5 -44 11 98 96 80 78 75 72 71 67 63 60 52
 6 -96 15 101 100 98 90 88 87 86 81 78 76 75 73 72 67 60
 10 -67 12 101 99 98 97 93 89 76 74 71 66 63 60
 8 -28 11 101 97 94 88 78 74 73 72 68 67 65
 7 -44 10 98 93 89 87 80 78 77 73 72 52
 2 -78 13 99 97 96 95 94 93 90 88 76 74 72 70 61
 6 -64 12 97 96 94 86 80 78 77 75 73 72 68 63
 4 -29 10 99 96 94 91 90 89 77 73 63 55
 6 -79 13 100 94 93 92 90 89 88 86 85 79 73 72 64
 8 -30 11 98 97 96 95 93 89 84 76 74 71 63
 7 -95 15 100 97 96 95 94 93 89 88 87 86 85 83 77 75 73
 8 -14 14 99 98 97 94 92 91 90 89 88 87 86 85 73 72
 6 -52 14 101 98 96 95 94 93 92 90 85 84 83 75 74 73
 9 -68 12 99 98 97 96 95 91 90 89 87 85 73 72
 2 -45 7 97 91 90 86 73 72 63
 6 -24 7 97 90 87 86 73 72 67
 8 -92 9 95 94 92 90 88 85 84 82 74
 3 -26 8 100 98 91 89 88 85 76 74
 3 -44 7 94 92 91 90 85 82 72
 10 -23 7 100 93 88 86 85 82 72
 9 -83 7 101 99 85 84 83 82 74
 9 -36 7 92 89 88 87 86 85 75
 5 -54 7 93 89 88 84 83 82 74
 4 -75 7 96 95 91 87 86 84 82
 5 -30 6 94 92 91 85 83 82
 5 -55 5 89 87 84 83 73
 8 -1 5 87 85 83 82 74
 10 -92 5 92 88 87 85 82
 10 -94 5 98 95 87 84 82
 6 -74 5 96 95 91 90 83
 1 -52 3 87 82 72
 6 -61 4 93 89 84 83
 3 -76 4 90 87 85 82
 8 -54 3 96 83 73
 4 -20 3 85 84 83
 1 -13 2 83 73
 3 -100 2 84 83
 1 -82 1 82
 2 -38 1 86
 9 -60 1 82
 6 -24 1 82
 6 -89 1 84
 4 -82 1 82
 7 -100 1 84
 1 -95 1 91
 2 -92 1 83
 3 -17 1 102
 9 -65 1 102
 5 -91 1 102
 10 -46 1 102
 6 -14 1 102
 10 -76 1 102
 8 -3 1 102
 5 -73 1 102
 4 -41 1 102
 8 -75 1 102
 9 -38 1 102
 1 -8 1 102
 10 -16 1 102
 7 -21 1 102
 10 -22 1 102
 2 -96 1 102
 1 -6 1 102
 2 -54 1 102
 4 -6 1 102
 2 -2 1 102
 0 25660 0
