102
 0 -65 20 2 3 4 5 6 7 8 10 11 12 13 14 15 16 17 19 21 25 27 45
 10 -77 6 40 39 38 26 23 9
 7 -29 10 49 40 39 36 32 31 30 24 23 20
 8 -76 11 40 39 38 36 35 33 32 31 30 29 23
 9 -91 9 43 41 39 36 32 30 26 24 20
 7 -69 11 52 49 48 41 36 35 34 33 29 26 22
 5 -15 6 36 35 33 32 30 18
 8 -71 13 54 52 48 46 44 43 41 39 38 36 35 31 30
 4 -85 10 52 49 48 44 43 36 35 34 28 22
 3 -82 8 44 43 41 39 36 33 30 20
 5 -76 7 54 39 36 35 30 26 23
 2 -17 8 43 41 39 38 37 36 33 20
 8 -8 7 42 37 36 35 32 31 23
 9 -99 8 54 50 48 39 37 36 31 23
 7 -1 8 52 43 42 35 33 32 31 30
 6 -46 10 52 50 49 46 43 41 40 39 37 31
 4 -42 10 60 57 54 51 50 49 48 42 37 31
 10 -40 3 42 31 23
 4 -99 6 57 50 43 39 37 31
 3 -59 8 62 54 52 51 47 46 42 35
 6 -62 7 57 50 47 43 42 41 37
 8 -95 9 62 60 54 51 50 47 46 42 37
 2 -61 7 58 57 56 52 46 43 41
 5 -49 6 60 57 44 42 38 37
 3 -35 6 64 53 51 47 43 35
 8 -33 5 57 51 46 37 31
 8 -15 7 62 57 56 50 46 43 42
 4 -95 6 76 60 53 51 47 37
 2 -52 7 64 58 57 56 51 47 43
 9 -18 4 62 60 50 37
 1 -94 10 76 72 69 66 64 59 58 56 53 47
 10 -77 9 64 63 59 57 55 54 51 46 44
 9 -36 12 76 70 66 65 64 63 62 60 58 56 55 51
 8 -60 11 76 66 65 64 63 60 59 58 56 53 51
 8 -22 10 75 70 66 63 60 58 57 56 55 50
 4 -38 8 76 66 64 59 58 56 51 47
 3 -39 13 80 75 72 70 69 66 65 64 63 59 58 56 55
 2 -8 6 76 70 62 58 51 47
 10 -63 5 70 65 60 51 42
 8 -84 6 76 69 66 59 53 47
 7 -16 6 65 64 63 55 53 51
 4 -94 11 80 78 76 74 73 72 69 64 63 61 58
 8 -8 10 79 76 74 72 70 68 66 65 60 59
 6 -24 9 87 80 79 78 76 72 70 69 56
 10 -32 7 80 73 70 68 65 63 58
 6 -96 11 98 87 83 80 76 75 73 72 70 67 65
 9 -29 6 83 81 80 65 63 55
 1 -42 4 78 73 59 53
 8 -74 6 69 68 67 66 65 63
 3 -67 8 81 80 78 76 74 72 68 59
 1 -9 11 100 81 80 79 78 75 73 72 71 69 68
 8 -16 7 82 78 73 71 69 66 63
 3 -68 7 101 79 75 71 70 68 62
 1 -31 6 99 80 79 75 68 65
 6 -26 6 85 78 77 74 73 61
 8 -46 7 101 100 81 77 74 71 68
 2 -78 7 99 98 97 86 83 72 65
 3 -87 6 101 98 97 82 81 67
 10 -60 10 101 100 97 96 93 87 86 82 77 71
 9 -11 8 100 98 95 83 81 80 77 73
 2 -14 12 101 100 97 95 94 93 92 90 87 86 84 79
 4 -26 11 100 98 96 95 90 87 86 85 84 83 82
 10 -99 8 101 97 95 93 92 87 79 77
 9 -7 4 96 94 84 68
 10 -89 5 100 96 82 78 71
 1 -69 8 100 98 96 86 84 83 81 77
 2 -81 6 100 96 93 89 86 71
 8 -17 8 98 97 91 90 86 85 83 82
 7 -4 10 101 99 98 97 95 91 90 89 88 85
 3 -78 6 100 97 95 84 81 77
 3 -28 6 95 94 91 90 85 84
 8 -86 6 95 93 92 91 90 82
 5 -21 6 101 92 91 90 89 84
 1 -43 5 99 93 89 86 84
 9 -22 5 96 91 89 88 85
 4 -59 5 96 93 91 90 84
 9 -13 4 99 94 90 88
 10 -53 4 101 94 90 88
 5 -64 4 98 96 91 89
 3 -9 4 97 94 91 89
 6 -92 3 99 89 88
 7 -2 2 89 88
 1 -86 2 93 89
 8 -94 1 88
 4 -67 1 92
 7 -63 1 88
 2 -59 1 91
 8 -24 1 102
 5 -25 1 102
 10 -81 1 102
 4 -83 1 102
 10 -22 1 102
 5 -81 1 102
 3 -65 1 102
 7 -100 1 102
 8 -9 1 102
 3 0 1 102
 10 -38 1 102
 9 -73 1 102
 5 -19 1 102
 6 -36 1 102
 0 25490 0
