102
 0 -36 5 2 3 5 6 8
 2 0 5 14 11 9 7 4
 2 -99 3 15 10 7
 3 -93 7 24 20 19 17 16 15 13
 9 -87 7 24 20 19 17 16 14 13
 10 -71 6 24 22 20 17 14 10
 8 -29 6 30 24 21 19 18 12
 3 -93 7 28 24 23 22 21 20 19
 3 -54 6 28 23 22 21 19 18
 10 -46 5 23 21 19 18 16
 10 -13 7 29 28 25 23 22 20 19
 4 -90 4 29 22 20 16
 8 -28 5 30 28 22 21 18
 4 -46 6 39 30 28 26 25 23
 8 -14 4 29 25 23 22
 10 -62 6 39 31 28 27 26 25
 1 -21 4 39 26 25 23
 4 -40 3 39 26 25
 10 -90 8 41 40 39 38 35 34 32 31
 7 -18 5 48 40 39 32 26
 5 -11 4 44 34 29 25
 5 -99 5 48 40 39 36 26
 8 -94 4 35 33 31 27
 2 -33 8 50 48 44 42 39 35 33 32
 2 -96 7 50 48 42 40 38 33 32
 9 -72 7 50 44 43 42 38 35 33
 5 -68 8 50 48 47 43 41 40 38 34
 9 -31 5 45 44 42 41 32
 7 -47 3 41 38 32
 3 -39 9 55 50 47 45 44 43 42 41 37
 5 -51 9 55 52 51 50 48 47 45 44 37
 7 -52 5 55 51 43 37 36
 6 -75 5 55 51 47 41 37
 2 -68 6 55 52 51 49 45 42
 2 -39 6 55 52 49 47 46 45
 1 -67 5 58 52 49 47 46
 10 -49 4 58 54 49 46
 9 -48 4 55 54 52 45
 7 -18 4 54 52 49 46
 1 -96 5 58 55 54 53 49
 7 -33 4 59 58 54 52
 4 -29 3 59 54 46
 7 -92 2 52 49
 7 -73 7 63 62 60 59 58 56 53
 4 -32 6 63 62 60 59 58 53
 2 -82 5 63 62 61 56 53
 9 -2 4 65 62 57 54
 4 -96 7 65 64 63 62 61 60 58
 8 -55 6 65 62 61 60 59 56
 4 -4 7 70 66 65 64 60 59 58
 3 -62 4 63 62 57 56
 1 -94 3 63 62 53
 10 -75 3 74 65 57
 2 -94 3 73 60 56
 5 -56 8 78 76 74 72 69 67 66 64
 6 -79 8 78 76 74 72 69 68 67 66
 9 -79 7 78 76 73 70 67 66 64
 2 -58 9 81 79 78 76 75 74 73 72 67
 2 -62 9 81 79 78 76 75 73 71 69 67
 3 -1 7 80 79 78 76 74 71 68
 8 -77 6 88 73 72 70 68 67
 7 -64 5 78 73 71 67 66
 8 -46 5 76 72 70 68 67
 1 -55 8 96 88 85 84 81 80 75 71
 2 -49 6 85 79 78 75 73 72
 8 -39 7 88 87 85 80 79 77 75
 8 -19 5 87 86 85 84 77
 6 -67 5 87 85 84 81 77
 2 -66 5 96 86 85 84 77
 3 -34 4 87 84 82 79
 3 -93 3 87 86 77
 2 -69 3 87 83 80
 4 -34 4 96 95 86 83
 6 -79 4 91 87 85 84
 7 -82 3 86 83 82
 4 -13 3 89 88 85
 8 -52 3 91 83 82
 2 -48 2 88 82
 6 -44 8 101 100 99 96 95 92 91 89
 1 -69 2 91 82
 6 -21 2 91 82
 5 -21 5 101 100 99 95 89
 3 -32 5 101 100 99 92 89
 9 -14 5 101 99 94 92 90
 2 -37 6 101 99 98 95 94 92
 8 -60 6 101 100 99 98 92 91
 7 -43 5 101 99 94 93 90
 3 -94 3 99 91 90
 7 -74 3 98 94 93
 9 -31 3 100 98 97
 8 -44 1 93
 3 -20 1 93
 3 -13 1 97
 2 -64 1 97
 9 -83 1 97
 3 -84 1 97
 10 -8 1 102
 3 -66 1 102
 6 -24 1 102
 1 -89 1 102
 7 -25 1 102
 0 26935 0
