102
 0 -62 23 2 3 4 5 6 7 8 9 10 11 12 13 14 15 16 19 20 21 24 25 29 33 39
 10 -15 11 62 55 51 45 42 40 37 36 26 22 17
 6 -46 14 101 67 64 61 59 55 54 51 42 41 37 35 27 23
 4 -40 9 65 48 46 42 41 35 31 28 18
 5 -25 7 65 52 48 46 34 30 18
 6 -86 12 101 67 62 61 55 52 49 47 37 31 28 27
 5 -3 12 101 100 61 59 54 52 48 46 44 37 32 31
 8 -81 10 100 52 49 47 45 44 37 32 31 22
 10 -41 12 101 100 99 59 52 48 47 41 38 37 32 31
 5 -40 11 100 61 59 55 50 49 42 41 37 31 22
 5 -86 13 101 100 62 61 59 49 48 47 46 41 37 34 31
 7 -100 14 101 100 98 69 67 61 59 55 50 48 47 41 40 31
 4 -37 9 101 100 61 55 54 50 42 37 23
 7 -40 18 101 100 72 69 68 67 66 65 64 63 53 51 50 49 48 44 42 41
 7 -67 12 100 72 69 67 62 61 50 48 46 43 37 31
 4 -12 10 101 100 62 61 55 54 52 50 47 31
 6 -82 12 101 100 99 98 94 67 65 61 49 48 47 31
 4 -29 14 101 97 96 69 68 67 64 57 55 54 53 49 47 38
 9 -57 10 101 100 98 94 67 61 55 49 47 31
 10 -69 15 100 97 93 73 72 71 68 67 66 65 55 54 50 49 38
 10 -87 8 101 98 92 69 55 49 47 31
 2 -43 18 101 98 96 95 94 92 77 73 72 69 68 67 66 64 63 57 53 48
 4 -48 14 99 97 96 92 77 73 69 68 65 62 58 53 49 47
 1 -95 17 101 99 98 97 96 94 92 90 77 73 70 65 64 63 53 49 47
 4 -30 13 100 97 96 92 75 72 71 67 66 65 62 55 49
 8 -7 10 101 98 72 71 67 63 50 49 48 41
 1 -73 16 100 99 98 95 94 93 92 91 77 76 73 72 71 69 50 48
 7 -50 15 100 99 98 95 94 92 77 76 73 64 63 58 57 53 50
 9 -64 12 99 96 95 94 77 72 68 63 59 56 48 45
 6 -65 16 100 99 97 94 93 86 77 75 73 72 71 68 63 61 60 58
 3 -10 12 97 96 77 73 70 68 66 64 63 57 56 53
 6 -28 14 95 93 92 91 87 86 75 73 72 67 64 62 58 56
 6 -20 11 96 86 77 74 73 71 67 62 61 57 56
 5 -71 12 99 96 92 90 88 87 76 75 74 70 67 53
 4 -13 11 94 92 90 89 87 74 73 70 68 60 52
 6 -4 14 97 93 92 90 89 88 86 77 75 72 70 67 63 60
 8 -84 10 98 93 92 88 87 75 65 63 60 58
 5 -32 9 89 86 81 77 75 62 61 60 58
 4 -64 12 99 98 94 91 90 88 87 86 74 71 68 60
 5 -62 10 97 95 92 91 88 86 76 71 60 58
 9 -28 16 96 95 94 93 92 91 90 89 88 85 84 83 81 80 75 70
 1 -87 10 95 93 88 85 77 76 74 73 70 57
 8 -23 10 94 92 89 88 87 86 82 76 63 60
 2 -26 6 92 87 84 79 76 55
 1 -85 12 97 93 92 91 88 87 86 82 81 75 74 60
 3 -33 8 99 95 88 81 77 75 60 58
 5 -40 12 95 93 88 85 84 83 82 80 75 74 72 66
 3 -25 9 97 89 88 87 86 85 81 75 58
 6 -84 7 95 91 87 86 82 76 56
 8 -27 9 96 90 88 86 81 75 74 70 60
 8 -96 13 95 94 93 91 87 86 85 83 82 81 80 78 75
 8 -37 9 86 85 84 80 78 77 76 72 69
 6 -12 8 93 91 86 82 81 78 71 60
 2 -93 7 87 86 82 76 75 74 60
 7 -82 6 99 91 88 86 81 58
 10 -3 5 89 88 81 78 60
 7 -47 7 87 84 82 81 80 78 75
 10 -37 5 90 83 80 74 70
 4 -1 5 87 84 81 79 74
 3 -46 5 85 84 83 80 79
 9 -80 5 92 87 82 80 79
 7 -22 5 98 94 90 80 78
 10 -81 4 91 84 81 74
 1 -31 4 89 80 79 78
 7 -23 4 86 85 83 80
 8 -32 3 89 87 78
 2 -69 3 82 80 79
 4 -12 2 82 76
 7 -85 2 82 75
 4 -11 2 82 78
 3 -35 2 89 83
 6 -53 2 81 79
 10 -13 2 81 79
 6 -11 1 78
 7 -45 1 79
 1 -84 1 81
 4 -1 1 83
 4 -60 1 102
 10 -16 1 102
 6 -86 1 102
 5 -51 1 102
 5 0 1 102
 9 -16 1 102
 10 -35 1 102
 4 -46 1 102
 6 -12 1 102
 9 -1 1 102
 10 -57 1 102
 4 -89 1 102
 9 -42 1 102
 1 -12 1 102
 5 -42 1 102
 7 -37 1 102
 1 -67 1 102
 5 -21 1 102
 7 -44 1 102
 10 -22 1 102
 7 -94 1 102
 2 -40 1 102
 6 -49 1 102
 10 -27 1 102
 0 22670 0
