102
 0 -83 14 2 4 5 6 7 8 9 10 11 14 15 17 19 28
 6 -71 3 21 16 3
 2 -88 11 42 38 37 32 31 29 27 25 20 18 12
 2 -91 11 45 41 37 35 33 32 27 25 24 20 13
 6 -34 13 45 42 41 40 38 37 36 35 31 25 24 21 20
 9 -18 9 40 35 33 26 25 22 21 20 16
 9 -62 11 50 45 42 38 37 36 35 34 31 21 18
 3 -14 10 45 40 39 38 35 33 32 27 26 25
 5 -42 8 45 42 34 33 32 31 30 18
 9 -90 14 61 54 51 50 45 44 42 41 40 38 37 35 32 25
 7 -87 10 53 51 46 45 43 40 38 33 27 26
 10 -9 7 41 40 39 34 33 23 22
 1 -33 11 61 54 51 50 49 42 40 39 38 34 31
 1 -48 8 45 43 39 38 37 35 33 26
 6 -80 8 51 50 44 40 39 37 36 23
 8 -55 11 61 51 50 49 47 44 43 41 39 38 31
 10 -36 10 61 51 50 49 45 43 40 39 32 31
 1 -53 6 53 51 43 40 39 26
 6 -65 12 67 61 60 59 54 53 52 51 50 49 47 36
 7 -1 13 67 65 62 61 60 58 53 52 50 49 48 46 43
 9 -98 11 63 61 60 59 53 52 51 49 44 43 39
 1 -20 11 62 61 60 58 57 53 52 51 47 46 45
 7 -31 8 77 74 62 54 49 48 47 35
 1 -81 7 67 63 62 54 52 44 34
 8 -74 6 67 62 60 49 46 34
 4 -86 11 67 62 61 60 58 56 54 52 49 47 41
 5 -94 9 74 67 60 59 58 50 47 44 36
 4 -28 9 67 65 62 54 50 49 46 44 37
 6 -44 9 63 62 60 54 52 51 49 48 47
 7 -34 10 74 68 65 61 60 59 58 57 53 44
 4 -21 9 74 66 65 62 60 58 55 48 46
 6 -97 11 74 68 67 66 63 62 59 58 57 55 53
 5 -26 7 65 62 60 58 52 50 48
 8 -99 5 59 58 53 47 43
 9 -64 7 67 66 65 64 60 58 46
 2 -72 5 77 66 62 55 48
 3 -58 7 74 68 66 60 59 56 55
 10 -21 6 71 68 67 63 60 52
 2 -78 11 101 77 74 73 71 68 67 66 65 64 56
 1 -38 7 101 76 71 68 59 58 52
 7 -65 7 76 68 66 65 63 57 55
 3 -3 6 74 68 66 59 56 55
 5 -47 8 101 77 75 74 72 68 66 55
 10 -40 7 101 80 79 77 66 56 55
 10 -39 7 79 76 72 66 63 59 55
 7 -89 6 71 69 68 63 59 56
 1 -81 8 101 98 80 79 75 72 65 55
 6 -36 6 101 73 71 68 57 56
 6 -62 8 101 97 78 73 69 68 66 57
 4 -82 6 79 78 73 69 63 57
 2 -55 11 99 97 95 78 76 75 73 72 70 69 68
 3 -60 11 80 79 78 77 75 74 73 72 70 69 66
 3 -77 4 101 100 77 56
 3 -74 3 78 71 57
 2 -13 6 99 73 71 70 69 64
 8 -17 10 99 97 95 93 82 78 76 75 72 70
 8 -84 10 100 98 93 91 84 82 80 75 72 70
 9 -42 9 99 98 97 95 93 81 80 73 72
 2 -68 8 98 97 95 93 82 80 73 70
 2 -53 8 101 98 93 79 78 76 73 70
 10 -30 7 96 95 93 82 78 73 70
 10 -70 8 100 97 95 93 91 84 78 72
 7 -41 13 101 99 98 97 96 95 93 92 91 90 86 85 81
 4 -89 9 100 97 95 93 90 83 82 81 78
 2 -52 5 96 91 84 82 70
 5 -29 10 99 98 95 91 88 87 86 84 83 82
 9 -43 9 100 99 97 93 90 87 86 83 82
 8 -27 6 100 98 93 91 80 79
 8 -72 7 94 90 88 87 86 83 82
 8 -99 6 92 90 88 86 83 81
 4 -28 7 95 91 90 88 87 86 85
 2 -93 5 96 89 88 87 83
 7 -36 5 92 91 88 86 84
 5 -70 4 93 90 85 81
 6 -58 5 90 88 87 86 85
 4 -82 4 91 88 86 83
 3 -98 4 96 91 89 83
 9 -17 4 88 87 86 85
 5 -71 4 90 87 86 85
 1 -59 3 88 86 83
 9 -75 2 89 87
 9 -6 2 92 89
 7 -81 1 85
 6 -82 1 94
 7 -74 1 102
 10 -54 1 102
 7 -18 1 102
 3 -98 1 102
 8 -18 1 102
 8 -49 1 102
 4 -10 1 102
 9 -41 1 102
 3 -81 1 102
 5 -96 1 102
 6 -25 1 102
 4 -99 1 102
 8 -67 1 102
 4 -3 1 102
 8 -1 1 102
 2 -92 1 102
 2 -99 1 102
 0 28220 0
