102
 0 -55 21 2 3 4 5 6 7 8 10 11 12 13 14 15 16 17 19 20 22 23 29 38
 3 -54 13 69 53 51 49 48 46 45 42 36 33 26 21 9
 3 -1 15 69 53 51 50 46 45 42 41 40 39 33 32 30 26 18
 4 -53 14 72 69 63 53 50 47 46 45 37 34 32 30 28 18
 1 -86 16 80 72 69 67 66 62 57 55 54 52 47 46 43 35 30 21
 3 -66 10 72 67 63 58 45 34 33 30 28 27
 3 -95 16 80 73 72 69 68 67 61 56 55 52 47 44 40 35 32 30
 1 -76 12 73 67 56 55 52 47 42 40 36 35 34 32
 9 -30 8 73 72 47 35 32 31 28 18
 7 -39 15 101 80 69 67 57 56 52 49 47 46 44 43 42 35 32
 4 -96 13 67 56 50 49 48 47 46 44 43 42 36 32 28
 10 -61 13 101 80 69 55 53 48 44 43 42 40 35 34 32
 2 -30 9 68 63 56 52 47 45 42 32 24
 9 -34 16 101 80 76 73 67 66 60 58 55 53 49 47 43 40 37 35
 7 -16 9 80 61 52 50 40 37 34 30 25
 6 -47 14 80 76 72 69 68 67 65 61 59 58 53 44 40 33
 10 -86 12 79 76 74 73 69 68 65 61 60 56 53 31
 9 -97 17 101 80 79 76 71 70 68 67 66 64 62 60 59 58 56 55 43
 1 -94 16 101 80 79 76 75 73 72 68 65 61 59 57 56 54 50 44
 8 -92 14 80 75 71 68 67 65 64 61 59 56 54 48 44 40
 5 -98 12 101 75 73 68 65 64 61 60 58 56 44 37
 10 -4 12 101 80 79 74 72 68 59 56 48 47 44 43
 1 -53 9 101 66 61 56 55 54 48 47 35
 2 -67 13 80 76 75 72 71 70 65 64 62 55 50 48 40
 9 -77 18 101 100 84 83 82 79 74 73 71 70 68 67 66 65 64 59 58 55
 5 -14 12 101 76 74 72 68 66 64 62 59 56 47 44
 7 -86 7 101 73 70 68 56 48 35
 9 -30 13 101 84 83 80 79 75 74 66 64 62 61 59 57
 3 -77 12 101 100 93 84 80 75 74 71 65 61 56 55
 6 -64 11 101 98 82 76 75 74 71 65 64 59 48
 8 -8 11 101 83 82 80 77 70 66 59 58 57 52
 9 -51 10 98 81 79 76 70 66 62 60 58 54
 2 -67 10 101 92 84 83 82 77 66 60 55 52
 7 -87 9 100 99 97 79 77 71 70 65 49
 1 -82 8 98 82 79 75 71 64 59 50
 1 -32 13 101 100 98 96 94 92 84 83 80 79 77 75 71
 6 -5 10 98 97 94 84 83 79 77 74 71 59
 2 -37 9 100 95 84 82 79 78 71 67 56
 3 -60 11 100 97 94 92 83 81 80 78 77 65 55
 3 -57 9 100 96 95 84 83 79 78 74 57
 3 -93 9 98 94 84 82 79 77 74 65 59
 7 -21 11 99 98 96 94 93 91 86 84 83 81 61
 6 -28 8 98 97 94 93 84 75 65 61
 3 -32 13 100 99 98 97 96 95 94 93 86 82 81 78 70
 3 -15 9 101 98 93 92 83 82 80 71 64
 6 -54 13 100 99 98 95 94 91 89 84 82 81 78 76 75
 6 0 11 97 94 93 92 90 86 84 83 82 71 70
 5 -6 11 100 99 97 95 94 93 91 84 81 78 77
 4 -26 11 96 95 94 91 90 89 83 82 81 74 68
 2 -90 9 99 97 96 95 93 86 84 77 74
 7 -15 8 96 93 92 86 83 81 78 70
 6 -100 5 97 96 93 71 64
 10 -75 7 97 94 92 84 81 77 75
 5 -63 7 97 95 93 91 89 83 82
 4 -68 8 99 98 95 90 89 87 86 85
 6 -36 7 97 94 92 91 88 85 83
 5 -80 7 98 97 94 93 91 86 81
 10 -87 6 97 95 93 92 91 78
 6 -57 7 99 96 95 93 91 90 86
 8 -19 7 100 93 89 88 87 86 85
 9 -55 5 95 92 90 82 77
 8 0 5 100 92 90 88 77
 10 -10 5 96 94 92 90 79
 8 -97 6 94 90 89 87 86 85
 8 -86 6 96 91 89 88 87 86
 6 -52 6 96 94 93 89 86 85
 8 -91 4 92 87 86 77
 10 -87 5 92 88 87 86 85
 7 -86 5 100 92 91 88 85
 2 -2 4 91 89 87 85
 1 -89 3 91 85 81
 4 -94 3 96 88 82
 10 -97 2 88 77
 5 -44 3 92 88 85
 7 -43 3 90 87 86
 4 -46 3 90 86 85
 6 -13 2 89 85
 1 -18 2 90 85
 10 -88 2 93 86
 6 -17 2 95 85
 8 -66 1 88
 2 -23 1 85
 8 -63 1 87
 7 -77 1 87
 1 -97 1 102
 7 -37 1 102
 4 -24 1 102
 10 -91 1 102
 6 -52 1 102
 8 -93 1 102
 2 -57 1 102
 3 -5 1 102
 3 -34 1 102
 8 -29 1 102
 7 -98 1 102
 10 -50 1 102
 3 -82 1 102
 8 -78 1 102
 4 -34 1 102
 8 -47 1 102
 8 -48 1 102
 0 27645 0
