102
 0 -9 18 2 3 4 6 7 8 9 10 12 13 14 15 16 17 19 26 29 31
 5 -68 3 20 18 5
 7 -91 9 43 41 39 33 32 30 28 18 11
 4 -99 13 73 65 55 53 51 48 45 41 39 38 30 21 18
 10 -76 16 70 65 55 53 52 51 48 46 41 38 35 32 30 27 24 21
 9 -45 13 54 52 47 46 45 43 42 39 37 33 30 23 22
 6 -15 11 73 65 55 54 53 50 43 39 33 30 18
 5 -52 18 73 65 63 60 57 56 54 53 51 48 46 45 44 42 37 35 33 32
 2 -24 11 73 63 57 51 47 43 39 38 37 25 18
 9 -88 10 71 63 60 54 53 48 47 42 34 24
 4 -27 19 101 73 72 70 65 63 61 60 59 58 53 52 50 49 48 47 44 40 37
 8 -23 21 101 99 98 79 73 72 71 70 65 63 62 61 60 58 57 56 52 50 49 46 44
 3 -16 18 78 73 72 71 70 65 63 59 58 55 53 52 50 49 48 46 44 37
 7 -20 17 101 77 76 73 63 62 61 60 58 57 56 52 50 49 45 42 37
 7 -79 15 101 63 62 60 55 54 52 51 50 49 47 46 44 42 37
 4 -42 14 101 99 79 78 76 75 61 59 58 54 52 42 41 38
 8 -51 17 99 79 78 77 73 72 65 63 62 61 60 59 58 56 50 49 45
 6 -98 11 79 71 62 60 56 52 49 46 44 42 34
 5 -52 18 99 98 79 78 72 67 64 63 61 60 59 58 56 55 53 52 50 43
 3 -78 16 99 79 78 73 72 68 65 63 60 59 58 56 54 53 51 49
 8 -100 15 100 99 98 79 71 67 64 63 62 60 59 57 56 50 47
 6 -63 14 101 98 78 75 73 70 69 65 63 61 60 50 49 44
 10 -31 8 79 77 76 72 60 50 49 34
 1 -96 10 101 76 75 73 72 61 59 50 49 37
 6 -76 13 101 99 98 79 75 72 71 69 62 61 52 50 49
 10 -48 13 100 99 98 72 69 68 63 62 60 59 57 52 49
 2 -87 9 99 96 89 77 76 73 63 49 36
 10 -18 9 99 98 77 76 69 56 51 49 38
 5 -16 10 98 78 77 76 75 69 67 52 51 38
 10 -44 13 100 99 98 96 68 67 66 64 63 62 60 57 56
 6 -46 14 100 98 97 96 85 76 72 69 68 67 66 62 57 56
 3 -18 9 98 93 89 77 75 72 69 50 49
 10 -89 15 101 99 98 95 93 92 90 89 88 86 77 74 64 61 59
 5 -87 13 101 99 98 96 95 93 91 83 70 68 67 61 58
 4 -82 16 98 97 96 94 91 89 87 86 85 78 76 72 68 67 66 62
 4 -94 12 98 97 87 75 74 72 69 68 67 66 64 62
 6 -93 15 100 99 98 95 93 88 87 86 85 83 79 69 67 66 64
 10 -75 5 95 89 64 60 50
 7 -1 14 101 96 95 94 93 91 89 88 86 83 81 76 74 60
 3 -54 13 99 98 96 94 92 91 89 87 84 82 74 68 62
 3 -96 9 98 96 86 84 77 71 67 63 62
 3 -58 13 98 97 93 90 88 87 86 84 83 72 69 67 64
 4 -10 13 97 96 94 93 90 89 87 83 81 76 75 74 66
 10 -94 13 97 96 93 91 89 88 87 86 85 81 77 76 66
 10 -32 8 98 96 93 87 71 70 67 66
 9 -8 10 95 93 89 88 87 83 81 75 66 64
 5 -54 9 91 89 88 81 78 77 76 74 66
 5 -60 8 92 90 87 84 81 77 75 64
 8 -91 7 95 87 85 83 67 66 64
 3 -59 8 96 86 84 83 82 81 74 68
 3 -41 8 93 92 90 87 85 83 81 64
 10 -23 7 97 94 91 86 81 74 66
 5 -95 6 97 92 88 84 77 62
 10 -84 7 98 96 90 86 83 80 70
 7 -34 7 89 88 86 85 83 81 66
 1 -58 8 89 87 84 83 82 81 80 75
 7 -4 7 95 91 89 81 80 78 75
 3 -51 6 97 92 86 85 84 69
 5 -23 8 97 96 87 84 83 82 81 80
 10 -58 7 97 92 90 87 85 82 80
 5 -89 4 100 87 81 66
 2 -46 5 95 93 83 81 80
 5 -7 4 94 83 82 74
 10 -37 4 94 91 82 80
 5 -98 3 93 83 76
 3 -14 3 84 82 80
 4 -76 3 92 82 81
 10 -25 3 90 88 80
 1 -17 3 82 81 80
 1 -51 3 89 85 81
 8 -79 3 90 88 81
 3 -32 2 82 81
 4 -36 2 84 81
 5 -32 1 85
 2 -43 1 86
 3 -44 1 80
 10 -57 1 83
 2 -2 1 83
 2 -97 1 89
 1 -84 1 102
 2 -84 1 102
 9 -49 1 102
 6 -9 1 102
 3 -74 1 102
 10 -3 1 102
 6 -50 1 102
 7 -5 1 102
 4 -35 1 102
 10 -74 1 102
 6 -6 1 102
 6 -46 1 102
 3 -32 1 102
 5 -68 1 102
 6 -93 1 102
 9 -77 1 102
 3 -86 1 102
 2 -39 1 102
 4 -31 1 102
 1 -35 1 102
 2 -55 1 102
 4 -2 1 102
 0 26115 0
