102
 0 -66 16 2 3 4 5 6 7 8 10 11 12 13 14 16 19 20 27
 10 -86 6 29 26 24 22 15 9
 2 -61 10 42 39 38 32 31 30 28 25 24 18
 1 -53 12 45 43 42 41 38 35 33 32 31 30 25 22
 5 -80 10 43 42 32 31 30 29 26 25 22 21
 4 -86 10 45 40 39 38 36 31 30 26 23 17
 7 -27 9 43 42 41 38 31 30 26 24 22
 8 -82 10 50 46 44 43 42 41 29 28 26 25
 8 -80 12 59 50 46 44 43 42 41 39 33 31 30 25
 7 -19 12 58 46 44 40 39 38 37 36 34 32 29 26
 3 -94 7 46 44 43 42 38 26 25
 3 -4 7 45 44 43 39 30 26 25
 4 -47 7 50 46 44 39 30 28 26
 3 -35 12 59 53 50 48 46 45 42 41 40 36 33 30
 10 -67 7 50 49 46 44 43 42 25
 10 -92 7 51 50 46 42 36 35 26
 6 -61 11 59 58 53 51 48 46 44 42 34 33 32
 8 -18 6 51 50 44 43 34 26
 2 -57 7 60 59 53 48 44 36 31
 9 -7 4 51 46 45 26
 7 -39 13 68 62 61 59 58 55 54 53 51 49 46 40 33
 4 -56 11 60 59 55 50 49 48 47 46 44 40 36
 8 -3 7 55 48 46 43 35 33 32
 10 -3 10 68 62 58 55 53 51 49 45 37 33
 4 -43 9 68 60 58 55 53 51 40 37 36
 10 -52 9 62 61 59 55 54 53 49 48 33
 8 -42 10 65 63 62 60 59 53 51 46 44 37
 2 -78 5 58 51 37 34 33
 2 -19 11 71 70 68 62 61 60 56 55 51 47 45
 4 -42 8 65 64 63 62 60 55 54 37
 5 -74 5 71 55 54 51 34
 8 -15 10 71 64 62 61 60 57 56 54 49 47
 1 -20 8 71 70 64 63 60 57 56 47
 8 -11 6 70 68 64 62 49 47
 6 -70 8 68 64 62 61 58 57 52 49
 7 0 9 78 70 67 64 63 62 61 56 54
 10 -45 6 71 70 61 57 56 47
 6 -87 5 64 63 56 51 47
 9 -39 13 80 78 75 74 73 72 71 70 69 67 64 62 61
 8 -46 10 100 99 75 74 71 69 65 64 63 52
 7 -7 5 74 71 64 52 49
 2 -19 7 75 74 65 64 63 62 52
 9 -27 7 75 74 70 63 62 60 52
 7 -13 6 99 78 67 64 57 54
 10 -92 7 100 98 78 67 64 63 54
 6 -27 13 101 100 99 98 80 78 77 75 73 71 70 66 64
 2 -65 4 75 74 69 52
 10 -33 11 101 80 77 74 73 72 70 69 68 66 64
 5 -87 10 101 100 99 98 76 75 72 66 65 63
 5 -49 10 101 99 81 78 76 73 72 70 67 61
 2 -55 7 101 99 75 74 72 66 57
 4 -44 11 101 98 81 80 78 77 76 73 72 67 66
 7 -41 10 101 100 99 81 80 76 73 72 71 66
 5 -99 9 101 93 77 75 74 73 72 69 66
 3 -97 12 100 99 98 93 92 87 80 79 76 75 74 73
 1 -62 10 100 99 98 93 81 80 76 73 72 66
 2 -32 12 100 98 97 96 95 93 92 81 80 77 76 73
 3 -68 9 98 96 94 93 81 78 76 72 66
 1 -58 8 100 99 96 93 78 76 72 66
 2 -74 14 99 98 97 96 95 93 92 88 87 86 84 80 79 73
 5 -3 7 100 98 94 91 79 77 66
 1 -21 16 101 100 99 97 95 94 93 92 90 89 88 87 86 85 84 79
 4 -7 9 93 92 88 87 86 84 80 79 73
 7 -59 10 94 93 91 89 88 87 83 82 81 76
 4 -37 9 96 93 92 88 87 83 82 81 78
 5 -90 12 97 95 92 90 89 88 87 86 85 84 83 82
 4 -62 10 96 94 93 92 91 90 89 86 85 79
 1 -40 9 99 95 90 89 88 87 85 84 79
 1 -64 9 96 92 91 90 88 87 86 82 81
 7 -76 8 95 92 90 89 87 85 84 79
 9 -49 9 96 93 91 90 89 88 86 83 82
 1 -98 5 89 87 85 84 79
 10 -67 5 94 91 89 83 82
 8 -66 4 96 95 94 81
 1 -68 4 88 86 84 82
 8 -1 3 90 86 85
 2 0 3 90 88 87
 8 -11 3 91 86 85
 1 -38 2 83 82
 6 0 2 85 83
 7 -5 1 84
 1 -89 1 102
 1 -8 1 102
 8 -28 1 102
 6 -66 1 102
 7 -80 1 102
 10 -8 1 102
 7 -77 1 102
 1 -77 1 102
 7 -85 1 102
 5 -59 1 102
 2 -33 1 102
 5 -72 1 102
 2 -69 1 102
 8 -28 1 102
 4 -26 1 102
 10 -89 1 102
 1 -4 1 102
 2 -94 1 102
 10 -95 1 102
 2 -30 1 102
 0 24670 0
