92
 0 -35 21 2 3 4 5 6 7 8 9 10 12 14 15 16 18 19 20 21 22 25 26 31
 6 -58 9 52 50 39 36 33 32 24 23 11
 3 -84 15 60 56 54 52 50 48 43 42 39 38 37 34 32 30 29
 4 -78 8 60 56 48 46 43 34 28 13
 8 -14 8 71 56 52 50 48 46 30 13
 3 -74 8 90 60 55 53 43 42 29 17
 1 -67 16 89 63 60 56 55 54 52 48 44 43 41 39 37 34 29 28
 9 -8 13 89 71 63 56 52 47 42 41 39 37 36 28 23
 1 -96 16 91 90 71 60 58 56 55 54 52 48 45 44 41 37 33 27
 2 -71 14 90 88 60 58 57 56 55 44 43 42 40 38 35 29
 4 -8 10 56 54 48 45 43 42 40 38 30 29
 9 -52 16 90 88 63 59 58 53 51 50 48 47 45 43 42 39 38 29
 8 -17 13 90 70 64 58 57 54 53 49 47 45 42 40 32
 6 -33 20 91 90 71 70 69 64 63 62 60 59 58 57 56 55 54 48 46 44 41 37
 4 -62 14 88 63 59 57 55 54 50 48 46 44 43 42 38 29
 10 -21 18 88 71 70 69 59 58 57 55 54 52 50 49 48 47 45 44 40 37
 6 -23 15 69 64 59 58 57 54 50 49 48 45 44 41 40 38 37
 1 -98 13 91 69 60 54 53 52 51 49 48 46 45 38 30
 9 -43 7 88 63 56 52 50 38 23
 10 -91 21 91 89 88 87 84 83 71 70 69 64 63 61 60 58 57 56 50 49 47 44 43
 3 -87 9 91 70 63 60 56 45 44 41 28
 1 -21 12 89 88 71 70 62 59 57 54 49 42 39 37
 1 -9 7 90 59 57 54 51 48 29
 6 -32 16 90 89 86 84 83 82 71 70 69 62 61 58 55 53 51 48
 10 -80 14 91 89 86 83 71 69 68 62 61 59 57 52 51 48
 2 -37 12 87 86 84 71 69 64 63 58 56 54 48 45
 2 -44 12 88 87 83 70 69 64 63 61 59 51 50 43
 5 -43 12 90 87 85 82 69 66 64 61 59 58 57 50
 10 -81 14 91 87 86 84 83 82 81 80 70 69 64 62 61 49
 10 -25 12 90 88 83 81 80 67 66 63 62 59 57 47
 9 -51 11 90 88 87 86 84 83 82 70 60 53 44
 6 -44 10 91 81 79 69 68 62 59 55 44 41
 10 0 17 89 86 85 84 83 82 81 80 76 75 69 66 65 63 62 61 57
 3 -70 15 86 85 84 82 81 78 77 76 71 70 67 66 65 58 57
 10 -28 8 78 69 68 65 59 54 52 51
 2 -49 10 90 86 83 82 81 77 67 62 55 49
 1 -12 10 87 86 84 82 81 79 78 65 61 51
 3 -41 11 89 85 83 77 76 71 70 68 66 65 61
 6 -51 10 83 82 80 79 77 76 75 66 65 61
 5 -91 6 89 84 83 65 63 51
 1 -34 5 88 83 78 67 51
 7 -64 11 87 86 85 84 78 77 76 75 74 73 65
 10 -42 9 82 81 79 77 76 75 67 65 62
 10 -83 4 78 67 65 51
 10 -92 10 83 82 81 80 79 78 76 74 66 65
 6 -33 10 89 83 82 80 78 76 75 74 73 65
 6 -61 9 86 85 82 79 76 74 73 68 65
 7 -58 8 85 81 80 75 74 67 66 65
 3 -89 8 85 78 76 75 73 68 66 65
 4 -40 7 86 81 77 74 73 65 62
 10 -60 7 80 77 76 75 74 73 66
 2 -87 6 82 81 79 77 72 67
 3 -94 6 85 81 79 77 74 65
 4 -73 3 79 66 61
 8 -25 5 87 75 74 73 65
 1 -49 4 79 76 73 65
 7 -65 4 79 74 73 72
 8 -88 3 80 75 68
 4 -74 3 84 76 75
 4 -51 3 79 75 74
 8 -58 2 74 67
 1 -46 2 78 72
 6 -43 2 77 73
 2 -56 2 74 72
 3 -78 1 72
 1 -29 1 72
 2 -94 1 73
 6 -46 1 72
 8 -1 1 77
 6 -47 1 75
 7 -15 1 72
 1 -85 1 92
 9 -46 1 92
 4 -95 1 92
 4 -1 1 92
 10 -57 1 92
 10 -26 1 92
 4 -83 1 92
 1 -9 1 92
 2 -44 1 92
 9 -26 1 92
 1 -17 1 92
 7 -98 1 92
 4 -1 1 92
 9 -55 1 92
 5 -32 1 92
 5 -4 1 92
 9 -34 1 92
 10 -90 1 92
 7 -5 1 92
 3 -34 1 92
 0 22730 0
