102
 0 -82 15 2 3 4 6 7 8 9 10 12 13 14 16 17 21 29
 5 -44 5 37 25 22 11 5
 5 -58 8 39 37 31 26 25 19 15 11
 4 -14 12 48 42 39 34 32 31 28 27 26 24 19 18
 8 -27 8 31 30 28 26 23 19 18 15
 8 -29 7 39 32 28 25 24 19 11
 1 -5 9 59 41 39 37 34 31 25 23 15
 7 -87 9 59 48 42 36 34 33 31 25 19
 3 -11 8 51 48 42 37 36 34 26 19
 3 -43 8 59 51 39 34 33 27 25 19
 9 -100 6 51 40 36 34 20 18
 5 -84 8 59 49 48 47 35 33 31 27
 6 -45 8 59 49 47 43 41 34 33 23
 1 -65 5 36 34 33 25 20
 8 -1 10 55 54 51 49 48 47 43 42 35 27
 2 -80 6 59 51 49 43 42 20
 4 -85 6 59 49 48 43 33 20
 9 -48 10 59 57 54 50 49 47 43 41 35 33
 6 -70 3 43 40 20
 6 -95 8 57 55 54 50 47 41 38 35
 6 -29 8 55 51 50 47 41 40 38 35
 5 -87 10 63 60 59 57 54 50 49 47 38 36
 1 -59 8 63 57 55 54 50 48 44 35
 2 -92 6 57 49 45 43 41 33
 7 -28 10 63 60 57 56 55 49 46 45 43 38
 7 -28 9 63 59 57 56 52 50 49 45 38
 1 -34 6 63 57 50 46 40 36
 1 -42 6 56 55 49 46 41 38
 6 -66 8 63 60 57 56 55 52 45 38
 3 -86 7 63 60 57 56 51 40 39
 2 -27 7 58 57 56 54 52 51 38
 4 -15 7 63 58 56 55 52 50 38
 7 -63 6 63 58 56 55 52 38
 2 -12 8 75 63 62 56 54 53 45 44
 3 -17 8 76 62 60 56 53 52 46 45
 6 -85 4 56 52 45 44
 5 -37 13 89 80 78 77 76 69 65 64 62 61 58 56 55
 2 -94 7 89 78 75 69 62 53 44
 2 -35 12 89 88 80 78 77 76 74 69 68 61 58 55
 3 -74 10 89 80 78 76 75 72 69 62 61 53
 4 -13 8 76 75 67 66 64 63 60 52
 4 -58 12 86 78 76 75 74 73 71 68 66 64 63 58
 7 -34 5 89 76 65 53 52
 4 -68 11 80 77 76 74 72 68 67 66 65 64 61
 2 -59 9 89 80 78 69 68 66 64 61 58
 10 -24 11 89 88 86 80 78 74 73 71 69 68 58
 3 -46 6 89 78 66 64 61 58
 7 0 10 89 87 80 78 75 74 69 67 64 61
 5 -69 8 88 76 72 69 68 67 65 61
 9 -53 13 99 98 96 89 87 86 80 78 72 71 69 67 66
 3 -100 8 79 78 76 72 68 66 65 64
 2 -81 7 98 96 84 80 78 72 61
 9 -57 9 96 88 87 86 79 71 68 67 64
 6 -46 13 99 98 97 96 88 87 86 85 84 79 73 71 70
 7 -95 12 101 100 99 98 96 87 86 84 79 73 71 70
 4 -58 7 101 96 79 74 71 68 66
 4 -41 6 101 88 84 80 79 64
 10 -22 10 99 98 97 96 87 85 82 79 72 67
 7 -14 7 99 85 81 76 73 72 71
 6 -98 9 98 97 92 87 86 84 82 79 78
 9 -70 7 99 97 86 79 73 71 70
 1 -74 8 101 98 97 96 92 84 81 71
 1 -51 10 99 98 97 94 93 92 89 84 82 81
 3 -52 7 100 99 98 97 94 82 70
 1 -5 9 101 100 99 97 93 92 91 87 86
 4 -18 7 97 94 93 88 84 82 81
 1 -31 5 100 95 94 81 70
 8 -60 7 100 98 95 94 92 91 85
 3 -44 5 97 92 91 84 79
 1 -88 4 93 92 90 83
 4 -53 4 94 93 90 82
 10 -34 4 93 92 90 83
 2 -29 4 93 92 91 90
 1 -42 4 97 94 92 90
 9 -31 3 95 91 81
 1 -49 3 96 95 94
 6 -51 1 79
 5 -27 2 101 93
 1 -95 1 81
 2 -82 1 85
 8 -97 1 90
 9 -32 1 91
 9 -83 1 91
 2 -81 1 95
 6 -79 1 90
 2 -52 1 90
 4 -9 1 90
 7 -64 1 91
 10 -65 1 90
 10 -58 1 102
 4 -40 1 102
 4 -21 1 102
 7 -19 1 102
 5 -72 1 102
 1 -99 1 102
 9 -23 1 102
 8 -16 1 102
 7 -5 1 102
 3 -97 1 102
 8 -84 1 102
 9 -41 1 102
 0 26210 0
