102
 0 -4 15 2 3 4 5 6 7 8 9 10 12 13 14 18 19 20
 5 -10 10 47 34 33 31 26 25 23 17 15 11
 5 -10 7 47 33 25 24 21 17 11
 10 -69 7 44 34 33 30 25 24 11
 6 -38 7 44 29 27 26 24 21 11
 6 -87 11 55 46 44 39 36 35 33 30 28 24 22
 4 -88 10 55 47 44 39 38 35 34 28 25 24
 3 -39 6 46 37 34 33 24 16
 5 -51 10 55 46 44 39 36 35 32 30 24 21
 2 -84 13 53 50 46 44 42 41 39 38 37 36 35 32 28
 10 -3 9 55 53 45 39 38 36 35 28 22
 4 -85 6 54 44 35 26 25 21
 8 -79 11 55 49 46 45 42 41 39 38 34 32 28
 10 0 8 55 44 43 39 38 28 24 21
 1 -22 6 55 44 39 30 28 24
 5 -15 9 55 54 50 45 44 38 35 32 28
 6 -56 12 58 57 55 51 50 49 45 44 42 41 38 32
 9 -35 12 66 62 54 53 50 45 44 43 42 41 38 35
 9 -4 13 66 58 57 55 54 51 50 48 45 44 43 40 38
 1 -100 13 62 61 58 57 56 55 53 51 47 44 43 41 38
 9 -100 11 66 58 57 53 52 51 50 49 45 42 40
 8 -13 7 58 57 56 50 49 41 32
 6 -65 10 66 62 61 55 54 50 48 43 42 38
 8 -53 10 79 65 62 57 54 52 49 48 45 42
 9 -14 9 62 61 57 56 52 50 46 43 41
 9 -80 8 62 58 57 53 49 46 43 38
 1 -86 8 62 57 55 51 48 43 42 38
 7 -15 8 66 64 59 58 57 51 48 40
 9 -56 8 66 62 61 58 54 51 43 38
 9 -8 7 62 56 53 51 48 43 38
 7 -31 12 79 69 68 64 62 61 60 59 58 56 50 48
 5 -97 9 86 71 67 66 65 62 61 52 43
 10 -21 5 61 56 52 50 43
 3 -2 6 65 61 56 53 48 43
 5 -8 10 86 79 74 65 64 60 59 58 57 56
 8 -44 10 86 74 70 66 65 64 63 61 60 58
 4 -5 8 86 76 74 69 66 65 60 49
 7 -75 9 86 79 74 70 69 68 67 65 52
 10 -71 8 86 70 69 65 60 59 58 54
 1 -54 9 86 79 77 76 69 65 62 61 56
 3 -62 5 69 68 65 64 48
 6 -45 8 86 77 76 74 73 68 67 56
 2 -16 11 85 79 77 76 74 72 70 69 68 64 63
 4 -60 11 86 79 78 77 76 74 73 72 71 67 59
 7 -99 10 86 85 78 77 76 74 73 71 61 59
 9 -42 10 85 83 79 77 76 71 70 65 63 60
 1 -95 9 86 85 77 76 73 72 66 64 59
 1 -90 10 86 83 78 76 74 72 71 70 67 63
 8 -18 7 77 73 70 67 64 63 61
 6 -71 10 86 83 80 78 77 75 74 70 67 65
 5 -9 7 84 79 71 68 67 63 60
 1 -30 5 85 76 64 60 59
 1 -14 9 101 100 86 85 84 83 77 76 63
 8 -11 8 84 82 80 75 73 72 68 67
 5 -67 10 101 84 83 82 80 78 77 76 75 72
 9 -85 6 85 78 72 71 70 63
 3 -75 7 101 84 83 78 77 69 63
 1 -10 7 100 82 80 77 76 71 67
 1 -10 4 101 100 84 63
 9 -77 6 97 82 80 78 75 72
 3 -5 9 101 98 97 96 93 83 82 81 72
 5 -35 9 101 99 98 97 93 90 85 82 72
 2 -24 7 97 94 87 82 81 80 75
 7 -88 8 101 99 97 96 91 89 83 78
 7 -33 6 101 99 96 93 81 73
 5 -42 5 101 97 83 79 75
 5 -38 12 101 99 98 97 96 95 94 92 91 90 89 85
 4 -42 11 98 97 96 95 94 93 91 89 88 83 81
 1 -35 6 94 93 90 87 82 75
 5 -6 9 100 97 95 94 91 88 87 84 82
 2 -27 9 98 97 96 94 93 92 88 87 81
 8 -44 8 100 95 94 92 91 89 88 87
 5 -68 8 100 95 94 92 90 89 88 87
 5 -53 7 99 98 97 91 88 87 81
 4 -86 7 99 96 95 92 91 89 88
 2 -46 6 96 95 93 92 90 89
 10 -23 5 99 98 97 90 89
 10 -81 4 98 94 88 81
 8 -60 4 96 93 91 89
 10 -21 3 98 93 88
 4 -12 1 90
 7 -12 1 92
 6 -10 1 87
 2 -13 1 93
 4 -54 1 87
 8 -50 1 91
 5 -42 1 102
 4 -82 1 102
 2 -50 1 102
 9 -54 1 102
 5 -85 1 102
 8 -74 1 102
 6 -80 1 102
 6 -49 1 102
 3 -98 1 102
 5 -33 1 102
 8 -81 1 102
 9 -91 1 102
 9 -85 1 102
 3 -93 1 102
 9 -95 1 102
 0 24315 0
