102
 0 -49 4 2 3 4 6
 3 -26 7 20 15 13 10 9 8 7
 3 -61 3 16 14 5
 10 -56 3 15 8 7
 10 -53 5 20 19 17 13 11
 8 -33 5 18 17 15 14 12
 6 -6 3 18 17 11
 3 -97 3 18 14 12
 7 -19 4 27 24 17 14
 8 -80 5 25 24 23 21 16
 9 -81 7 33 31 27 25 24 23 22
 2 -19 5 33 28 27 24 21
 1 -52 4 27 24 21 18
 3 -55 7 35 33 31 28 25 23 22
 3 -35 6 35 33 28 25 23 22
 3 -29 5 33 31 28 27 26
 8 -74 3 34 28 21
 4 -94 3 35 28 22
 9 -81 3 34 31 22
 10 -60 3 31 28 26
 6 -59 2 31 22
 4 -45 3 38 32 26
 5 -24 3 34 32 26
 2 -20 4 42 34 32 30
 7 -32 4 42 34 32 30
 8 -87 4 45 42 30 29
 8 -93 7 45 42 41 40 38 36 35
 7 -99 6 45 44 42 41 39 32
 4 -51 6 44 41 40 39 37 36
 1 -30 7 53 50 44 43 41 39 37
 9 -12 5 43 41 39 38 36
 1 -10 3 46 40 36
 3 -56 7 53 52 50 49 48 47 44
 4 -30 5 57 53 48 45 41
 1 -81 5 52 49 48 47 44
 7 -31 7 58 53 52 51 49 48 47
 1 -10 7 58 54 52 49 48 47 46
 2 -92 6 53 52 51 50 49 46
 5 -96 6 58 57 54 52 49 48
 6 -17 5 58 55 52 50 49
 10 -62 5 70 58 54 52 49
 2 -53 6 71 62 56 54 52 48
 9 -79 8 70 62 59 58 56 55 54 52
 1 -82 6 68 62 61 58 57 51
 2 -90 6 68 62 59 56 55 51
 6 -68 6 71 64 63 62 57 55
 4 -90 8 71 67 66 63 62 61 60 59
 2 -65 6 70 68 64 63 59 55
 8 -61 6 71 62 61 60 59 56
 4 -57 6 67 66 64 62 60 57
 8 -76 5 71 70 66 63 54
 2 -16 5 72 68 64 63 60
 10 -98 5 78 72 71 64 60
 2 -51 4 78 72 64 60
 6 -95 4 72 67 66 60
 2 -88 6 81 78 72 67 65 64
 3 -19 2 81 59
 6 -72 6 79 78 72 69 66 64
 7 -42 7 82 80 79 78 76 72 65
 6 -87 5 82 79 76 69 65
 6 -83 5 78 74 73 69 64
 5 -30 9 82 81 80 79 78 76 75 74 73
 1 -95 7 85 81 80 79 78 75 74
 7 -55 6 86 83 82 80 77 76
 7 -50 5 90 85 75 74 73
 7 -99 6 90 85 83 81 80 75
 3 -100 4 86 85 79 73
 7 -7 4 90 81 77 74
 4 -19 4 85 81 80 75
 9 -53 4 83 82 79 77
 2 -56 4 90 85 84 74
 1 -30 5 92 88 86 84 83
 9 -57 3 92 83 77
 8 -87 3 92 86 83
 10 -75 2 101 77
 6 -91 4 91 88 85 84
 10 -74 4 98 91 88 84
 7 -10 5 101 99 98 88 87
 7 -42 8 101 99 98 96 95 92 91 89
 8 -89 5 101 100 96 91 87
 9 -35 5 101 100 98 96 87
 5 -71 4 100 92 90 87
 6 -16 4 101 100 96 87
 1 -79 3 100 99 87
 7 -3 5 99 96 95 92 89
 7 -3 5 99 98 95 91 89
 10 -91 3 97 95 89
 10 -42 3 96 95 89
 5 -23 2 94 93
 3 -31 2 98 94
 8 -29 1 93
 2 -9 1 93
 5 -27 1 102
 2 -42 1 102
 7 -79 1 102
 9 -12 1 102
 6 -100 1 102
 3 -13 1 102
 4 -95 1 102
 7 -61 1 102
 9 -55 1 102
 0 27520 0
