102
 0 -75 6 2 3 4 6 8 10
 5 -9 6 20 16 15 14 11 9
 9 -19 6 18 14 13 11 9 7
 9 -33 4 18 16 9 5
 9 -66 4 19 14 12 7
 1 -48 3 17 16 13
 4 -41 5 31 27 24 22 17
 2 -63 3 31 30 14
 2 -20 2 22 12
 3 -84 2 17 14
 1 -79 5 30 26 22 21 19
 2 -27 4 31 25 24 17
 2 -72 4 30 22 21 19
 6 -8 5 27 26 24 22 21
 3 -74 5 30 26 25 24 21
 6 -60 6 34 30 28 27 24 23
 2 -4 5 37 34 30 26 21
 3 -31 4 37 34 30 21
 9 -53 6 45 31 29 28 25 24
 10 -97 2 24 21
 6 -36 4 36 32 28 23
 3 -52 4 46 45 29 25
 3 -98 5 45 40 35 33 29
 6 -69 7 46 42 39 38 37 36 35
 6 -25 5 49 41 35 34 33
 5 -8 5 49 41 38 36 33
 8 -60 4 45 37 33 32
 7 -72 6 49 46 44 41 39 38
 8 -34 5 49 42 41 39 38
 8 -86 4 45 40 36 33
 3 -21 5 49 43 40 39 37
 3 -53 6 62 53 48 44 43 41
 3 -66 5 51 47 44 43 39
 1 -52 4 52 44 43 39
 5 -71 8 62 59 53 52 51 50 48 44
 9 -49 6 53 52 51 47 44 43
 9 0 6 62 53 52 48 47 44
 8 -63 5 53 52 51 48 43
 7 0 7 62 60 59 54 53 50 48
 8 -1 6 59 55 53 51 50 44
 5 -97 5 60 54 52 51 47
 7 -49 5 64 62 51 50 44
 4 -72 5 65 60 59 55 50
 2 -48 7 69 63 60 58 57 56 54
 6 -3 7 69 64 63 60 57 56 54
 9 -99 6 63 59 57 56 55 54
 6 -77 4 65 64 59 50
 10 -15 6 66 65 64 63 56 55
 2 -27 5 64 63 59 57 56
 8 -33 5 66 63 58 57 56
 10 -85 5 66 65 63 57 56
 7 -80 5 73 69 65 63 56
 1 -49 8 78 74 73 70 69 67 64 61
 9 -77 6 78 73 67 66 65 61
 3 -2 9 78 77 74 73 72 71 69 68 67
 5 -61 4 78 70 67 61
 6 -8 8 80 78 77 74 72 70 68 67
 8 -30 7 79 75 74 73 72 71 68
 5 -73 6 80 79 77 73 72 66
 7 -33 7 80 79 78 76 75 74 72
 1 -63 5 77 75 72 71 68
 9 -40 6 81 79 76 75 71 70
 5 -30 4 80 75 74 72
 6 -27 4 87 76 75 72
 7 -13 3 81 80 70
 7 -36 6 93 88 83 82 81 74
 9 -72 4 86 79 76 75
 2 -98 6 93 87 86 85 83 76
 8 -37 5 87 83 81 79 76
 7 -15 8 93 88 87 86 85 84 83 82
 8 -90 7 93 88 86 85 84 82 80
 7 -65 6 88 86 85 83 82 81
 7 -7 4 93 91 85 76
 6 -76 5 92 87 86 85 84
 3 -85 4 93 85 83 82
 2 -7 4 90 88 84 82
 3 -46 5 99 93 92 87 86
 4 -18 5 99 92 90 89 84
 10 -66 2 85 84
 6 -85 5 101 99 91 90 89
 6 -33 3 91 89 84
 9 -74 5 101 99 96 95 92
 1 -57 4 100 98 91 89
 5 -11 7 101 100 98 97 96 95 94
 6 -83 4 99 96 95 90
 3 -82 3 98 91 89
 6 -42 2 90 89
 1 -60 2 100 89
 5 -39 3 96 95 94
 8 -47 3 98 97 94
 5 -37 3 97 95 94
 1 -55 3 98 97 94
 4 -52 3 96 95 94
 4 -19 1 102
 10 -58 1 102
 1 -61 1 102
 8 -85 1 102
 8 -11 1 102
 2 -58 1 102
 9 -20 1 102
 6 -28 1 102
 0 24425 0
