102
 0 -2 12 2 3 4 5 6 8 9 10 11 13 15 19
 4 -43 11 42 37 32 31 29 25 24 18 17 14 7
 3 -22 7 44 43 40 34 30 28 12
 9 -83 11 46 44 43 42 37 35 29 28 27 26 20
 6 -4 9 43 35 34 30 28 26 24 20 16
 1 -33 9 43 42 38 35 28 26 24 23 16
 1 -84 10 44 43 41 40 35 34 30 28 26 16
 6 -90 10 46 43 38 37 35 34 30 28 26 21
 3 -54 9 58 43 40 35 34 31 28 24 23
 10 -18 7 58 43 41 38 28 22 17
 5 -53 7 55 38 35 30 26 24 16
 8 -13 6 42 39 31 25 24 17
 1 -31 7 52 48 40 33 28 27 26
 10 -64 8 53 48 46 43 41 36 35 30
 10 -29 5 53 48 36 31 25
 9 -8 9 58 53 52 49 48 47 46 39 36
 3 -5 5 52 49 48 46 26
 3 -85 4 55 48 38 26
 10 -68 4 55 48 47 24
 2 -62 10 72 59 58 54 53 52 48 47 41 38
 10 -100 13 72 66 61 59 58 55 54 53 52 51 47 45 41
 9 -52 3 55 42 26
 9 -31 7 59 57 53 49 46 41 36
 7 -37 8 72 61 59 57 53 52 41 36
 3 -65 10 72 62 61 59 58 55 51 49 47 45
 10 -75 6 72 61 59 53 47 36
 3 -18 9 72 66 59 58 54 51 47 45 41
 3 -92 11 72 66 62 61 59 57 56 54 53 51 45
 9 -59 9 86 62 58 57 54 53 52 45 39
 8 -20 9 72 63 61 59 58 54 50 49 47
 3 -83 7 66 59 54 51 50 47 46
 7 -19 11 72 66 63 61 57 56 54 53 52 51 50
 6 -24 9 72 66 61 59 56 55 54 53 45
 6 -79 10 86 72 71 66 63 61 57 54 53 48
 5 -88 11 86 73 72 71 61 60 59 57 56 54 49
 4 -59 6 66 62 56 54 51 45
 4 -24 16 86 82 76 73 71 68 67 66 64 63 61 60 59 57 56 52
 6 -50 3 66 56 40
 7 -76 8 81 72 67 66 65 64 56 50
 5 -37 4 86 65 61 45
 10 -59 8 81 80 78 67 64 63 62 50
 10 -64 10 86 81 76 73 72 69 66 61 57 54
 8 -82 9 86 76 72 71 69 68 66 55 54
 8 -87 16 100 86 82 81 80 78 76 75 73 72 70 69 68 67 63 60
 1 -75 6 81 80 67 64 63 50
 3 -75 12 81 80 73 72 71 70 69 67 64 63 61 60
 3 -52 9 86 81 79 76 73 70 68 57 56
 5 -57 9 82 81 76 73 70 68 67 60 56
 7 -68 11 101 100 82 81 80 79 78 76 69 68 66
 2 -52 10 100 82 76 75 73 71 70 69 68 60
 10 -65 11 101 99 86 85 80 79 78 76 70 65 64
 7 -57 10 101 100 99 96 81 79 78 75 70 69
 8 -22 11 101 100 99 97 93 83 81 80 78 73 69
 8 -99 5 80 78 70 67 64
 2 -73 9 100 99 97 85 80 78 73 70 65
 9 -35 7 101 100 90 80 78 75 69
 2 -86 6 100 99 85 78 75 65
 8 -10 6 96 79 77 76 75 68
 2 -80 9 101 99 98 96 95 94 77 75 74
 8 -89 8 101 99 98 97 93 85 79 74
 1 -41 7 99 98 95 93 79 77 74
 4 -73 4 100 99 70 65
 6 -78 9 97 95 93 91 90 85 83 79 77
 2 -68 7 100 98 96 95 89 75 74
 6 -9 6 96 95 94 93 89 74
 4 -25 2 97 70
 3 -32 11 101 99 98 97 96 92 91 90 89 88 87
 4 -11 5 99 95 93 89 74
 2 -62 5 98 95 94 85 77
 8 -46 4 94 93 89 74
 2 -8 9 101 99 98 96 95 93 91 88 87
 7 -34 6 96 95 92 89 85 83
 5 -73 6 95 94 91 90 89 84
 4 -29 5 92 91 90 88 83
 3 -93 5 97 93 91 88 83
 1 -16 4 94 90 88 87
 8 -89 3 92 89 84
 7 -82 3 98 89 84
 3 -21 3 94 89 87
 7 -10 3 96 89 88
 6 -64 3 94 90 88
 8 -54 3 93 90 89
 9 -22 1 87
 9 -47 1 87
 3 -36 1 88
 9 -92 1 97
 4 -1 1 102
 4 -51 1 102
 2 -4 1 102
 9 -73 1 102
 5 -95 1 102
 5 -88 1 102
 7 -73 1 102
 8 -73 1 102
 4 -16 1 102
 6 -59 1 102
 1 -68 1 102
 7 -28 1 102
 6 -73 1 102
 10 -45 1 102
 3 -76 1 102
 0 26320 0
