102
 0 -74 6 2 3 4 6 7 15
 2 -98 6 24 20 18 16 12 8
 5 -94 4 16 13 10 5
 8 -31 4 25 18 16 9
 10 -77 6 27 25 22 18 14 11
 6 -89 3 13 11 10
 2 -90 7 27 25 24 22 20 18 17
 10 -36 6 27 25 22 19 17 14
 9 -49 3 27 24 11
 9 -72 5 31 27 25 19 18
 3 -16 3 21 19 17
 4 -48 5 31 29 26 25 19
 8 -28 6 37 35 29 27 26 23
 5 -18 4 35 31 28 21
 5 0 4 35 31 23 21
 10 -7 3 31 26 21
 4 -26 6 37 35 34 31 28 26
 1 -50 2 35 21
 10 -9 4 37 35 28 23
 3 -36 7 43 37 36 33 32 31 29
 7 -72 6 43 37 33 32 30 29
 6 -69 5 43 42 34 32 28
 4 -18 5 42 34 33 32 30
 3 -72 4 35 34 30 28
 2 -46 8 45 43 42 41 39 36 34 33
 3 -58 6 43 42 41 39 36 32
 5 -62 1 28
 6 -11 5 45 41 39 36 33
 9 -83 6 42 41 40 39 38 34
 9 -5 6 51 50 41 40 39 36
 5 -100 5 48 46 45 42 38
 4 -29 6 51 50 49 45 44 40
 7 -29 5 51 50 47 44 40
 3 -25 6 51 49 48 47 46 44
 10 -44 6 52 50 49 47 45 44
 8 -44 2 48 38
 5 -28 2 46 38
 5 -15 4 52 49 47 44
 2 -85 4 54 48 46 44
 10 -87 5 59 54 53 48 46
 5 -73 4 57 55 49 47
 7 -68 7 59 58 57 56 55 51 50
 5 -26 7 61 60 59 58 57 54 53
 7 -1 5 68 59 57 55 53
 4 -48 4 59 55 54 53
 8 -33 5 67 62 61 58 52
 8 -89 8 75 69 68 67 66 62 61 59
 1 -89 6 68 67 66 65 60 58
 3 -18 4 62 60 58 54
 5 -17 6 73 68 67 65 62 60
 1 -37 6 73 67 66 65 62 60
 10 -73 5 77 73 68 65 60
 8 -67 3 83 73 56
 4 -37 7 77 75 73 72 68 65 63
 9 -91 5 77 73 71 69 60
 3 -48 8 79 75 72 70 67 66 65 64
 7 -29 5 75 73 72 65 63
 9 -89 9 83 79 77 73 72 71 70 69 64
 1 -52 6 83 79 77 74 72 65
 3 -55 3 75 72 63
 3 -33 5 83 77 73 70 65
 1 -38 5 79 77 72 71 64
 6 -54 4 83 79 70 64
 7 -61 7 88 87 86 82 81 76 74
 7 -33 6 88 87 85 84 76 71
 6 -51 6 88 87 85 84 82 71
 2 -85 6 88 86 81 80 78 77
 4 -78 5 87 86 81 76 74
 4 -25 6 87 85 84 82 81 78
 9 -29 5 86 85 81 78 76
 1 -64 5 89 86 81 80 78
 9 -58 5 101 87 86 85 80
 3 -93 4 101 87 82 80
 9 -10 3 89 85 78
 7 -45 6 101 94 93 89 86 85
 1 -90 4 101 91 89 80
 4 -81 4 94 87 85 82
 2 -47 8 101 100 98 95 94 93 91 90
 8 -98 3 101 93 85
 3 -76 8 100 99 98 95 94 93 92 90
 9 -92 8 101 100 99 98 94 93 92 90
 8 -70 6 100 93 92 91 90 89
 4 -96 2 101 85
 2 -83 6 100 98 95 93 92 91
 3 -66 5 100 98 92 91 90
 5 -6 5 100 98 92 91 90
 2 -79 5 100 98 93 92 90
 2 -44 5 100 99 98 93 92
 8 -81 3 99 98 96
 2 -16 2 97 96
 6 -20 2 99 96
 2 -35 1 96
 2 -71 1 97
 1 -91 1 96
 8 -34 1 97
 3 -3 1 102
 3 -18 1 102
 9 -19 1 102
 2 -51 1 102
 1 -36 1 102
 7 -85 1 102
 0 26075 0
