102
 0 -55 9 2 3 4 5 6 7 8 12 18
 8 -85 4 17 16 13 11
 4 -55 3 14 13 10
 6 -85 2 13 9
 3 -100 5 24 19 17 16 13
 2 -80 4 24 17 14 13
 5 -79 9 27 26 25 24 22 20 19 17 16
 3 -54 6 24 20 19 17 16 15
 7 -56 8 35 26 25 24 20 19 17 16
 8 -29 8 27 26 24 23 22 21 20 19
 1 -88 4 32 21 19 15
 10 -10 4 27 25 22 16
 8 -23 6 27 26 25 22 21 20
 5 -2 3 27 22 16
 4 -54 8 38 35 33 31 30 27 26 25
 2 -75 6 38 34 32 31 29 21
 7 -38 6 38 34 29 28 23 21
 2 -44 4 34 30 29 22
 7 -29 5 45 38 31 30 29
 3 -14 5 45 33 32 31 30
 10 -26 5 46 45 36 33 30
 10 -49 5 50 45 41 35 28
 2 -30 4 46 36 33 30
 7 -26 4 45 41 37 31
 1 -91 3 50 34 28
 1 -13 5 50 44 41 39 34
 1 -46 6 50 46 44 41 39 37
 6 -74 5 46 44 39 37 36
 3 -33 3 41 36 33
 8 -77 5 50 44 41 40 39
 2 -22 4 50 44 39 36
 3 -77 5 50 48 46 44 36
 1 -5 4 50 48 42 37
 10 -77 3 48 37 36
 5 -11 6 53 51 48 47 42 40
 9 -41 4 53 51 47 40
 10 -15 3 51 47 40
 3 -9 7 58 56 55 54 53 48 46
 5 -62 5 53 51 48 43 42
 3 0 6 60 59 58 52 49 43
 2 -20 3 53 48 47
 3 -24 5 60 59 57 55 52
 4 -35 6 70 63 61 56 55 54
 2 -72 4 59 57 55 52
 3 -95 4 62 60 56 52
 2 -13 3 62 52 51
 4 -41 2 54 52
 8 -23 4 63 61 60 57
 1 -56 5 70 68 66 62 57
 2 -85 4 65 64 60 54
 6 -32 3 63 60 57
 6 -10 4 70 65 63 61
 1 -78 3 65 64 59
 8 -48 4 73 68 66 62
 1 -23 4 68 66 65 64
 1 -70 1 57
 7 -77 3 73 65 64
 9 -86 3 73 67 64
 8 -35 2 73 62
 6 -25 6 78 75 73 71 68 67
 9 -3 2 73 64
 4 -67 5 78 75 71 69 67
 2 -13 3 78 75 66
 3 -87 6 78 75 74 72 71 69
 3 -27 3 79 75 67
 5 -52 2 69 67
 3 -47 4 83 76 74 72
 7 -28 10 101 94 88 87 84 83 82 80 79 77
 4 -37 8 94 87 84 82 80 79 77 76
 1 -73 3 94 75 71
 3 -70 9 101 92 88 87 86 84 83 82 77
 7 -43 6 101 92 89 86 82 77
 4 -78 11 101 100 98 94 92 90 89 87 86 85 83
 10 -87 7 99 94 87 86 84 81 80
 10 -42 7 101 100 99 93 92 84 81
 5 -11 10 101 100 99 98 97 93 92 91 88 86
 8 -100 4 100 98 93 81
 10 -2 4 99 98 92 81
 10 -19 6 99 98 97 92 91 86
 10 -12 4 100 97 92 91
 5 -90 3 97 90 85
 4 -88 4 99 98 95 91
 2 -68 4 99 97 96 95
 5 -91 3 98 95 91
 10 -75 2 96 95
 3 -64 2 96 95
 8 -22 2 97 95
 3 -76 2 96 95
 1 -16 2 96 95
 7 -99 1 91
 7 -77 1 96
 3 -58 1 95
 8 -17 1 95
 6 -25 1 95
 2 -90 1 102
 3 -9 1 102
 4 -11 1 102
 4 -82 1 102
 3 -34 1 102
 10 -97 1 102
 2 -27 1 102
 0 24505 0
