102
 0 -3 23 2 3 4 5 6 7 8 9 10 11 12 13 16 17 18 19 20 25 26 28 30 32 34
 9 -27 13 57 54 53 52 47 42 39 38 37 31 27 24 23
 2 -93 10 50 44 43 42 39 37 36 31 24 14
 5 -1 11 54 53 50 49 48 45 44 40 33 22 15
 10 -93 8 48 44 39 36 33 31 21 15
 5 -73 8 53 49 48 46 44 36 33 15
 3 -37 12 69 68 67 59 58 57 47 40 36 33 31 21
 10 -78 10 68 53 52 50 40 37 36 35 33 31
 5 -91 13 75 68 67 60 58 54 50 49 46 42 40 33 29
 3 -8 11 69 66 62 58 55 53 51 42 38 37 21
 1 -56 13 80 73 66 62 60 59 57 51 50 47 45 42 24
 8 -12 9 81 69 58 50 49 44 37 36 33
 1 -96 20 100 81 73 72 69 67 66 65 63 62 59 58 57 56 53 50 49 47 45 40
 8 -97 19 81 80 75 74 73 72 69 67 63 61 59 57 56 54 52 51 48 46 45
 6 -43 15 101 100 80 75 69 68 63 62 61 59 57 56 52 42 35
 6 -72 16 101 100 81 78 68 66 65 63 62 61 60 58 56 50 41 37
 10 -86 15 101 100 80 68 66 63 62 61 58 57 55 53 51 45 41
 6 -98 10 101 67 64 58 57 55 53 50 43 36
 9 -37 21 81 80 79 78 77 75 74 73 72 68 66 63 62 61 60 59 58 57 54 50 45
 4 -77 13 80 73 72 68 63 62 61 57 55 52 51 45 44
 7 -21 17 101 100 81 80 78 75 74 73 72 70 65 63 60 56 50 49 45
 8 -65 9 101 80 72 70 62 58 56 55 36
 9 -95 6 75 70 56 55 36 35
 2 -76 17 101 100 99 94 75 72 71 70 68 67 65 64 63 58 56 55 49
 8 -46 12 100 80 75 74 72 66 62 59 55 54 51 49
 3 -22 20 101 100 99 98 96 94 80 79 78 75 74 73 71 66 65 63 62 61 60 55
 9 -4 14 100 80 78 77 75 74 72 69 64 63 62 58 50 49
 9 -66 15 101 100 99 94 81 80 78 73 72 70 66 65 63 58 49
 1 -16 12 100 97 80 74 73 72 66 62 61 59 51 45
 9 -96 11 100 72 66 64 62 61 59 56 55 51 47
 3 -6 15 100 99 96 94 81 78 77 75 73 72 70 64 62 60 49
 2 -10 13 97 80 78 75 74 73 70 69 68 65 62 61 45
 7 -53 14 100 99 98 94 79 78 74 73 70 65 63 62 56 55
 3 -97 13 101 94 79 75 72 71 65 63 62 61 58 56 55
 2 -19 9 97 79 73 71 67 66 60 58 51
 8 -39 10 100 93 92 79 76 73 71 66 63 51
 9 -92 8 99 80 76 74 73 72 59 45
 2 -47 12 99 98 97 94 91 82 74 71 68 65 61 59
 7 -70 13 97 95 94 93 92 90 87 81 76 72 64 62 59
 9 -46 12 101 99 97 96 94 93 91 80 78 77 71 55
 3 -84 12 99 97 95 94 92 90 79 75 73 72 67 59
 8 -80 15 97 96 95 94 93 92 91 90 88 84 81 78 77 74 72
 9 -29 11 100 98 94 89 78 76 70 69 62 61 60
 2 -50 14 101 99 97 96 95 93 92 90 83 82 77 75 74 70
 4 -65 12 96 95 94 93 92 91 90 89 86 82 71 64
 10 -60 12 100 96 94 93 91 90 87 86 84 83 82 65
 1 -89 11 96 95 93 91 90 89 86 82 76 71 70
 4 -53 10 101 98 94 93 90 88 85 84 71 62
 9 -37 8 98 97 95 91 82 79 76 61
 8 -99 12 99 98 97 94 93 92 90 89 88 84 82 71
 8 -88 9 99 98 95 94 90 87 86 78 65
 7 -98 8 97 89 83 82 79 76 70 66
 3 -24 8 91 90 89 88 84 83 82 74
 3 -12 7 91 87 86 83 82 76 70
 8 -49 8 95 92 89 88 86 84 82 76
 1 -28 7 93 90 87 86 85 82 77
 4 -62 7 99 89 88 87 86 85 84
 5 -64 6 96 91 86 83 82 76
 2 -89 5 96 89 86 83 70
 7 -26 6 92 91 90 85 83 82
 1 -94 5 93 92 90 84 83
 2 -1 4 91 86 83 82
 7 -33 4 97 87 83 82
 3 -23 4 98 85 84 83
 9 -24 3 88 85 77
 8 -24 3 90 87 86
 2 -10 3 91 88 83
 2 -7 3 88 85 83
 6 -34 3 92 84 82
 4 -48 2 88 84
 8 -3 2 87 83
 2 -87 2 83 82
 9 -23 2 87 84
 7 -80 2 87 85
 6 -1 2 91 84
 8 -69 1 85
 10 -80 1 89
 1 -69 1 82
 9 -1 1 86
 3 -73 1 82
 6 -98 1 86
 3 -19 1 102
 3 -87 1 102
 4 -5 1 102
 1 -17 1 102
 6 -18 1 102
 6 -25 1 102
 6 -1 1 102
 9 -32 1 102
 3 -67 1 102
 8 -74 1 102
 7 -8 1 102
 3 -12 1 102
 7 -1 1 102
 1 -40 1 102
 10 -9 1 102
 10 -62 1 102
 4 -90 1 102
 10 -44 1 102
 2 -88 1 102
 2 -38 1 102
 0 24845 0
