92
 0 -63 19 2 3 4 5 6 7 8 9 10 11 13 14 15 16 17 18 23 24 25
 8 -69 13 61 55 52 44 40 39 37 34 32 30 27 22 19
 9 -6 7 61 55 42 30 27 20 12
 4 -7 12 55 54 49 45 42 40 39 38 36 32 31 20
 6 -89 17 73 68 58 55 54 53 48 47 46 45 43 40 39 37 31 29 28
 6 -6 13 73 66 58 56 55 53 52 48 47 46 42 28 26
 6 -53 11 73 56 47 46 45 42 38 34 33 29 26
 8 -96 10 67 62 61 58 51 50 42 39 30 21
 10 -39 6 67 58 52 32 28 21
 8 -35 17 91 73 62 61 58 57 54 53 51 49 48 46 45 39 37 32 31
 8 -33 14 73 66 61 58 57 56 54 52 47 46 45 42 39 29
 1 -4 16 91 73 68 67 64 56 53 51 49 48 47 46 44 40 39 37
 5 -11 15 91 90 73 68 62 61 59 58 57 55 48 47 46 35 32
 6 -96 12 91 90 73 55 54 49 47 42 40 39 38 31
 10 -17 11 91 73 68 62 49 46 45 38 37 34 32
 10 -65 21 91 90 87 73 72 70 68 67 66 64 61 56 54 53 50 49 47 45 43 41 39
 6 -34 14 90 73 72 68 66 61 53 52 51 49 47 46 43 31
 9 -24 13 91 90 72 68 67 62 59 54 53 49 48 38 32
 3 -69 14 91 90 89 84 73 71 65 64 62 57 56 47 43 33
 3 -44 14 91 86 73 68 65 58 57 56 48 47 46 43 41 34
 7 -82 13 91 89 73 68 66 64 56 54 47 46 45 43 37
 2 -54 8 91 73 64 56 47 46 42 33
 8 -54 11 91 88 73 67 64 53 48 46 42 38 37
 4 -27 7 91 73 68 60 54 51 31
 6 -12 14 91 90 89 88 86 72 68 65 64 63 56 50 46 38
 8 -66 10 91 70 68 67 64 59 54 49 43 37
 3 -7 15 90 89 87 84 73 72 70 66 65 64 59 56 53 47 43
 10 -4 12 90 89 88 86 72 71 64 63 62 51 50 38
 1 -5 15 91 90 89 87 86 85 78 72 71 70 67 64 63 62 49
 9 -15 12 89 87 72 70 65 64 63 59 57 54 49 48
 8 -82 12 89 88 87 86 70 67 65 64 63 59 56 50
 5 -72 8 89 84 66 65 64 60 56 43
 6 -68 8 88 79 68 67 66 59 58 51
 2 -11 11 90 89 88 87 85 79 72 71 70 64 50
 7 -70 7 86 65 64 60 56 49 43
 1 -87 8 88 85 79 71 68 66 63 51
 2 -8 11 90 87 86 82 80 78 72 71 65 63 60
 6 -92 8 87 85 84 82 80 70 61 57
 7 -79 10 89 88 84 83 79 77 76 75 69 59
 4 -55 7 86 83 82 81 69 62 59
 10 -45 11 85 84 82 81 80 79 78 77 76 75 69
 4 -43 8 84 82 80 77 72 71 69 65
 5 -86 7 88 85 81 79 78 76 63
 4 -84 7 83 82 79 76 74 71 66
 10 -1 5 84 83 76 65 59
 6 -90 7 84 80 78 76 71 70 69
 10 -73 4 82 79 63 60
 6 -13 8 84 83 82 80 77 76 75 74
 7 -64 7 84 83 80 79 77 76 69
 8 -35 7 84 83 81 80 78 76 69
 5 -93 7 83 82 81 76 75 74 70
 1 -75 6 86 78 77 75 71 69
 9 -52 7 86 80 79 78 77 75 74
 8 -62 6 85 80 76 75 74 71
 6 -8 6 84 82 81 79 76 72
 7 -47 5 82 78 77 76 69
 5 -42 5 78 77 76 75 69
 5 -28 4 87 76 72 70
 2 -90 4 85 80 78 74
 5 -32 4 83 77 76 74
 7 -5 4 83 79 76 75
 2 -80 4 79 76 75 74
 10 -90 3 77 75 69
 4 -16 3 82 81 75
 8 -68 3 81 79 74
 7 -83 3 86 80 78
 9 -68 2 75 69
 1 -38 2 78 75
 10 -78 1 74
 4 -1 1 77
 9 -4 1 81
 5 -59 1 75
 10 -87 1 82
 6 -92 1 92
 9 -91 1 92
 5 -90 1 92
 2 -32 1 92
 10 -28 1 92
 5 -69 1 92
 6 -67 1 92
 4 -94 1 92
 7 -22 1 92
 2 -51 1 92
 10 -79 1 92
 5 -67 1 92
 10 -59 1 92
 3 -78 1 92
 8 -37 1 92
 3 -82 1 92
 6 -86 1 92
 3 -53 1 92
 0 23635 0
