102
 0 -22 24 2 3 4 5 6 7 8 9 10 11 12 13 14 15 19 20 21 22 23 30 31 32 33 41
 8 -46 15 68 57 53 51 49 47 46 43 39 37 36 35 29 24 18
 8 -97 11 68 53 48 47 43 42 38 34 29 28 25
 6 -1 10 47 46 45 43 42 28 27 26 25 24
 3 -14 10 68 51 47 46 39 37 35 34 29 24
 9 -67 8 61 53 51 50 34 27 24 17
 5 -87 17 77 70 68 65 58 56 53 52 51 50 48 46 44 43 35 34 27
 1 -55 15 68 64 61 57 55 54 53 47 46 45 43 42 38 36 24
 1 -76 14 68 61 60 59 54 53 50 47 46 45 42 40 35 25
 10 -57 7 54 53 39 37 35 28 16
 4 -71 15 77 76 72 71 61 59 58 55 54 50 48 46 44 39 26
 9 -31 10 100 57 53 50 47 45 40 35 34 24
 6 -23 17 101 99 77 76 65 58 56 53 52 51 48 45 42 40 39 38 34
 2 -70 16 76 70 67 66 65 60 58 57 54 51 48 46 42 40 35 29
 3 -85 21 101 99 96 77 71 67 66 65 64 60 59 56 54 53 52 51 48 47 45 43 40
 6 -13 7 71 64 51 46 45 40 24
 3 -89 20 101 100 99 77 71 70 67 66 65 64 60 59 58 57 56 54 46 45 43 40
 3 -61 17 101 100 99 76 70 65 64 60 59 58 56 54 52 48 45 40 38
 10 -5 12 76 70 67 65 60 57 55 53 52 51 48 29
 8 -42 14 100 99 77 70 68 67 60 58 56 54 53 52 45 35
 6 -56 20 101 100 99 97 93 77 76 71 70 68 67 66 65 59 58 56 53 52 48 45
 1 -23 18 99 93 72 70 68 66 65 64 63 60 59 58 57 55 54 53 48 44
 6 -1 14 101 99 98 94 91 77 76 72 60 58 53 46 45 39
 6 -99 20 101 99 93 92 90 77 76 72 70 69 67 66 65 63 60 59 58 56 52 48
 3 -94 18 100 99 97 93 92 90 77 76 70 67 66 65 63 62 58 57 56 52
 8 -80 16 101 99 97 93 90 69 68 67 65 64 63 60 56 53 52 51
 6 -54 12 101 100 99 96 94 76 66 64 62 57 54 40
 10 -59 10 99 95 93 90 77 65 60 52 51 40
 5 -44 15 100 99 98 97 96 95 94 93 77 72 71 62 61 50 45
 8 -42 14 99 96 95 94 93 77 76 73 72 71 70 57 55 45
 4 -96 13 101 99 97 93 90 77 70 66 65 62 58 57 42
 3 -92 13 100 99 98 97 95 94 92 87 72 65 64 57 46
 3 -40 16 94 93 91 90 89 87 86 76 74 73 69 68 66 65 63 54
 6 -34 12 98 96 94 93 90 74 71 64 62 60 59 54
 3 -14 13 101 97 95 94 93 92 86 71 69 64 63 62 55
 4 -84 15 101 99 98 97 93 92 91 90 85 83 81 76 73 65 52
 2 0 11 99 98 97 95 93 92 91 90 70 62 52
 4 -12 13 97 96 94 93 90 87 86 74 73 71 67 66 63
 5 -12 15 100 96 95 93 90 89 88 87 86 85 74 73 70 66 64
 6 -98 10 97 92 86 84 83 73 72 69 63 55
 7 -2 14 98 96 95 91 90 89 87 86 81 76 74 73 70 65
 9 -42 14 100 98 96 91 88 87 86 85 83 80 78 75 73 71
 3 -5 14 95 94 93 92 90 89 87 85 84 83 80 78 76 73
 1 -41 10 96 92 90 89 85 84 83 82 69 67
 8 -61 8 92 90 89 86 84 78 69 63
 9 -8 8 96 90 89 85 84 80 74 62
 9 -21 11 97 93 90 88 87 86 82 81 79 74 70
 6 -34 7 94 89 88 84 80 74 62
 10 -10 11 99 96 93 88 86 84 83 82 80 79 74
 5 -22 9 91 87 86 84 82 80 78 75 73
 6 -72 6 100 87 86 85 80 62
 4 -3 9 94 89 88 87 86 84 80 79 74
 2 -9 8 92 87 85 82 81 80 78 73
 10 -1 8 97 95 92 84 83 81 80 78
 6 -22 7 98 91 87 82 81 79 78
 7 -92 6 85 83 82 81 78 73
 8 -87 6 89 86 83 81 79 74
 4 -65 6 96 95 84 82 80 78
 10 -62 6 88 87 86 85 81 80
 9 -73 5 85 83 82 80 78
 10 -20 5 101 89 84 83 79
 10 -77 4 83 82 81 73
 10 -5 4 88 85 80 75
 6 -59 4 84 80 78 75
 7 -77 3 88 80 78
 8 -5 3 83 82 79
 8 -30 3 91 80 78
 4 -70 3 85 80 78
 10 -70 2 81 79
 7 -12 2 83 78
 9 -2 2 84 82
 7 -51 2 89 81
 10 -86 1 79
 10 -91 1 78
 7 -47 1 81
 5 -53 1 82
 8 -38 1 79
 6 -53 1 102
 3 -60 1 102
 3 -3 1 102
 2 -42 1 102
 2 -48 1 102
 2 -33 1 102
 8 -54 1 102
 3 -72 1 102
 2 -18 1 102
 6 -74 1 102
 1 -19 1 102
 8 -99 1 102
 8 -31 1 102
 7 -57 1 102
 9 -81 1 102
 3 -32 1 102
 3 -52 1 102
 1 -100 1 102
 2 -92 1 102
 1 -55 1 102
 7 -23 1 102
 9 -5 1 102
 9 -43 1 102
 5 -30 1 102
 0 23735 0
