102
 0 -79 22 2 3 4 5 6 7 8 9 10 12 13 14 15 17 18 19 20 21 24 25 26 34
 10 -8 11 65 59 45 38 36 33 29 28 27 23 11
 7 -30 9 47 46 39 36 35 33 32 27 11
 5 -30 14 75 60 57 46 44 43 40 39 37 32 31 29 28 16
 8 -10 20 75 63 62 60 59 58 57 56 55 54 49 47 46 42 41 39 38 37 36 33
 3 -71 25 75 69 68 65 64 63 62 61 60 57 56 55 54 52 50 49 48 46 45 44 42 41 40 39 37
 9 -93 18 74 63 61 60 58 57 56 54 52 49 48 47 41 40 39 37 35 30
 7 -10 13 75 65 64 63 57 55 48 46 41 40 37 33 22
 10 -11 12 75 68 65 64 57 56 49 48 41 40 37 22
 7 -34 11 69 65 63 49 45 43 41 37 33 30 29
 3 -57 12 75 68 64 63 58 56 53 49 41 40 37 22
 9 -13 11 60 59 57 54 52 50 49 43 41 29 28
 3 -61 18 75 74 73 69 68 67 64 62 59 58 57 56 52 48 43 41 39 37
 7 -29 14 75 65 64 62 61 60 58 56 55 48 46 41 40 33
 8 -50 19 101 99 74 69 68 66 65 64 63 61 60 57 56 54 53 52 50 41 40
 8 -3 17 101 74 73 69 65 63 61 59 58 56 55 54 52 51 49 48 41
 4 -50 14 73 69 65 64 62 61 58 56 55 50 48 41 33 32
 3 -55 16 101 73 69 65 64 63 62 60 56 55 52 50 48 43 41 39
 5 -10 8 68 64 63 56 50 41 39 27
 4 -86 14 101 100 73 69 68 65 62 57 56 55 48 43 42 39
 7 -55 13 97 74 73 69 68 64 61 60 58 56 52 41 37
 7 -99 12 101 74 73 69 62 60 54 52 51 50 44 43
 1 -45 13 74 68 67 64 62 61 57 56 53 46 42 40 39
 4 -69 10 101 73 64 58 55 54 50 48 41 39
 3 -79 14 101 99 79 76 75 74 73 71 67 59 56 52 50 43
 4 -64 11 100 74 72 66 64 58 56 53 49 43 40
 10 -33 14 99 96 77 76 75 74 73 72 69 61 57 55 54 52
 4 -70 15 101 100 98 97 94 92 79 77 72 71 69 68 64 61 48
 3 -32 8 99 73 62 61 56 55 51 48
 3 -62 10 100 99 98 92 76 68 64 55 50 46
 8 -9 10 100 99 98 97 92 79 66 61 50 48
 8 -88 16 100 99 97 94 93 91 90 87 85 79 77 76 71 70 67 53
 10 -87 12 96 94 89 79 78 74 72 71 70 68 67 52
 9 -31 17 99 98 97 96 95 93 91 90 89 82 78 77 73 71 70 66 65
 8 -74 12 100 98 96 91 90 79 77 76 67 65 62 55
 8 -61 14 98 95 94 93 92 78 77 76 71 70 69 68 64 61
 8 -30 15 101 96 95 93 92 91 89 85 82 78 77 76 71 70 66
 4 -45 10 93 92 91 88 85 76 70 66 61 53
 9 -43 15 99 98 97 96 95 93 90 88 87 86 85 83 82 77 70
 10 -34 15 97 96 95 94 93 91 90 89 87 86 83 82 76 73 70
 2 -30 13 100 96 94 93 90 89 85 84 83 79 72 71 70
 9 -80 13 98 97 94 90 89 87 85 83 82 79 76 72 71
 10 -73 11 98 97 95 94 92 90 86 85 78 70 61
 1 -60 13 99 97 95 92 90 89 87 85 84 82 76 72 70
 5 -27 14 100 98 97 92 91 90 88 87 86 83 82 81 80 77
 10 -79 13 96 93 91 90 89 88 87 86 84 83 82 81 73
 1 -9 10 101 100 96 95 92 84 78 76 71 70
 9 -22 5 93 90 76 70 53
 6 -9 12 99 97 96 94 89 85 84 83 82 81 80 71
 7 -5 10 96 95 90 89 88 87 85 77 72 70
 8 0 10 94 93 91 89 87 85 84 83 76 67
 3 -20 13 100 98 95 93 92 90 88 87 85 84 83 82 80
 8 -77 9 96 95 89 86 84 82 81 80 78
 2 -66 6 94 90 88 87 70 67
 5 -20 5 97 84 80 71 66
 5 -63 8 93 90 88 86 83 81 80 77
 3 -20 7 95 92 91 87 82 80 71
 2 -96 8 99 91 88 86 84 83 82 81
 9 -75 6 93 90 89 85 82 70
 3 -23 5 92 90 80 79 71
 10 -14 6 89 87 84 82 81 80
 3 -22 6 89 85 83 82 81 80
 6 -50 6 93 90 89 87 84 80
 5 -16 5 90 86 82 81 80
 2 -83 4 92 88 85 83
 1 -67 3 94 87 81
 2 -20 3 92 82 81
 10 -88 3 91 87 85
 10 -78 3 89 83 82
 8 0 2 81 80
 10 -16 2 88 86
 9 -4 2 91 81
 5 -93 2 85 80
 4 -23 2 85 82
 4 -99 2 85 80
 6 -100 1 80
 8 -7 1 84
 7 -26 1 83
 3 -96 1 81
 7 -70 1 102
 2 -40 1 102
 6 -77 1 102
 2 -98 1 102
 2 -33 1 102
 10 -1 1 102
 7 -70 1 102
 1 -49 1 102
 2 -67 1 102
 10 -30 1 102
 4 -84 1 102
 5 -25 1 102
 6 -89 1 102
 10 -15 1 102
 6 -84 1 102
 4 -61 1 102
 1 -28 1 102
 6 0 1 102
 4 -31 1 102
 7 -44 1 102
 5 -75 1 102
 7 -72 1 102
 0 23995 0
