102
 0 -25 5 2 4 5 6 7
 4 -58 4 17 14 10 3
 5 -68 6 19 15 13 11 9 8
 10 -34 5 20 19 15 11 8
 2 -41 5 23 20 19 15 11
 10 -73 5 25 23 18 16 12
 7 -70 6 34 25 23 19 17 16
 10 -100 5 25 23 21 18 16
 3 -92 5 25 23 21 18 16
 1 -94 8 31 28 25 24 23 22 20 18
 3 -49 5 30 25 21 18 16
 8 -39 5 27 26 24 22 14
 10 -63 9 31 30 29 28 27 26 25 24 20
 9 -20 6 31 30 29 28 21 20
 5 -96 9 38 36 34 33 30 29 28 25 24
 5 -81 6 36 31 29 28 24 22
 5 -33 5 36 29 28 26 21
 6 -83 7 38 36 34 33 29 27 26
 1 -35 5 38 36 31 27 24
 1 -27 5 52 38 36 34 33
 2 -15 5 43 38 35 33 32
 9 -8 5 43 38 35 33 32
 2 -50 4 43 35 32 30
 3 -86 5 43 42 41 35 32
 1 -33 7 52 51 45 43 41 37 35
 7 -75 5 52 47 43 42 32
 3 -24 5 52 43 42 41 32
 9 -29 4 47 42 41 32
 5 -85 6 51 47 45 43 41 37
 8 -74 6 51 47 42 41 40 37
 3 -98 5 47 45 41 40 37
 9 -3 5 51 48 45 40 37
 7 -97 4 51 42 41 37
 9 -79 6 49 46 45 44 41 40
 3 -30 7 57 50 49 48 47 44 40
 3 -42 8 57 56 51 50 49 47 44 43
 7 -50 4 55 50 46 39
 3 -45 3 48 45 39
 7 -53 6 62 57 56 53 49 44
 2 -27 8 64 62 59 58 56 55 54 53
 9 -22 5 62 57 56 54 48
 10 -86 4 55 53 50 48
 7 -59 8 70 67 62 60 59 58 55 54
 5 -43 8 70 68 67 64 60 59 58 54
 8 -61 4 59 57 56 54
 4 -65 4 67 62 56 54
 8 -81 11 75 72 70 69 67 64 63 62 61 60 59
 7 -81 11 75 72 70 69 68 67 66 64 63 60 59
 10 -99 5 70 68 67 60 54
 4 -42 5 70 68 67 64 54
 10 -46 11 77 75 72 70 69 67 66 64 63 61 60
 4 -41 3 62 57 55
 1 -42 9 77 75 72 70 69 66 63 61 60
 2 -35 6 75 72 69 66 63 61
 8 -94 7 81 75 72 71 69 68 65
 10 -33 4 70 68 63 60
 4 -87 4 72 67 66 60
 7 -3 6 81 77 74 72 71 65
 5 -30 5 81 77 74 71 65
 3 -36 4 81 74 71 65
 6 -82 4 81 74 71 65
 2 -8 4 77 73 71 66
 2 -22 2 71 65
 8 -80 6 85 82 80 76 74 73
 7 -76 6 87 85 82 80 76 73
 3 -47 6 90 85 82 80 76 74
 3 0 4 81 80 73 71
 7 -29 5 93 85 79 77 76
 4 -44 4 85 80 76 74
 6 -82 5 93 87 81 78 73
 8 -11 5 90 89 87 79 76
 2 -59 8 93 92 90 89 88 86 84 83
 4 -32 6 90 89 88 84 83 79
 4 -44 6 93 89 88 87 83 79
 7 -63 6 93 88 87 86 85 84
 5 -68 3 92 83 78
 10 -8 6 101 92 90 87 83 82
 10 -13 3 88 86 84
 3 -78 6 101 98 97 94 92 86
 2 -31 3 93 91 86
 8 -96 3 94 92 83
 5 -80 6 100 99 98 97 96 94
 9 -72 5 100 99 97 95 91
 6 -18 4 101 97 94 91
 3 -11 4 100 98 94 89
 10 -30 4 100 99 96 95
 8 -77 3 97 96 94
 1 -94 3 99 97 95
 6 -24 3 97 96 95
 9 -91 3 97 96 95
 7 -63 2 98 96
 4 -54 2 96 95
 2 -59 2 101 97
 9 -88 1 95
 8 -50 1 102
 1 -66 1 102
 5 -7 1 102
 6 -80 1 102
 7 -3 1 102
 9 -20 1 102
 10 -81 1 102
 0 26555 0
