112
 0 -6 8 2 3 4 5 6 7 9 10
 8 -91 6 21 19 18 13 12 11
 5 -43 7 23 19 18 17 15 14 12
 4 -64 4 20 16 15 8
 1 -82 5 21 18 17 16 11
 1 -64 5 34 24 21 20 13
 4 -57 8 30 24 23 22 21 20 18 15
 9 -62 7 34 31 25 23 21 19 17
 1 -51 6 34 24 23 21 19 17
 8 -90 6 30 25 24 22 20 15
 7 -95 9 44 35 31 27 25 24 23 22 20
 6 -18 6 28 27 26 25 22 16
 8 -74 4 30 23 22 15
 7 -32 5 30 27 26 22 20
 10 -35 8 39 37 36 31 29 28 27 26
 5 -40 8 46 44 36 35 34 32 29 24
 7 -25 6 39 37 36 30 27 26
 8 -17 6 39 37 36 31 29 28
 2 -59 3 36 28 22
 1 -62 5 39 37 36 29 28
 2 -45 7 46 41 39 37 36 32 29
 9 -9 5 46 39 37 32 29
 3 -12 4 37 36 32 29
 9 -35 6 43 41 39 38 37 33
 8 -76 3 46 36 29
 5 -68 4 46 44 35 33
 2 -31 3 46 33 32
 10 -55 3 46 41 32
 7 -34 3 43 38 33
 9 -89 5 46 45 43 42 38
 7 -1 3 47 43 33
 6 -7 4 43 42 40 38
 4 -96 3 45 42 40
 4 -79 5 55 53 52 47 40
 9 -43 4 51 49 48 38
 4 -60 9 56 55 53 52 51 50 49 48 47
 5 -85 3 51 50 42
 9 -15 8 60 58 56 55 53 52 50 47
 10 -38 7 58 56 55 53 52 48 47
 10 -60 7 75 61 56 51 50 49 48
 10 -86 7 61 57 56 53 52 51 49
 5 -93 6 75 61 56 55 49 48
 6 -85 5 61 55 52 51 48
 4 -13 8 66 63 61 60 57 53 52 51
 10 -21 8 66 61 58 57 56 54 53 52
 10 -48 3 68 52 47
 3 -95 7 75 66 63 61 59 57 54
 2 -50 9 68 66 65 64 63 62 60 59 57
 8 -64 6 68 66 60 59 58 54
 9 -4 7 71 65 64 63 62 59 57
 1 -92 4 68 67 58 54
 5 -96 8 77 75 71 70 65 64 62 59
 1 -44 8 77 76 71 70 68 65 62 59
 6 -81 6 77 71 70 65 64 62
 9 -58 6 76 70 66 65 62 59
 6 -76 5 74 71 67 65 63
 3 -62 7 79 78 76 74 72 69 67
 7 -26 9 87 83 79 78 77 76 74 73 71
 1 -79 6 80 79 78 74 72 67
 1 -59 6 81 79 78 77 71 67
 8 -88 6 87 83 76 74 73 71
 9 -32 8 87 85 83 81 80 79 73 72
 7 -4 6 94 91 83 80 77 70
 6 -13 6 91 83 80 79 76 74
 6 -83 5 87 85 79 73 69
 9 -31 6 94 93 85 84 80 73
 10 -66 5 94 87 85 83 73
 7 -4 8 94 93 92 87 85 84 82 80
 3 -73 7 94 92 90 84 82 81 80
 10 -80 5 87 85 84 81 78
 5 -24 7 93 92 91 90 85 84 80
 9 -47 7 97 94 93 92 90 89 84
 10 -3 6 111 92 91 90 89 82
 4 -20 5 97 94 85 84 81
 5 -63 4 90 84 82 80
 6 -37 4 111 92 89 82
 4 -23 4 93 92 89 82
 10 -37 5 111 97 93 90 86
 2 -77 6 102 97 93 92 90 88
 7 -82 3 111 89 86
 4 -16 6 111 102 98 96 89 88
 3 -83 3 100 97 86
 6 -34 2 89 86
 8 -77 2 111 86
 8 -57 4 98 96 89 88
 8 -30 4 102 98 96 88
 10 -90 3 100 98 88
 8 -7 5 109 105 101 99 95
 2 -73 5 109 107 101 100 95
 9 -87 7 110 108 107 106 105 104 101
 1 -30 6 108 107 106 105 104 101
 10 -9 4 108 107 105 98
 6 -52 3 109 101 100
 6 -47 4 108 105 104 101
 6 -26 4 110 106 104 103
 3 -4 4 109 107 106 105
 5 -42 3 106 104 101
 5 -100 3 106 104 103
 8 -43 3 108 107 103
 2 -8 2 105 104
 5 -61 1 103
 9 -41 1 105
 10 -76 1 112
 10 -38 1 112
 8 -43 1 112
 7 -37 1 112
 4 -2 1 112
 2 -25 1 112
 6 -35 1 112
 6 -23 1 112
 1 -27 1 112
 0 27235 0
