112
 0 -89 27 2 3 4 5 6 7 8 9 10 11 13 14 15 16 17 18 19 20 21 26 28 29 32 39 40 43 55
 5 -16 12 62 57 52 51 47 46 38 37 36 33 23 12
 2 -1 13 63 54 52 49 48 47 45 38 37 34 27 24 22
 7 -95 18 65 63 62 56 53 52 51 50 48 47 46 44 38 37 36 34 33 31
 7 -40 13 82 66 64 59 57 47 46 42 38 37 36 30 27
 1 -22 17 83 77 76 71 65 61 58 57 52 51 49 48 47 46 41 38 25
 4 -84 18 83 77 76 75 72 71 64 62 61 56 53 52 51 50 47 46 38 36
 9 -29 11 77 73 67 65 56 53 52 48 47 35 22
 4 -5 15 83 72 71 66 65 61 54 53 52 51 50 46 45 38 33
 6 -13 12 76 75 73 71 64 62 61 56 49 46 38 23
 8 -30 14 83 73 71 69 64 62 58 56 53 52 49 38 37 34
 3 -31 16 83 76 75 74 71 69 67 65 59 58 56 53 49 48 45 44
 8 -57 9 82 72 71 65 54 51 42 38 33
 5 -85 16 83 82 76 75 73 72 69 65 64 60 58 54 53 52 46 45
 9 -20 10 75 72 69 62 56 54 46 45 38 35
 10 -89 16 109 77 75 74 69 67 65 62 61 60 59 58 57 56 53 49
 4 -88 12 83 76 75 73 62 59 56 54 53 50 49 48
 6 -6 10 82 72 64 62 52 47 46 45 37 34
 2 -20 15 111 108 83 81 76 73 72 69 67 64 57 56 53 51 48
 6 -45 15 108 89 83 82 77 76 73 71 69 67 65 63 59 53 52
 3 -98 12 109 81 76 75 73 72 71 70 62 52 48 37
 7 -95 12 110 89 76 75 64 62 61 60 59 58 57 46
 1 -29 8 83 74 70 65 59 50 48 45
 6 -44 13 110 109 103 88 76 75 74 73 69 68 62 56 53
 6 -85 11 109 88 75 74 69 67 64 62 60 59 53
 3 -66 14 111 110 109 107 89 88 82 81 74 71 65 60 58 53
 3 -76 13 89 88 87 83 76 75 74 72 71 70 65 60 50
 6 -63 10 111 108 89 83 72 71 70 67 49 48
 10 -43 11 110 109 81 80 77 72 70 58 57 56 48
 10 -56 9 109 108 89 72 69 53 52 49 48
 6 -35 11 83 82 81 80 78 76 74 72 70 60 57
 1 -84 10 111 109 78 76 72 70 67 64 60 56
 4 -58 10 110 109 89 76 75 74 69 64 60 58
 6 -35 13 109 105 88 87 85 81 80 79 78 77 75 74 60
 7 -37 14 111 105 102 94 89 88 83 81 80 78 74 71 68 64
 2 -26 6 110 74 73 69 58 54
 1 -5 10 111 110 103 98 89 87 80 74 61 60
 8 -37 10 109 108 107 103 89 80 78 70 67 60
 4 -21 12 111 107 106 105 103 102 88 86 78 71 70 68
 7 -81 11 111 109 108 104 103 102 97 88 79 68 56
 1 -2 16 109 107 106 105 104 103 102 98 96 87 86 85 81 80 79 68
 4 -34 11 108 106 95 88 87 85 84 79 77 73 67
 3 -15 10 107 106 103 87 81 80 76 74 72 68
 8 -9 15 110 109 106 105 102 99 96 92 89 88 86 80 79 78 77
 2 -45 14 110 106 102 100 99 97 96 92 89 88 85 79 78 77
 6 -55 11 106 105 102 96 88 87 86 79 78 74 68
 7 -53 10 109 108 106 104 103 98 86 80 70 68
 7 -88 9 107 105 103 97 88 87 85 78 60
 9 -36 16 110 105 103 101 100 99 96 94 93 88 87 86 85 81 80 78
 4 -80 15 109 107 106 105 104 103 102 99 98 96 92 85 80 79 78
 8 -38 14 110 109 105 103 102 98 97 96 94 93 87 86 85 68
 9 -82 9 107 106 103 96 88 86 85 80 68
 2 -51 7 101 99 98 87 80 78 70
 2 -58 14 108 106 105 102 98 97 95 94 93 92 89 86 84 81
 7 -6 13 111 108 107 103 101 99 98 95 94 93 92 84 80
 3 -41 11 106 101 100 99 98 95 89 87 86 84 82
 8 -23 10 107 105 103 102 100 99 95 87 85 79
 5 -49 7 105 103 98 94 86 78 68
 4 -90 8 111 107 102 98 97 91 84 72
 3 -39 6 106 104 102 96 86 68
 10 -30 12 107 105 100 99 97 96 95 94 93 92 90 85
 5 -84 9 108 105 101 96 95 94 93 87 80
 4 -79 8 110 107 105 103 102 84 81 79
 9 -9 11 107 106 103 100 98 97 95 93 92 91 90
 9 -18 9 104 102 100 96 95 94 93 91 84
 9 -30 9 108 101 98 97 96 93 92 91 90
 5 -35 8 110 102 100 99 94 93 92 91
 7 -86 7 101 100 99 95 92 91 84
 8 -86 5 104 92 85 84 80
 4 -94 3 96 85 79
 6 -65 5 104 97 96 92 85
 1 -82 3 105 100 79
 10 -62 5 107 102 97 96 94
 2 -18 4 108 104 93 84
 1 -79 4 111 104 96 92
 7 -36 4 102 98 93 92
 6 -16 4 104 103 101 94
 5 -39 3 95 91 84
 6 -2 3 94 93 90
 10 -77 3 97 91 90
 9 -34 2 91 90
 7 -48 2 96 93
 9 -62 2 109 101
 4 -50 1 90
 3 -2 1 91
 5 -78 1 91
 4 -93 1 92
 5 -19 1 98
 6 -46 1 90
 1 -89 1 112
 7 -73 1 112
 8 -9 1 112
 10 -34 1 112
 9 -21 1 112
 5 -92 1 112
 3 -85 1 112
 3 -42 1 112
 9 -54 1 112
 9 -94 1 112
 3 -36 1 112
 4 -15 1 112
 1 -73 1 112
 10 -20 1 112
 8 -38 1 112
 5 -38 1 112
 9 -6 1 112
 1 -74 1 112
 10 -1 1 112
 7 -4 1 112
 9 -86 1 112
 5 -29 1 112
 0 26525 0
