112
 0 -63 16 2 3 4 5 6 7 8 10 11 13 14 15 16 18 20 40
 5 -23 7 38 37 33 29 17 12 9
 3 -33 11 65 52 49 37 36 32 26 25 24 23 21
 4 -27 10 65 52 38 37 36 34 31 30 22 21
 3 -31 7 48 44 37 33 31 28 12
 5 0 18 65 55 50 48 46 45 44 42 41 38 35 34 33 32 31 30 29 27
 2 -52 4 38 36 31 12
 3 -7 8 49 46 45 35 33 27 22 19
 1 -98 8 52 50 48 31 30 28 25 22
 2 -46 14 65 55 53 52 50 48 44 42 41 35 34 32 31 29
 9 -92 13 65 63 53 52 50 48 45 42 41 38 34 29 28
 6 -13 8 65 50 49 45 35 34 27 22
 7 -1 12 65 55 53 52 48 46 45 41 34 32 31 29
 2 -89 11 65 55 52 48 47 46 42 41 34 31 29
 9 -22 8 53 52 48 42 41 30 28 25
 1 -46 14 65 63 61 56 55 52 51 50 49 48 42 41 34 32
 7 -5 9 55 53 52 45 41 35 34 31 30
 7 -85 9 63 61 55 51 45 41 34 32 27
 8 -42 10 65 61 55 54 53 52 48 41 34 31
 1 -34 9 63 61 59 53 51 46 41 39 30
 5 -52 7 59 56 55 50 48 45 28
 7 -95 10 63 59 56 55 53 51 43 42 41 32
 9 -22 7 63 55 48 44 42 41 34
 4 -12 7 64 61 54 51 41 34 31
 8 -17 6 68 64 61 54 51 34
 7 -99 10 80 75 64 63 58 56 55 53 47 41
 8 -29 7 80 60 59 56 53 52 39
 3 -15 5 68 64 46 43 35
 10 -96 6 80 61 60 51 49 39
 7 -50 8 74 73 68 60 56 54 49 43
 1 -37 3 63 56 39
 10 -10 14 84 77 76 74 73 68 67 66 64 62 60 58 57 54
 4 -44 3 54 51 43
 8 -11 2 59 39
 3 -71 10 86 84 80 76 75 67 62 61 58 51
 10 -52 7 84 73 63 58 57 54 48
 5 -65 3 80 51 43
 6 -26 10 84 80 77 76 75 68 64 62 58 51
 4 -19 5 86 74 73 66 43
 2 -18 8 111 93 84 75 64 57 55 53
 5 -79 13 111 86 84 77 76 74 73 72 68 67 66 62 60
 6 -23 11 86 85 84 82 79 77 76 67 66 58 54
 10 -1 10 93 84 77 76 75 71 67 62 58 57
 7 -6 7 111 84 79 76 75 57 51
 3 -84 12 93 86 77 76 74 73 72 71 70 69 64 62
 10 -58 7 85 82 76 66 58 57 54
 2 -79 11 93 86 84 81 77 76 74 70 69 67 62
 1 -10 10 111 93 86 78 77 76 74 72 66 62
 9 -30 13 111 107 93 86 85 84 79 77 75 71 70 69 64
 2 -12 10 111 92 86 82 79 76 72 70 69 66
 6 -40 8 107 93 85 74 73 70 69 66
 7 -24 8 107 82 79 77 76 69 66 64
 5 -15 7 78 77 76 74 72 71 62
 5 -48 8 111 93 81 80 72 71 70 69
 7 -33 6 108 92 76 72 69 66
 9 -91 7 107 90 85 84 78 76 71
 1 -44 5 92 81 72 70 69
 3 -57 9 111 109 108 106 92 88 81 78 72
 10 -23 10 111 108 107 106 92 91 86 81 78 76
 6 -83 8 109 107 92 91 89 81 78 70
 9 -44 7 109 93 91 83 81 77 70
 7 -27 9 110 91 90 89 88 85 83 82 79
 3 -40 10 110 107 106 103 92 91 90 89 88 76
 7 -39 9 110 109 108 106 101 91 89 83 81
 4 -67 6 109 108 86 83 81 75
 4 -21 4 109 106 81 71
 10 -49 7 109 107 106 104 91 89 78
 4 -54 9 109 108 107 106 98 91 89 88 81
 8 -30 5 109 104 91 89 78
 10 -78 11 110 108 106 105 104 103 102 97 96 88 87
 7 -89 9 110 104 103 102 96 91 89 88 87
 8 -6 11 107 104 103 102 101 99 98 96 94 91 89
 7 -31 7 110 106 104 103 101 97 83
 10 -27 8 110 106 105 102 101 100 91 87
 2 0 8 110 106 104 102 100 96 91 87
 1 -52 8 109 104 102 101 100 97 96 87
 9 -66 6 102 97 96 92 89 87
 8 -7 5 110 103 101 97 83
 9 -46 6 109 106 105 104 103 87
 7 -90 6 110 102 101 96 92 87
 9 -69 7 105 104 103 100 95 94 90
 8 -63 7 109 103 101 100 98 97 95
 7 -22 3 102 96 87
 10 -100 6 108 106 101 97 96 94
 8 -18 5 108 106 100 94 92
 8 -40 5 103 100 97 96 94
 3 -26 4 99 98 95 94
 8 -90 4 101 100 99 95
 3 -96 2 105 100
 4 -12 2 97 96
 9 -11 1 97
 7 -25 1 95
 4 -64 1 96
 10 -83 1 112
 7 -99 1 112
 8 -39 1 112
 9 -19 1 112
 10 -53 1 112
 3 -78 1 112
 5 -35 1 112
 1 -10 1 112
 1 -37 1 112
 7 -32 1 112
 1 -2 1 112
 5 -74 1 112
 4 -24 1 112
 1 -10 1 112
 6 -52 1 112
 4 -88 1 112
 3 -87 1 112
 1 -56 1 112
 0 24330 0
