112
 0 -67 21 2 3 4 5 6 7 8 9 10 12 13 14 15 16 19 21 23 24 27 28 41
 10 -22 7 64 56 36 34 33 26 11
 7 -5 13 59 56 52 49 48 39 37 35 33 31 26 20 18
 2 -5 11 71 64 60 58 56 46 38 35 32 20 17
 2 -31 13 70 68 63 58 57 56 49 47 43 36 32 30 18
 7 -100 16 77 70 62 60 59 58 57 56 55 51 45 44 43 35 26 25
 2 -3 18 77 72 71 70 69 68 67 64 60 59 58 55 52 48 44 40 35 22
 9 -71 11 59 57 56 52 49 42 39 33 32 29 18
 5 -41 15 72 71 70 69 67 63 60 57 56 55 53 48 42 32 25
 1 -89 12 75 62 60 59 55 52 46 45 44 31 29 26
 4 -1 11 68 63 59 57 49 46 42 39 35 32 30
 4 -36 14 74 71 63 61 60 59 55 53 52 51 50 47 42 20
 6 -86 12 75 70 67 66 62 59 57 56 51 48 30 29
 10 -92 14 77 70 69 67 65 62 57 56 55 53 44 43 38 25
 10 -25 15 111 75 69 67 61 58 57 55 52 48 47 45 44 42 38
 2 -11 7 75 67 65 55 52 39 29
 4 -97 16 111 109 87 79 75 74 70 69 66 65 61 59 55 50 49 47
 7 -20 14 111 86 84 77 76 72 67 66 65 64 62 55 50 38
 6 -62 12 111 86 74 70 68 67 66 65 55 52 51 38
 3 -66 18 111 110 109 108 87 85 78 77 76 75 72 68 66 65 62 57 45 44
 5 -39 12 111 108 76 72 71 69 68 67 64 62 45 38
 1 -70 17 111 110 108 107 85 82 78 75 74 66 65 62 61 54 51 45 42
 6 -48 16 111 110 109 108 85 78 77 75 69 67 66 64 62 59 57 45
 1 -83 13 86 77 76 74 72 71 65 63 62 58 54 44 43
 6 -73 19 111 110 109 107 106 104 86 85 84 80 79 78 75 74 68 64 61 54 52
 8 -65 15 111 110 108 106 87 84 78 74 72 71 69 67 65 54 42
 10 -10 13 110 109 85 78 77 75 65 63 61 54 52 51 44
 3 -2 14 108 107 87 79 78 76 75 69 67 66 65 61 55 48
 1 -45 9 86 84 77 76 68 61 50 47 38
 2 -94 14 110 108 106 103 87 86 78 77 72 71 69 61 53 44
 6 -76 14 108 107 79 78 76 74 69 67 66 65 61 54 53 51
 10 -94 13 107 87 82 77 76 74 73 66 65 62 51 50 45
 2 -20 15 109 108 107 104 85 82 78 76 75 74 69 65 62 61 54
 4 -50 11 109 105 104 84 79 76 72 62 61 60 55
 10 -47 8 107 106 82 65 61 54 53 50
 4 -16 8 79 77 76 75 65 54 50 45
 4 -7 10 109 107 83 82 79 76 74 61 54 45
 5 -19 12 110 109 107 106 104 101 87 82 80 79 78 54
 6 -78 15 110 107 105 104 103 100 99 95 92 85 84 77 73 70 62
 9 -47 10 108 106 104 102 87 83 82 80 57 54
 7 -46 14 111 105 104 103 100 87 85 84 83 81 74 73 67 66
 3 -57 13 109 104 103 101 98 95 94 86 83 80 79 76 73
 2 -46 13 110 107 105 104 102 100 99 97 96 81 80 78 66
 5 -78 13 107 105 104 102 98 94 93 84 82 81 80 79 73
 8 -70 17 106 105 104 103 102 101 99 98 95 94 93 92 91 86 84 81 80
 6 -53 10 108 105 103 101 100 99 89 77 76 67
 1 -42 5 104 102 101 94 54
 7 -4 15 109 106 104 103 102 100 98 96 95 93 91 90 86 83 74
 2 -66 10 107 105 103 99 95 92 86 82 80 62
 1 -95 14 108 104 103 101 100 98 97 95 93 91 85 83 80 78
 5 -79 14 106 105 104 100 99 98 97 96 95 93 92 84 81 80
 7 -88 11 108 101 96 95 94 90 87 83 82 81 76
 10 -60 14 111 109 102 101 99 97 95 94 93 92 91 88 85 84
 5 -89 11 105 103 100 98 95 93 92 90 89 81 73
 8 -77 9 110 103 102 99 94 92 89 85 73
 10 -32 11 104 102 100 99 98 96 95 92 91 90 78
 2 -73 9 107 103 101 99 92 90 89 81 73
 5 -54 6 106 101 97 96 94 66
 6 -45 7 107 102 101 94 88 84 76
 3 -55 8 107 99 95 92 90 89 86 82
 9 -72 7 102 99 96 94 92 89 81
 2 -31 7 106 101 98 93 90 88 83
 6 -71 7 108 102 95 91 90 88 84
 3 -53 6 94 92 91 90 87 81
 3 -83 7 101 99 94 93 92 91 90
 1 -37 7 98 95 93 92 91 89 88
 1 0 6 102 94 93 92 88 82
 10 -45 6 93 92 90 89 88 82
 4 -67 5 100 93 92 89 80
 6 -11 5 106 94 91 89 80
 3 -60 5 105 98 93 91 85
 7 -75 4 94 92 89 80
 1 -55 4 97 96 91 88
 5 -49 4 94 92 89 88
 7 -91 4 100 91 90 88
 1 -75 3 97 93 92
 1 -97 3 96 90 88
 2 -46 2 94 88
 3 -17 2 100 99
 3 -16 1 90
 8 -70 1 88
 4 -34 1 91
 2 -43 1 89
 5 -82 1 89
 6 -6 1 90
 2 -11 1 88
 1 -26 1 89
 9 -93 1 112
 7 -76 1 112
 10 -79 1 112
 4 -88 1 112
 1 -36 1 112
 3 -68 1 112
 3 -94 1 112
 5 -66 1 112
 8 -53 1 112
 8 -64 1 112
 2 -63 1 112
 5 -78 1 112
 9 -72 1 112
 7 -18 1 112
 9 -38 1 112
 8 -34 1 112
 10 -85 1 112
 4 -78 1 112
 10 -87 1 112
 4 -4 1 112
 6 -76 1 112
 3 -60 1 112
 5 -99 1 112
 7 -2 1 112
 0 29780 0
