112
 0 -4 17 2 3 4 5 6 7 8 10 12 15 16 18 19 20 21 25 26
 3 -4 11 75 52 50 49 36 33 27 24 17 11 9
 6 -37 15 74 59 55 52 50 49 46 41 38 34 33 28 27 23 14
 6 -52 16 65 57 56 55 52 49 47 46 43 42 36 35 32 24 22 17
 6 -88 9 55 49 42 36 35 32 24 22 11
 6 -27 11 62 53 52 46 45 43 40 36 35 17 13
 5 -1 15 74 72 65 53 51 44 41 40 39 38 36 35 30 29 28
 6 -33 12 72 65 61 57 55 44 42 41 39 31 27 24
 8 -81 16 74 68 65 58 57 56 55 53 47 46 43 42 41 40 38 35
 5 -83 18 76 75 71 69 67 66 63 62 59 55 53 52 51 48 45 44 43 40
 7 -5 13 73 68 65 63 60 57 56 53 47 46 43 41 29
 1 -27 17 85 75 72 69 66 65 64 63 61 60 55 51 49 48 45 44 37
 2 -33 18 92 91 89 83 76 75 74 72 69 65 60 57 51 48 47 44 41 39
 2 -60 10 85 75 66 65 53 51 47 44 43 29
 6 -71 16 75 71 70 69 68 65 64 61 60 56 55 51 48 45 38 37
 5 -15 15 85 80 74 69 68 67 65 61 59 51 48 46 45 43 38
 2 -12 14 91 72 71 70 68 64 61 60 59 58 54 51 41 38
 10 -40 12 90 89 79 76 68 63 60 50 49 46 43 35
 2 -4 12 84 74 72 71 69 65 60 57 55 47 39 36
 10 -73 12 110 80 71 70 69 62 61 60 58 54 43 39
 9 -19 10 89 83 76 66 64 54 49 46 44 39
 10 -46 16 110 109 85 80 74 72 70 69 68 67 66 61 60 59 45 37
 2 -27 6 90 85 76 60 36 35
 3 -21 18 108 91 89 85 83 80 76 74 70 68 67 66 63 62 60 54 51 48
 5 -14 13 89 85 84 80 76 74 73 71 67 66 53 51 43
 10 -93 13 91 87 85 73 70 69 67 65 64 60 54 52 38
 5 -12 7 110 85 71 69 66 51 37
 10 -33 17 110 109 106 92 91 90 83 82 80 79 68 66 64 63 62 58 57
 8 -81 9 109 83 76 71 70 69 58 54 45
 7 -4 16 110 109 87 85 83 82 80 77 75 70 67 66 64 60 59 54
 5 -4 12 101 90 89 85 83 81 76 75 74 64 54 53
 9 -76 19 110 109 108 102 99 92 91 90 89 87 85 82 80 76 70 69 67 63 62
 10 -70 15 111 106 89 84 82 79 78 76 70 68 66 64 61 60 57
 8 -88 13 111 110 102 101 82 77 76 72 67 64 62 60 58
 4 -49 10 110 88 82 81 73 69 67 66 64 54
 1 -31 16 110 109 108 106 92 91 89 87 83 80 79 78 77 70 68 61
 1 -53 9 104 101 91 90 83 82 76 58 54
 8 -92 16 110 109 108 106 105 101 90 89 86 83 82 81 78 77 76 66
 9 -20 13 109 108 105 90 88 87 85 82 81 79 78 67 59
 2 -93 11 111 106 85 84 83 82 80 79 64 61 60
 10 -54 14 111 110 107 90 88 87 85 84 82 80 79 77 67 66
 10 -47 14 111 110 107 106 104 101 100 90 88 83 78 77 71 69
 10 -39 13 111 109 104 101 99 96 92 91 83 82 77 72 64
 8 -5 10 110 106 103 102 87 80 78 73 70 68
 1 -53 15 107 105 104 102 101 99 96 91 90 89 87 86 82 81 77
 4 -23 10 110 106 104 98 91 87 86 78 71 70
 2 -96 10 111 109 107 106 103 101 99 86 82 61
 5 -8 9 110 105 104 88 87 81 79 78 77
 7 -55 7 105 91 88 86 77 71 70
 4 -61 12 110 109 108 99 98 97 96 91 87 86 82 66
 1 -57 9 109 104 102 90 86 82 81 79 77
 8 -55 13 111 109 108 106 105 104 103 102 98 97 94 93 79
 4 -9 12 110 109 108 107 104 102 98 97 96 87 82 78
 10 -4 10 111 106 105 103 100 97 95 92 86 84
 9 -96 10 110 109 105 103 101 98 97 96 86 82
 7 -62 9 106 104 100 99 93 88 87 85 81
 5 -74 10 108 107 104 103 101 100 98 94 88 87
 9 -93 7 107 98 96 89 87 86 78
 4 -48 8 107 103 102 101 98 95 94 86
 10 -75 7 105 103 99 98 95 94 86
 4 -42 6 105 102 98 96 93 81
 5 -38 5 104 100 95 93 81
 1 -72 4 105 96 93 77
 8 -82 5 108 107 105 95 86
 6 -92 4 102 96 93 82
 4 -12 5 104 102 100 94 93
 2 -5 5 106 104 103 98 96
 3 -90 5 101 100 96 94 93
 7 -66 4 105 97 95 86
 8 -60 3 101 93 81
 2 -52 4 108 99 96 95
 10 -50 4 106 97 94 93
 1 -16 4 109 107 101 93
 9 -15 4 106 99 95 94
 1 -76 4 102 100 94 93
 9 -31 3 107 97 88
 1 -25 3 103 98 95
 5 -68 3 99 94 93
 7 -22 3 101 100 99
 4 -67 3 104 101 98
 10 -44 2 97 94
 10 -60 2 95 94
 1 -63 2 102 94
 4 -13 2 102 99
 3 -28 2 96 95
 5 -4 1 93
 3 -89 1 95
 2 -81 1 96
 10 -97 1 97
 3 -69 1 94
 7 -66 1 100
 1 -11 1 93
 5 -80 1 112
 5 -86 1 112
 2 -34 1 112
 8 -82 1 112
 9 -64 1 112
 6 -6 1 112
 4 -79 1 112
 2 -78 1 112
 10 -2 1 112
 3 -8 1 112
 2 -87 1 112
 1 -22 1 112
 2 -29 1 112
 10 -1 1 112
 1 -42 1 112
 1 -11 1 112
 3 -39 1 112
 6 -15 1 112
 10 -95 1 112
 0 25780 0
