112
 0 -19 22 2 3 4 5 6 7 8 9 10 11 12 15 16 17 19 20 22 23 24 25 31 38
 10 -35 9 79 71 64 61 42 35 21 14 13
 3 -35 20 75 72 71 64 62 61 60 59 58 57 54 52 51 50 48 46 45 44 34 26
 2 -13 20 79 71 65 63 62 61 60 58 57 56 55 52 51 50 48 47 45 44 36 27
 4 -40 9 62 57 56 52 49 39 28 27 18
 2 -55 8 79 50 47 45 42 32 27 26
 4 -100 14 75 72 65 57 56 54 51 46 45 43 42 40 37 34
 6 -47 13 79 72 71 65 64 62 59 56 52 51 46 37 30
 2 -40 8 106 68 56 51 37 34 33 32
 4 -59 10 72 65 59 58 55 52 49 46 40 29
 3 -2 8 79 71 68 64 61 55 33 29
 3 -49 15 79 78 75 72 69 65 63 62 61 60 59 51 44 36 35
 10 -62 8 75 62 60 57 54 53 46 28
 7 -67 16 111 78 72 69 68 67 66 65 62 60 57 56 54 51 43 34
 9 -59 13 72 71 68 66 58 57 55 53 51 50 45 44 42
 3 -90 14 109 107 72 70 67 64 63 62 59 58 56 47 40 36
 8 -71 10 71 69 67 63 56 51 46 41 36 35
 7 -6 16 110 80 78 75 72 70 68 65 63 60 58 55 50 48 47 45
 8 -82 13 104 79 78 75 72 65 63 58 57 56 55 53 48
 2 -90 14 79 78 73 72 66 65 63 62 60 59 54 50 47 35
 6 -36 11 110 80 73 72 68 59 56 52 47 45 37
 8 -52 14 110 78 75 74 72 66 65 63 60 59 55 54 50 45
 4 -34 13 110 75 73 70 68 67 64 61 60 58 54 46 45
 3 -12 14 111 109 85 78 75 72 69 66 63 61 57 56 53 51
 3 -34 16 110 108 97 79 75 74 73 72 71 69 67 66 65 63 54 50
 10 -35 11 83 78 70 69 68 65 63 56 55 53 43
 3 -98 21 111 110 109 108 107 105 102 101 97 85 78 76 75 72 70 69 68 67 66 59 54
 5 -20 12 110 109 105 102 74 67 65 63 59 58 51 45
 9 -17 14 111 110 109 106 85 83 75 74 69 66 63 56 53 51
 2 -92 9 105 78 75 69 68 67 63 57 44
 7 -40 14 111 110 109 107 106 101 100 80 78 67 65 63 60 47
 4 -16 13 110 109 108 103 76 75 73 72 71 66 65 55 52
 6 -10 11 109 105 104 103 101 98 78 72 67 57 45
 2 -99 11 110 109 101 100 83 80 74 73 70 63 47
 5 -68 16 109 107 106 105 103 101 100 98 96 95 85 82 77 76 70 57
 3 -11 11 104 101 97 96 85 80 77 74 68 66 53
 4 -5 9 108 107 103 99 95 74 66 55 50
 7 -31 13 107 106 104 103 101 99 96 83 82 77 73 69 63
 7 -83 9 108 107 100 97 94 78 73 61 59
 8 -65 11 110 106 104 101 100 97 96 95 83 66 60
 3 -97 11 109 107 106 103 100 99 97 96 94 66 60
 6 -94 9 103 101 82 80 78 76 74 69 59
 8 -34 17 110 109 108 107 105 100 98 97 96 95 94 93 90 85 84 80 74
 9 -5 14 109 107 106 101 98 97 96 85 84 80 77 74 73 70
 8 -32 13 111 108 107 97 96 95 93 92 85 83 82 77 69
 10 -9 11 108 106 97 92 90 83 80 78 77 76 66
 1 -82 15 108 104 103 102 99 98 97 96 94 92 91 90 85 77 76
 10 -21 13 109 107 106 97 96 95 94 92 91 90 77 76 66
 3 -87 12 108 107 103 102 94 93 91 90 84 82 77 71
 8 -26 15 109 105 101 100 98 96 94 93 92 91 85 84 82 81 77
 4 -10 12 107 103 101 98 97 96 91 89 84 80 76 70
 1 -9 13 102 99 98 97 96 92 90 89 88 84 83 81 78
 9 -63 10 105 100 95 94 92 91 84 82 76 73
 8 -29 9 106 104 103 92 90 83 82 80 77
 4 -3 8 111 105 101 100 97 96 85 67
 8 -92 11 108 105 103 99 97 96 93 92 90 89 81
 6 -64 6 110 97 84 83 80 74
 6 -96 6 103 99 91 84 82 69
 7 -31 10 106 104 99 96 95 92 91 90 88 81
 1 -73 8 105 102 93 92 91 82 81 77
 2 -62 8 106 101 93 91 90 88 80 77
 6 -54 10 108 102 99 98 93 92 91 90 88 84
 2 -96 7 98 95 91 90 88 84 76
 8 -67 7 106 102 99 95 94 91 74
 6 -99 6 94 93 90 89 87 84
 8 -35 5 98 89 88 84 81
 7 -12 4 90 89 82 81
 10 -80 6 103 99 94 92 87 86
 4 -4 4 100 90 89 81
 2 -77 4 104 90 88 81
 6 -17 3 101 81 78
 10 -48 5 99 91 89 88 86
 1 -7 3 102 90 81
 10 -88 4 92 89 87 86
 3 -59 4 95 92 87 86
 8 -5 2 93 81
 6 -53 3 89 87 86
 5 -62 3 95 87 86
 5 -21 3 102 94 87
 5 -58 1 81
 10 -36 2 87 86
 3 -21 2 88 87
 5 -73 2 94 91
 5 -44 1 86
 1 -16 1 88
 6 -16 1 112
 6 -26 1 112
 7 -27 1 112
 2 -23 1 112
 3 -38 1 112
 9 -51 1 112
 6 -21 1 112
 7 -90 1 112
 7 -73 1 112
 9 -11 1 112
 3 -63 1 112
 2 -24 1 112
 10 -50 1 112
 5 -53 1 112
 10 -48 1 112
 1 -79 1 112
 8 -72 1 112
 7 -77 1 112
 4 -91 1 112
 5 -11 1 112
 10 -28 1 112
 8 -6 1 112
 10 -95 1 112
 2 -46 1 112
 4 -61 1 112
 6 -62 1 112
 0 26360 0
