122
 0 -68 9 2 3 4 5 6 7 10 11 14
 10 -72 7 30 28 22 19 18 12 8
 6 -33 6 30 28 24 15 12 9
 10 -65 5 26 23 17 15 9
 1 -61 5 30 28 24 15 9
 4 -63 7 30 28 24 22 20 18 12
 9 -29 7 42 35 30 26 19 18 15
 3 -5 5 23 21 20 16 13
 10 -91 6 22 21 20 19 18 13
 2 -13 6 42 35 27 22 19 17
 8 -43 6 42 30 27 22 20 18
 3 -42 9 42 37 35 31 29 27 26 25 23
 3 -37 7 42 41 37 31 29 27 25
 8 -86 5 42 30 27 25 22
 6 -28 4 29 27 22 20
 8 -56 8 45 41 35 33 32 31 26 24
 1 -57 4 48 30 29 25
 2 -20 6 44 41 34 33 31 29
 4 -11 8 48 44 43 41 39 38 37 33
 10 -98 3 41 32 25
 2 -71 10 60 50 48 47 44 43 42 39 35 33
 5 -52 7 53 47 44 43 39 38 31
 2 -57 8 50 48 47 45 43 41 39 33
 6 -86 7 48 44 43 42 40 37 36
 8 -6 6 47 44 43 39 38 33
 2 -15 7 53 48 44 43 39 38 36
 5 -22 5 53 50 45 34 32
 5 -53 5 43 39 37 36 34
 3 -90 5 53 45 39 36 32
 1 -78 6 54 46 45 44 38 37
 3 -44 5 60 50 48 40 36
 3 -22 6 60 59 54 51 43 40
 10 -41 3 53 40 36
 9 -93 6 59 55 52 51 49 47
 10 -52 3 59 49 40
 6 -20 5 55 54 51 49 46
 1 -75 5 62 60 59 53 47
 6 -91 3 55 52 50
 6 -65 1 40
 9 -58 3 57 52 46
 6 -96 3 57 55 49
 9 -70 6 72 62 59 58 56 55
 9 -60 3 68 57 49
 6 -46 2 57 49
 1 -15 10 79 76 72 71 69 64 63 62 59 58
 8 -82 7 72 71 68 62 61 58 56
 9 -60 4 68 58 57 56
 7 -68 8 79 75 71 68 66 63 62 57
 5 -66 6 72 69 62 61 58 56
 5 -35 6 76 69 62 59 58 56
 4 -99 8 79 71 68 64 63 62 61 58
 10 -10 6 76 72 69 62 58 56
 5 -31 5 71 69 61 58 56
 3 -63 10 79 72 71 69 67 66 65 64 62 61
 1 -84 9 80 79 71 69 68 67 66 64 61
 2 -2 6 80 79 66 65 64 63
 7 -48 7 80 73 72 69 67 65 61
 3 -50 5 83 75 67 66 65
 2 -40 5 81 75 70 68 67
 2 -96 5 88 79 78 70 65
 2 -35 7 88 85 83 81 78 76 70
 7 -88 10 94 93 92 91 88 87 83 81 80 74
 4 -51 4 91 88 83 67
 6 -4 3 87 75 73
 6 -53 8 94 93 91 87 85 81 77 74
 8 -31 3 84 81 70
 10 -44 7 94 92 89 85 84 78 77
 5 -39 7 93 92 91 87 84 83 77
 9 -55 7 94 93 92 91 88 87 77
 1 -30 6 94 93 92 89 87 77
 8 -48 6 94 93 91 85 84 77
 2 -15 7 98 94 91 87 86 83 82
 9 -100 4 94 93 89 77
 8 -23 8 101 98 96 95 89 86 84 82
 2 -94 7 101 96 92 91 90 88 84
 8 -22 7 96 92 91 90 89 84 82
 9 -73 6 101 98 96 95 86 82
 8 -76 6 101 98 95 93 86 82
 3 0 7 103 100 95 94 91 90 89
 2 -56 5 107 98 97 90 85
 7 -64 6 107 101 100 97 95 90
 4 -20 8 120 113 104 103 102 100 99 97
 8 -50 4 102 96 95 89
 10 -21 9 121 113 110 107 104 102 100 99 97
 5 -87 6 112 108 105 102 100 95
 2 -83 2 97 90
 3 -60 6 120 113 110 107 101 97
 10 -83 5 112 108 107 102 95
 2 -68 6 121 113 110 107 106 97
 8 -26 7 121 120 110 109 106 102 99
 10 -92 7 121 113 111 107 106 105 99
 6 -6 8 121 120 113 110 108 107 106 102
 6 -18 6 120 118 113 110 108 100
 7 -42 10 120 119 118 117 116 113 111 110 109 108
 9 -42 9 121 120 119 117 113 111 110 109 106
 1 -40 5 117 111 110 109 99
 8 -45 8 119 118 117 116 112 111 108 105
 4 -77 6 120 117 116 110 109 108
 2 -78 6 119 118 116 114 112 108
 4 -88 4 117 111 109 106
 7 -70 4 118 111 108 106
 1 -32 6 119 118 117 116 115 114
 4 -28 4 121 115 110 107
 1 -7 4 117 116 115 114
 3 -14 2 114 109
 2 -30 2 116 115
 3 -80 2 116 114
 8 -62 1 115
 5 -34 1 115
 8 -17 1 114
 5 -43 1 114
 2 -75 1 115
 3 -1 1 114
 8 -15 1 122
 10 -87 1 122
 8 -18 1 122
 2 -73 1 122
 6 -15 1 122
 7 -93 1 122
 3 -80 1 122
 1 -29 1 122
 0 30600 0
