112
 0 -87 8 2 3 4 6 7 11 12 14
 10 -57 4 16 13 10 5
 7 -13 5 22 17 16 13 8
 7 -86 6 26 22 19 18 17 16
 7 -16 3 22 17 8
 5 -61 2 19 9
 3 -15 5 28 19 17 16 15
 3 -35 7 27 26 24 23 20 19 18
 7 -89 6 35 26 23 22 21 13
 1 -49 5 27 20 18 17 15
 6 -100 6 35 33 30 27 21 17
 7 -35 5 31 25 24 22 19
 6 -49 8 33 32 31 29 28 27 24 20
 3 -79 7 33 31 30 27 26 25 21
 1 -30 5 29 25 24 23 22
 2 -77 5 32 29 27 23 20
 10 -16 5 32 29 25 24 23
 4 -89 5 40 35 34 30 21
 9 -61 7 43 37 35 34 33 32 29
 4 -32 7 42 41 40 39 38 34 25
 2 -20 7 43 42 41 38 37 36 28
 5 -12 7 46 41 40 38 37 32 30
 5 -1 5 44 40 39 34 31
 8 -23 6 46 42 41 38 37 34
 4 -94 5 46 44 43 37 36
 5 -41 5 50 42 40 39 32
 7 -24 4 42 38 37 34
 7 -33 7 52 50 48 46 45 44 39
 3 0 6 52 49 45 44 41 40
 4 -100 5 48 45 44 42 39
 5 -82 4 49 46 42 37
 1 -92 5 52 48 47 45 44
 8 -34 5 66 57 48 46 39
 3 -18 5 53 52 50 48 45
 2 -39 4 49 48 45 42
 4 -29 6 66 56 53 52 49 48
 9 -12 5 54 53 50 47 45
 4 -17 6 66 58 57 56 53 49
 10 -71 5 56 54 53 49 47
 3 -52 5 66 62 57 48 47
 1 -9 4 56 51 50 48
 10 -47 5 66 59 56 52 51
 7 -51 7 66 62 58 57 56 54 51
 5 -6 6 58 57 56 55 54 53
 5 -3 6 66 61 59 58 56 51
 1 -42 6 62 61 59 58 56 51
 10 -75 4 61 59 58 51
 3 -87 5 64 59 58 55 54
 4 -1 2 61 51
 3 -42 7 72 68 64 63 62 58 57
 1 -26 6 72 68 65 64 60 55
 10 -79 6 63 62 61 60 58 57
 10 -89 6 69 65 64 62 60 59
 9 -56 4 69 68 63 61
 8 -57 6 83 76 74 69 67 63
 4 -55 5 83 76 72 65 63
 6 -92 7 83 78 75 74 71 70 69
 6 -12 5 83 77 76 71 65
 10 -51 3 77 76 63
 5 -86 7 84 78 76 75 74 71 70
 5 -72 6 83 82 78 76 74 67
 4 -28 8 84 83 81 79 76 75 74 70
 8 -85 5 84 78 75 71 70
 7 -80 10 88 85 83 81 79 78 77 76 75 74
 7 -10 4 79 78 75 70
 2 -12 5 84 83 81 79 73
 10 -100 3 84 73 71
 5 -17 4 98 81 79 73
 3 -48 8 98 90 88 85 84 81 79 77
 10 -68 4 98 96 82 73
 7 -62 8 98 90 88 87 85 81 80 79
 2 -44 5 89 84 80 78 74
 4 -99 8 95 90 89 88 87 86 85 80
 4 -42 8 98 96 95 93 92 90 87 86
 1 -20 6 96 95 94 92 89 86
 5 -70 3 95 86 80
 5 -46 6 97 95 94 92 91 87
 8 -83 6 100 99 98 97 93 86
 8 -54 5 100 99 96 93 86
 4 -36 6 100 99 97 94 93 92
 10 -86 6 105 103 102 100 95 94
 4 -85 6 111 103 100 99 97 91
 10 -17 4 99 98 91 87
 2 -32 5 111 103 100 97 91
 8 -50 3 103 93 91
 8 -75 3 111 103 91
 9 -28 6 110 105 104 103 102 100
 2 -82 6 111 105 104 102 101 99
 7 -35 2 100 91
 8 -67 5 104 102 101 99 97
 4 -80 5 110 105 104 102 101
 7 -64 5 105 104 103 102 101
 1 0 5 111 110 109 106 101
 3 -11 5 111 110 108 107 104
 8 -22 2 101 99
 8 -69 2 110 97
 8 -26 4 109 108 107 106
 3 -52 2 109 101
 1 -76 3 110 108 106
 10 -88 1 101
 3 -98 2 108 107
 3 -55 2 109 106
 9 -20 2 107 106
 10 -20 1 106
 6 -22 1 106
 3 -17 1 112
 1 -45 1 112
 6 -7 1 112
 2 -72 1 112
 10 -10 1 112
 7 -25 1 112
 0 26740 0
