112
 0 -97 24 2 3 4 5 6 7 8 9 10 11 13 15 16 17 20 22 23 24 26 27 28 30 33 35
 9 -10 9 56 49 47 42 38 31 21 19 14
 3 -16 6 62 55 36 31 14 12
 9 -29 12 72 61 59 56 54 52 51 48 41 39 32 19
 7 -48 15 111 110 75 72 69 66 62 59 53 51 48 38 34 29 25
 9 -38 12 72 69 66 57 52 51 48 47 40 38 32 18
 3 -88 13 72 68 61 55 54 53 52 50 48 46 42 37 31
 7 -36 17 110 75 72 69 66 63 62 61 59 58 57 52 50 46 44 43 36
 5 -6 13 111 110 75 72 68 67 66 60 57 54 53 46 25
 10 -87 16 110 108 75 72 68 67 66 65 63 61 56 53 50 46 45 42
 1 -55 10 69 60 56 54 51 50 47 38 36 31
 5 -49 18 109 108 75 72 71 67 66 64 60 57 56 54 52 51 50 49 45 43
 5 -83 15 110 75 72 67 66 63 60 59 56 53 50 48 45 39 38
 7 -75 16 111 110 108 74 72 71 70 68 66 63 59 57 52 50 46 43
 4 -46 10 111 62 53 51 50 48 45 41 39 38
 5 -58 16 111 110 109 106 74 73 72 70 68 64 63 62 61 60 56 39
 3 -87 13 109 106 74 72 68 64 61 60 58 52 50 45 41
 4 -90 10 111 110 68 63 62 61 60 50 39 36
 8 -38 13 111 81 73 71 70 69 68 66 64 62 60 43 36
 1 -68 16 111 110 109 82 79 74 72 71 69 67 66 61 58 50 48 45
 10 -30 13 111 109 79 72 70 68 66 61 58 53 50 48 43
 5 -72 13 110 75 71 70 69 67 63 60 58 56 53 50 43
 5 -5 12 110 109 106 89 79 75 74 69 63 60 45 39
 6 -49 19 110 109 107 89 87 83 80 79 78 73 71 70 68 67 66 65 62 58 53
 2 -54 10 109 106 79 74 64 63 61 50 45 39
 6 -63 10 110 88 79 72 69 66 61 50 43 39
 5 -91 10 111 110 109 88 79 75 74 50 43 39
 1 -7 9 110 107 79 75 72 61 60 39 38
 9 -18 16 109 108 107 101 89 85 80 76 74 73 70 68 67 63 60 56
 9 -59 13 111 110 109 108 106 86 81 79 76 74 71 48 45
 5 -16 8 109 107 87 75 70 67 66 39
 3 -84 15 111 108 106 88 87 86 85 81 79 78 74 71 65 63 50
 9 -18 8 107 81 75 73 71 61 57 53
 6 -72 6 88 85 74 63 58 43
 7 -79 20 110 108 107 106 105 102 93 89 87 86 85 83 82 81 79 78 77 70 69 66
 10 -78 14 109 108 103 101 89 87 86 85 83 80 79 76 67 53
 1 -87 14 110 106 104 99 88 86 85 83 80 79 78 77 65 64
 4 -19 18 109 106 105 104 103 102 98 89 88 87 86 85 83 81 78 77 76 73
 4 -29 11 105 104 99 85 83 80 78 77 71 65 58
 6 -48 9 109 107 106 85 83 79 76 70 58
 6 -96 12 110 105 104 94 89 85 79 78 77 75 71 65
 6 -49 10 111 106 102 100 85 84 80 73 71 60
 5 -9 13 107 106 104 101 95 89 87 84 83 80 78 77 65
 9 -53 11 111 109 108 101 100 98 96 84 82 68 60
 6 -96 12 107 105 103 102 101 97 87 80 78 77 73 70
 9 -5 6 109 86 83 79 78 51
 6 -67 11 111 105 100 99 96 87 82 81 79 77 71
 7 -13 14 105 103 101 100 98 95 93 90 89 85 84 83 78 77
 6 -72 12 111 110 104 100 96 94 93 90 89 83 79 77
 7 -18 10 107 105 104 102 99 94 83 80 77 73
 7 -21 11 103 101 100 98 95 93 89 87 85 82 77
 3 -74 9 101 100 99 93 85 83 81 79 78
 7 -50 11 106 104 102 98 97 96 91 90 88 84 74
 2 -93 10 105 102 101 97 96 95 84 82 80 77
 9 -73 9 109 107 103 102 99 93 87 77 75
 4 -16 9 102 100 99 97 87 82 81 79 77
 5 -97 9 99 92 91 86 85 83 82 80 79
 7 -38 11 108 103 102 101 97 96 93 92 91 86 81
 6 -36 10 105 103 100 98 96 94 93 86 82 77
 9 -98 9 105 104 103 99 93 90 83 78 77
 4 -68 8 103 97 96 93 89 84 78 77
 7 -23 8 102 97 92 91 90 88 86 85
 9 -75 8 100 98 95 93 92 91 90 84
 3 -50 8 107 102 101 95 93 92 90 84
 3 0 5 102 100 96 91 76
 4 -10 6 101 100 99 98 91 84
 10 -74 6 106 98 96 91 90 84
 6 -5 4 104 93 86 77
 1 -16 6 98 96 95 94 91 90
 2 -85 5 104 99 92 91 88
 4 -32 5 103 101 97 93 90
 9 -21 5 101 97 95 93 91
 9 -16 4 96 95 93 90
 4 -39 4 105 100 99 92
 2 -51 2 83 82
 2 -18 2 93 82
 2 -56 2 92 91
 10 -11 2 92 91
 7 -86 2 98 95
 8 -8 2 98 93
 8 -10 2 94 90
 9 -72 1 90
 4 -48 1 97
 4 -47 1 94
 1 -13 1 96
 5 -70 1 95
 5 -3 1 94
 7 -39 1 100
 2 -48 1 99
 1 -95 1 112
 2 -6 1 112
 9 -87 1 112
 10 -43 1 112
 8 -85 1 112
 9 -17 1 112
 1 -98 1 112
 10 -70 1 112
 2 -33 1 112
 9 -78 1 112
 7 -44 1 112
 10 -94 1 112
 8 -47 1 112
 9 -99 1 112
 1 -86 1 112
 8 -9 1 112
 1 -19 1 112
 3 -10 1 112
 9 -76 1 112
 6 -78 1 112
 7 -5 1 112
 9 -31 1 112
 0 27300 0
