112
 0 -10 22 2 3 4 5 6 7 8 9 10 11 12 14 18 19 20 23 26 28 31 32 36 50
 2 -28 13 57 55 54 49 47 45 40 35 27 25 22 17 15
 4 -34 12 55 54 48 46 45 44 40 39 37 34 25 16
 9 -86 19 80 77 65 64 60 57 54 53 51 49 47 45 44 43 42 41 39 33 22
 3 -22 9 71 63 53 46 42 41 34 24 13
 8 -35 9 54 52 48 46 44 37 34 24 17
 6 -4 16 80 77 66 65 62 61 60 53 52 51 49 47 45 43 41 22
 6 -100 13 81 63 61 55 54 49 48 46 44 42 41 29 21
 6 -88 15 85 77 69 65 64 58 57 56 53 51 46 44 41 38 33
 1 -65 15 85 81 80 79 77 66 64 60 58 53 52 49 44 37 30
 1 -54 14 77 69 65 62 61 58 57 53 47 46 44 43 40 37
 1 -64 14 110 80 79 77 71 64 63 62 61 60 56 53 45 30
 6 -28 13 81 79 77 64 62 61 60 56 52 49 48 44 30
 10 -19 13 81 80 79 77 71 70 62 61 60 58 53 37 30
 6 -45 17 85 80 79 72 69 66 65 62 58 56 53 52 51 44 43 41 39
 10 -21 12 81 80 71 64 62 61 60 57 49 47 41 30
 4 -83 12 81 80 77 73 71 70 64 63 62 61 56 30
 10 -36 10 72 66 65 63 62 57 54 43 39 34
 3 -62 16 85 81 80 79 76 72 69 68 65 64 63 62 59 55 44 43
 6 -65 13 85 81 80 69 66 63 60 59 58 54 53 47 39
 2 -36 10 110 85 80 79 77 73 64 62 56 30
 6 -62 12 111 86 79 78 75 74 71 70 69 68 58 37
 7 -41 16 110 86 85 81 79 77 76 72 69 67 65 64 62 59 54 43
 6 -31 13 106 85 79 76 73 70 65 61 60 58 56 47 43
 8 -14 18 111 103 85 84 80 79 78 77 76 73 70 69 68 67 65 62 58 52
 5 -16 13 111 106 86 82 80 79 77 74 72 69 65 56 44
 3 -92 16 110 102 97 78 76 74 73 70 69 67 65 64 61 60 59 58
 7 -30 14 107 86 85 84 82 78 75 74 73 69 64 63 62 46
 1 -25 16 110 109 108 107 85 79 77 75 73 72 68 66 65 62 59 56
 8 -98 9 86 76 72 69 68 67 65 59 43
 10 -35 18 111 107 106 105 104 102 101 97 95 84 80 78 75 72 71 69 65 61
 2 -51 16 110 107 104 100 97 85 83 82 81 78 75 70 69 68 62 56
 5 -62 13 110 109 108 97 95 84 79 78 73 67 62 61 59
 9 -52 15 110 107 102 101 97 96 95 85 84 81 79 78 77 69 59
 7 -63 14 111 110 107 106 105 100 99 82 81 79 78 69 56 53
 9 -1 12 111 103 97 85 80 78 72 68 67 65 63 59
 7 -41 9 110 97 76 73 72 67 63 59 56
 8 -4 14 111 109 107 105 102 101 96 84 83 76 75 72 66 55
 4 -6 16 111 110 109 104 103 100 89 86 84 83 78 76 75 70 68 67
 3 -12 16 111 109 108 106 105 103 102 96 83 82 79 76 75 73 71 66
 5 -29 15 110 108 106 104 103 102 100 98 97 94 82 74 70 68 67
 7 -41 9 109 107 103 102 100 75 68 66 59
 9 -60 18 111 109 108 104 103 102 100 99 98 97 95 90 84 83 82 78 75 74
 9 -13 14 110 103 102 100 98 97 93 89 84 83 75 73 70 67
 6 -40 12 109 108 106 102 98 90 84 82 78 70 68 58
 6 -18 15 110 109 106 105 103 102 100 98 97 94 88 83 80 72 68
 8 -22 13 110 108 105 102 98 97 95 93 83 82 78 75 67
 10 -23 15 110 108 107 105 102 99 97 95 93 89 86 85 84 80 75
 4 -38 16 108 103 101 100 99 98 97 96 95 93 90 88 87 86 82 78
 4 -19 10 111 106 104 101 99 93 82 75 70 66
 10 -52 10 106 103 97 94 90 83 82 81 76 68
 10 -17 12 107 106 104 100 97 96 93 90 86 83 82 75
 1 -15 11 109 108 103 102 98 97 93 91 89 88 73
 6 -97 11 107 100 98 97 95 93 90 89 87 78 75
 10 -92 13 106 103 100 99 98 97 95 94 93 91 88 87 86
 3 -58 11 103 102 101 98 96 94 92 91 90 88 84
 4 -27 6 99 97 87 82 79 75
 3 -98 11 104 100 96 95 94 93 92 91 89 88 87
 1 -71 9 106 105 104 98 92 91 90 83 82
 2 -65 7 111 99 94 92 91 88 72
 5 -51 8 103 100 99 94 93 91 83 82
 3 -21 9 106 102 101 96 93 92 91 89 87
 3 -5 8 102 100 99 95 90 89 88 87
 8 -19 7 96 95 91 90 89 88 83
 4 -96 7 100 98 91 90 89 88 87
 8 -81 7 98 97 95 92 89 88 87
 5 -69 6 107 101 96 90 88 87
 10 -5 6 101 99 95 93 92 87
 4 -4 6 109 108 91 90 89 88
 7 -40 5 105 95 91 88 87
 9 -33 4 89 88 87 85
 5 -42 4 93 90 89 87
 6 -10 4 104 92 90 87
 4 -60 4 96 93 89 87
 6 -49 3 94 92 88
 6 -88 3 92 91 87
 9 -98 3 100 99 88
 3 -50 2 94 91
 8 -84 2 93 90
 5 -28 2 96 91
 5 -96 2 88 87
 3 -73 1 89
 4 -56 1 87
 7 -52 1 87
 10 -16 1 90
 6 -31 1 92
 3 -39 1 112
 2 -87 1 112
 8 -28 1 112
 10 -36 1 112
 10 -66 1 112
 9 -81 1 112
 9 -26 1 112
 5 -17 1 112
 2 -72 1 112
 5 -24 1 112
 5 -50 1 112
 5 -45 1 112
 8 -38 1 112
 3 -100 1 112
 4 -81 1 112
 7 -22 1 112
 5 -100 1 112
 6 -82 1 112
 3 -39 1 112
 5 -95 1 112
 5 -17 1 112
 6 -85 1 112
 5 -20 1 112
 7 -60 1 112
 9 -98 1 112
 0 26405 0
