122
 0 -99 13 2 3 4 5 6 7 8 9 10 11 13 14 19
 4 -16 7 23 21 20 18 16 15 12
 9 -69 7 40 29 24 23 21 18 15
 10 -90 5 29 20 18 17 15
 4 -27 3 24 16 15
 3 -39 3 24 16 15
 6 -96 5 30 27 26 22 16
 3 -65 3 40 27 12
 8 -53 4 30 27 22 16
 5 -97 8 33 31 30 29 28 27 24 20
 1 -7 7 40 29 27 26 25 24 22
 9 -71 6 33 29 26 24 22 17
 1 -70 6 33 29 26 25 20 18
 3 -8 8 40 33 32 31 29 28 27 25
 9 -19 7 33 32 30 28 27 26 25
 1 -15 6 40 34 33 32 29 17
 10 -86 6 52 41 36 35 31 25
 10 -35 7 54 48 46 37 35 32 28
 5 -96 6 41 40 35 32 31 28
 8 -5 10 46 44 43 42 41 40 39 37 36 34
 2 -79 6 52 41 35 33 31 28
 4 -42 4 46 35 34 28
 7 -8 9 54 52 46 43 41 39 38 36 33
 7 -82 8 54 48 46 41 39 38 36 32
 6 -71 8 54 48 44 43 42 39 38 37
 1 -24 6 56 52 48 44 41 31
 1 -53 5 52 43 41 39 35
 9 -62 7 55 45 44 43 42 39 36
 1 -60 7 54 50 48 45 44 41 39
 4 -28 6 51 49 48 46 42 37
 6 -28 6 53 50 46 45 43 39
 4 -53 7 55 53 52 51 50 49 42
 7 -71 5 55 50 45 44 42
 2 -87 5 52 50 48 47 38
 1 -94 4 50 49 42 38
 2 -64 6 66 53 51 50 49 47
 7 -49 5 60 55 53 50 47
 7 -39 5 59 57 56 55 45
 10 -75 4 58 51 49 47
 9 -36 5 61 57 56 53 50
 8 -88 8 74 73 66 61 59 57 55 53
 8 -44 6 80 72 64 60 58 47
 6 -33 9 80 74 72 64 61 60 59 58 57
 2 -14 3 59 53 51
 8 -89 7 74 72 66 62 61 60 58
 5 -26 8 80 73 69 66 65 64 63 59
 1 -69 6 74 73 65 61 59 57
 10 -89 5 64 61 60 59 57
 7 -54 4 64 61 60 57
 1 -61 5 73 72 65 59 58
 1 -65 8 81 80 73 72 70 69 67 61
 8 -52 6 80 73 66 64 63 62
 7 -30 4 72 64 62 58
 2 -67 4 69 64 63 62
 2 -6 7 80 78 72 70 69 67 63
 6 -53 7 82 80 74 73 70 68 64
 1 -97 6 78 77 71 69 68 62
 5 -8 11 86 85 82 81 79 78 77 70 69 68 67
 8 -82 2 67 62
 8 -47 7 86 82 81 79 73 68 67
 2 -33 3 84 78 63
 2 -10 9 88 86 85 84 82 81 79 76 70
 7 -63 7 92 86 85 83 79 71 68
 7 -43 7 87 86 85 78 77 76 67
 2 -9 5 84 79 78 75 71
 5 -13 3 90 78 67
 6 -62 7 98 97 93 92 88 84 83
 1 -60 5 97 94 91 87 76
 6 -43 4 98 97 93 75
 10 -30 3 91 87 75
 9 -53 6 94 90 89 88 87 82
 1 -3 5 98 93 91 83 77
 6 -91 3 98 93 75
 10 -79 6 94 93 91 90 89 85
 1 -10 4 92 90 89 83
 5 -65 5 98 96 93 90 89
 6 -100 5 104 97 95 94 92
 4 -83 5 104 98 96 95 92
 1 -41 4 104 98 94 89
 7 -27 5 104 100 98 95 92
 10 -6 4 98 95 92 91
 10 -72 5 104 102 99 97 96
 9 -14 4 104 101 95 94
 5 -24 4 101 99 94 91
 10 -65 6 103 102 101 100 99 98
 6 -15 5 119 111 102 99 94
 7 -98 4 102 100 98 95
 5 -49 7 119 111 108 102 101 100 99
 10 -35 8 119 111 108 107 103 102 101 99
 2 -1 4 120 104 100 95
 5 -69 8 120 119 118 111 108 105 103 100
 2 -36 7 121 119 107 103 102 101 99
 3 -49 6 119 111 108 103 101 100
 8 -14 2 105 96
 1 -40 9 121 119 118 111 109 107 106 105 103
 10 -22 4 120 108 103 100
 2 -3 4 119 111 103 101
 2 -54 7 120 119 118 116 111 108 106
 10 -2 7 120 117 116 115 114 109 106
 6 -41 4 121 109 107 106
 5 -86 3 118 106 105
 8 -34 3 118 116 106
 7 -17 4 117 116 114 110
 8 -23 4 116 114 113 112
 9 -64 3 115 114 112
 6 -13 2 113 110
 10 -53 2 115 114
 10 -28 2 115 112
 4 -46 1 110
 6 -11 1 112
 1 -91 1 113
 7 -87 1 122
 2 -100 1 122
 7 -50 1 122
 5 -85 1 122
 2 -97 1 122
 1 -68 1 122
 2 -20 1 122
 4 -37 1 122
 1 -95 1 122
 7 -57 1 122
 0 30155 0
