122
 0 -66 11 2 3 4 5 6 7 11 12 13 19 22
 7 -11 5 25 23 10 9 8
 7 -76 5 23 20 16 14 8
 9 -28 8 37 31 25 24 23 20 15 9
 2 0 6 37 32 31 25 23 9
 4 -21 10 37 34 33 32 31 24 21 18 17 16
 9 -82 10 37 35 34 33 32 31 26 24 18 15
 9 -95 9 34 33 32 31 27 24 18 17 15
 3 -6 7 39 34 33 29 21 17 16
 9 -10 7 39 37 35 32 24 21 17
 3 -37 7 39 33 32 31 29 25 21
 7 -67 6 44 39 31 29 26 21
 1 -9 4 39 31 29 17
 4 -34 7 40 39 32 31 30 29 28
 1 -96 4 44 41 39 21
 5 -58 8 46 45 44 41 40 36 35 27
 6 -10 7 56 46 44 41 36 28 26
 2 -17 6 44 39 36 30 29 28
 5 -79 6 45 40 39 36 29 27
 8 -46 7 50 46 44 39 38 34 29
 5 -31 5 46 40 36 30 28
 9 -73 9 56 49 47 45 44 41 40 39 35
 4 -29 5 46 44 35 29 28
 3 -55 5 45 44 43 38 29
 7 -56 8 51 49 47 45 44 43 42 38
 1 -77 7 51 49 47 45 42 40 38
 4 -15 3 56 50 28
 6 -48 6 51 49 47 43 42 38
 3 0 7 60 58 56 49 47 42 41
 9 -20 7 60 56 51 49 48 47 45
 8 -54 7 60 58 56 47 46 43 42
 10 -62 6 60 58 47 44 42 41
 5 0 4 51 50 49 38
 8 -21 4 60 47 43 41
 6 -38 5 58 55 52 43 42
 10 -24 4 61 58 47 43
 3 -58 4 54 48 47 46
 10 -41 6 61 60 58 54 52 48
 3 -45 6 65 58 55 54 51 48
 1 -86 4 61 60 55 43
 6 -51 6 65 61 55 54 52 48
 3 -50 4 65 61 54 48
 5 -53 3 65 54 48
 8 -72 3 65 55 48
 3 -57 2 52 50
 10 -60 4 65 61 57 52
 1 -10 4 65 57 55 53
 2 -28 3 63 57 53
 5 -7 3 65 57 55
 10 -28 3 65 57 54
 2 -94 2 59 52
 6 -91 9 80 78 77 69 67 66 64 63 62
 1 -24 4 69 66 64 59
 9 -50 4 69 66 64 59
 2 -60 4 69 66 64 59
 10 -89 6 79 74 69 65 62 61
 9 -94 2 64 59
 10 -42 8 80 78 77 74 69 68 66 63
 7 -14 7 83 80 79 78 77 67 62
 10 -5 4 78 74 65 62
 8 -85 6 78 77 70 68 67 66
 9 -49 6 76 73 72 71 70 68
 1 -14 10 99 92 91 90 83 82 79 76 72 70
 8 -88 9 92 90 84 81 79 76 75 74 73
 10 -84 5 90 88 81 77 66
 9 0 6 99 92 84 83 73 72
 1 -86 6 95 92 89 81 76 73
 3 -53 8 93 92 90 89 88 87 86 75
 5 -29 7 91 87 86 85 84 81 75
 9 -17 8 100 98 88 87 86 85 84 81
 3 -95 9 100 99 98 96 95 94 93 92 90
 5 -95 7 100 98 95 93 89 86 85
 1 -33 6 102 94 91 86 85 82
 6 -100 7 104 99 98 96 93 89 83
 5 -93 7 111 100 99 98 96 95 94
 3 -76 5 111 102 98 97 88
 4 -1 4 111 95 93 89
 10 -78 3 96 92 88
 6 -14 6 112 111 110 97 95 94
 5 -100 5 111 100 98 97 89
 5 -53 7 121 112 111 110 104 102 93
 8 -69 6 121 111 104 98 96 93
 4 -89 6 112 111 110 102 97 94
 1 -70 5 112 110 103 97 95
 3 -66 9 121 112 111 110 106 104 103 101 97
 4 -48 7 121 111 106 104 103 101 96
 7 -86 8 112 110 106 104 103 102 101 97
 8 -33 5 112 109 107 104 94
 9 -63 4 110 109 102 94
 4 -49 6 112 111 110 106 101 97
 5 -27 4 106 101 100 97
 8 -92 10 118 116 111 110 109 108 107 106 105 103
 6 -6 4 106 103 101 97
 4 -16 6 121 119 106 105 103 101
 9 -66 6 121 106 105 104 102 101
 10 -35 2 110 97
 7 -61 8 120 119 118 116 109 108 107 105
 9 -13 4 110 109 105 101
 5 -39 9 118 117 116 115 114 112 110 109 107
 8 -31 7 117 116 115 114 110 109 107
 8 -96 5 118 116 115 113 108
 10 -32 3 115 114 107
 6 -3 3 120 114 113
 7 -6 3 115 114 113
 8 -39 2 117 115
 4 -68 2 114 113
 5 -49 1 113
 3 -49 1 114
 1 -80 1 113
 6 -83 1 119
 7 -81 1 114
 8 -25 1 113
 9 -35 1 122
 9 -61 1 122
 4 -87 1 122
 2 -9 1 122
 8 -5 1 122
 2 -16 1 122
 3 -91 1 122
 5 -86 1 122
 1 -17 1 122
 0 29400 0
