112
 0 -81 26 2 3 4 5 6 7 8 9 10 11 12 13 14 15 16 17 19 20 21 23 25 26 28 29 35 36
 3 -31 13 79 68 65 62 58 56 53 48 47 46 39 38 18
 10 -72 11 68 65 61 59 58 47 42 40 39 27 18
 2 -49 14 106 85 65 62 58 56 49 47 46 45 41 39 33 32
 6 -36 18 85 79 77 72 70 68 64 61 59 58 57 56 53 49 47 41 39 32
 2 -61 12 77 68 65 62 60 47 43 39 33 31 30 24
 6 -87 16 108 85 83 79 72 68 62 60 58 55 52 50 46 43 41 31
 9 -1 13 111 109 79 77 72 68 63 61 60 55 50 40 34
 7 -13 13 111 106 79 72 70 67 64 59 58 57 56 39 32
 5 -52 8 110 74 72 70 62 55 49 22
 1 -96 16 111 110 109 79 74 72 70 68 66 63 61 60 55 54 50 34
 3 -26 14 111 107 79 77 74 70 67 63 62 61 57 51 48 39
 7 -98 12 79 73 72 70 65 64 61 53 47 43 38 30
 9 -53 10 85 70 68 67 64 59 47 46 39 32
 8 -70 12 77 72 70 68 63 62 58 53 50 49 41 39
 2 -46 22 111 110 109 108 85 83 78 74 73 68 67 66 64 61 60 59 58 57 55 54 52 46
 7 -37 7 68 64 59 58 50 39 27
 3 -40 12 108 106 85 75 72 70 66 64 57 52 49 32
 1 -96 11 111 108 79 76 74 73 65 56 54 51 37
 1 -40 17 109 108 107 83 79 76 75 74 73 66 65 64 61 58 57 52 51
 5 -85 14 84 79 78 77 72 70 68 67 63 55 54 52 50 44
 7 -9 10 111 107 106 79 67 63 59 57 48 39
 8 -78 16 108 105 84 83 78 75 72 70 69 67 66 65 59 57 55 50
 3 -35 17 111 110 108 107 106 100 83 78 76 75 73 67 66 63 56 53 52
 4 -42 13 108 107 83 78 73 68 67 66 65 61 59 56 46
 2 -81 12 111 108 106 77 76 75 66 61 59 54 53 49
 5 -32 17 111 109 108 107 85 84 83 79 78 77 76 75 72 66 63 54 52
 10 -91 14 110 84 83 77 75 73 72 67 66 62 57 56 55 54
 3 -29 4 84 57 46 39
 5 -4 14 111 110 108 107 106 100 84 78 75 67 66 63 56 52
 6 -7 13 107 106 84 78 76 75 74 67 66 64 63 59 54
 1 -96 13 110 109 102 84 83 78 76 74 73 63 60 55 54
 2 -97 12 108 107 83 79 78 75 74 70 67 59 57 54
 5 -35 11 108 107 106 84 83 78 75 67 58 56 52
 1 -29 11 109 105 102 84 83 77 75 69 67 65 62
 6 -90 10 111 98 84 78 76 73 68 67 66 54
 8 -32 15 110 109 107 106 103 100 97 84 83 81 75 67 66 63 59
 2 -42 12 111 106 105 100 83 78 76 75 69 67 66 63
 3 -91 9 109 108 83 78 76 75 66 54 52
 7 -84 13 110 108 106 105 103 81 78 74 73 70 67 66 64
 9 -33 10 111 110 109 104 102 98 78 76 67 54
 1 -39 17 108 107 106 105 103 101 100 99 98 97 95 88 83 82 81 71 66
 8 -17 13 110 107 105 102 101 100 98 96 82 80 78 69 59
 6 -98 13 110 109 108 106 101 100 99 94 88 83 82 69 66
 5 -57 12 108 105 103 102 101 98 93 78 77 73 67 64
 10 -54 14 105 104 102 101 100 99 96 94 93 91 82 77 75 69
 8 -1 14 105 104 102 100 97 96 95 93 82 81 78 76 75 71
 7 -54 13 109 103 102 99 98 96 93 83 82 81 73 71 64
 8 -27 15 107 105 104 103 102 100 98 96 93 92 90 84 83 78 73
 7 -92 12 106 103 102 100 99 98 97 96 81 76 73 71
 1 -7 10 103 102 98 97 96 95 80 78 72 68
 3 -88 11 105 102 101 99 98 93 88 82 80 71 69
 8 -63 13 109 104 103 99 98 96 95 89 88 84 82 81 71
 4 -99 9 105 101 100 96 93 89 88 71 69
 7 -50 14 107 103 101 99 98 97 96 95 93 91 88 87 81 80
 1 -11 14 104 102 101 99 98 97 95 94 93 90 89 88 87 81
 1 -49 12 103 100 96 95 94 93 91 90 88 86 82 80
 9 -58 13 102 101 100 98 96 95 93 92 91 90 89 87 86
 9 -66 5 104 95 93 88 71
 3 -47 10 104 100 97 96 95 93 91 90 89 86
 7 -10 8 97 96 94 89 88 87 84 81
 5 -17 7 101 100 96 93 87 86 78
 10 -82 8 99 98 96 94 92 91 90 88
 5 -27 8 100 97 94 92 90 88 87 86
 3 -6 8 110 104 97 94 93 91 87 86
 1 -78 7 104 102 96 93 91 86 80
 3 -96 2 82 71
 5 -27 2 106 71
 2 -69 6 103 97 95 90 87 81
 4 -12 6 102 98 96 91 88 80
 8 -30 6 94 92 91 90 87 86
 5 -65 6 100 99 93 92 88 87
 3 -54 4 95 87 86 80
 3 -86 4 98 97 90 80
 9 -52 3 98 88 80
 1 -66 3 101 88 87
 9 -4 2 86 80
 5 -57 2 99 88
 10 -50 2 92 86
 7 -77 1 89
 10 -97 1 86
 4 -99 1 92
 6 -65 1 87
 2 -1 1 101
 4 -27 1 93
 9 -51 1 112
 1 -36 1 112
 4 -34 1 112
 9 -6 1 112
 7 -82 1 112
 2 -12 1 112
 8 -38 1 112
 4 -89 1 112
 7 -2 1 112
 6 -56 1 112
 7 -49 1 112
 3 -50 1 112
 7 -50 1 112
 6 -1 1 112
 7 -42 1 112
 2 -94 1 112
 8 -32 1 112
 1 -2 1 112
 4 -50 1 112
 6 -87 1 112
 8 -36 1 112
 6 -71 1 112
 9 -78 1 112
 9 -68 1 112
 2 -91 1 112
 7 -36 1 112
 0 28405 0
