112
 0 -49 5 2 4 5 6 7
 9 -76 2 9 3
 4 -75 8 16 15 14 13 12 11 10 8
 1 -54 4 15 13 9 8
 10 -81 9 23 20 19 18 17 16 15 11 10
 10 -34 5 23 18 17 15 10
 7 -69 4 23 20 19 13
 7 -74 5 25 23 20 19 17
 7 -5 4 25 18 17 16
 10 -88 5 32 29 28 22 21
 9 -99 5 34 32 28 25 22
 1 -12 5 32 28 24 23 21
 9 -33 4 33 28 18 17
 10 -33 4 34 32 29 22
 2 -13 3 34 32 22
 1 -78 3 28 24 21
 3 -45 5 34 32 29 26 24
 7 -73 5 34 32 29 26 24
 3 -98 5 34 33 32 26 24
 10 -99 2 32 21
 5 -18 5 35 34 33 27 26
 1 -18 3 33 26 24
 7 -35 6 35 34 33 31 29 27
 9 -32 4 35 31 30 27
 6 -85 3 37 29 26
 9 -85 5 47 45 40 31 30
 5 -26 7 56 47 44 40 38 37 36
 2 -4 5 54 49 47 43 35
 8 -21 8 54 52 49 47 46 45 43 41
 10 -100 4 58 43 38 36
 1 -34 7 58 56 53 50 43 42 39
 1 -45 6 52 50 47 43 42 39
 7 -69 6 55 54 47 45 43 41
 1 -14 4 48 44 41 39
 9 -3 4 46 45 42 41
 9 -75 6 57 54 53 49 46 42
 7 -88 4 55 54 43 41
 8 -64 3 57 55 41
 9 -66 6 63 59 57 55 54 49
 8 -67 5 63 58 52 51 48
 7 -68 6 66 61 59 53 51 50
 8 -73 6 71 66 63 61 59 51
 3 -18 5 71 66 63 57 51
 9 -53 5 66 65 63 57 49
 4 -88 4 61 58 53 51
 8 -1 6 65 63 62 60 59 55
 6 -11 6 71 66 65 61 59 53
 1 -58 5 75 70 62 61 55
 10 -4 6 73 71 70 64 62 60
 1 -6 8 75 73 71 70 68 64 63 62
 5 -64 3 65 62 60
 7 -13 5 75 68 65 64 62
 9 -22 6 75 73 68 67 64 62
 7 -1 6 76 75 71 69 68 65
 2 -76 5 72 71 69 67 66
 1 -46 4 70 68 67 61
 5 -22 4 79 72 68 61
 6 -38 5 79 76 71 69 66
 1 -55 5 79 76 73 72 64
 5 -7 5 83 80 75 68 67
 10 -84 3 76 73 64
 5 -54 6 89 83 77 76 72 69
 7 -44 12 91 89 88 85 83 82 81 80 79 78 77 74
 1 -37 6 89 85 83 78 77 69
 8 -57 5 80 79 77 73 70
 5 -32 3 80 73 68
 6 -65 9 91 89 88 86 85 81 79 78 76
 10 -48 9 98 92 91 89 88 82 78 77 74
 2 -6 7 98 91 88 82 81 80 74
 8 -74 6 98 89 88 82 81 74
 8 -48 7 92 87 86 85 84 83 80
 6 -60 7 99 98 95 92 88 82 78
 9 -63 5 93 92 85 84 83
 1 -43 5 99 93 87 86 84
 9 -28 5 98 90 89 87 84
 6 -7 9 104 103 102 99 98 94 93 92 90
 5 -68 5 103 99 94 93 86
 9 -31 3 93 90 87
 9 -57 3 104 98 84
 8 -16 7 103 102 101 99 95 94 93
 7 -38 7 103 102 101 95 94 93 92
 6 -47 2 93 87
 5 -21 9 111 110 104 103 102 101 100 98 97
 5 -28 7 110 103 102 101 100 95 94
 6 -58 7 110 103 101 100 99 96 95
 5 -74 4 104 102 100 90
 5 -38 7 111 110 104 102 101 100 94
 2 -39 3 104 103 90
 2 -26 5 111 108 103 94 93
 1 -80 6 111 110 108 105 101 96
 8 -46 4 111 108 100 94
 10 -8 5 110 108 107 106 105
 6 -77 4 110 107 106 100
 7 -41 2 105 97
 7 -21 4 111 107 106 105
 1 -7 1 97
 7 -82 3 109 107 106
 1 -97 3 108 106 105
 9 -32 2 108 105
 5 -68 1 105
 3 -32 1 107
 4 -95 1 108
 1 0 1 105
 3 -83 1 106
 4 -56 1 112
 5 -91 1 112
 4 -86 1 112
 4 -12 1 112
 3 -82 1 112
 6 -8 1 112
 4 -46 1 112
 0 26510 0
