112
 0 -24 19 2 3 4 5 6 7 8 9 10 11 12 13 14 15 16 17 20 21 22
 3 -52 17 52 50 49 45 43 42 39 38 37 36 35 34 33 32 31 26 24
 6 0 12 50 45 43 39 38 37 32 29 28 27 26 23
 8 -80 11 50 49 44 43 40 34 32 30 25 24 19
 9 -16 5 35 24 23 19 18
 3 -65 12 45 43 40 39 38 35 32 31 29 28 27 23
 4 -65 14 52 49 48 45 43 38 36 34 32 31 29 28 27 26
 1 -86 11 47 45 40 39 38 36 31 29 28 27 23
 9 -51 10 49 48 42 41 38 36 34 29 27 18
 3 -28 10 59 42 39 38 37 35 34 29 28 18
 6 -100 13 49 48 46 45 43 42 39 38 37 34 32 31 29
 6 -27 14 59 55 52 49 48 47 43 41 40 38 35 34 29 27
 2 -25 10 55 52 49 48 45 35 30 29 27 26
 10 -1 7 48 42 41 39 38 35 18
 1 -78 9 49 48 42 40 35 34 31 29 25
 2 -40 11 58 52 48 46 45 44 43 38 37 32 31
 10 -34 7 59 51 48 41 40 36 25
 7 -57 12 81 66 64 58 55 52 50 46 45 43 40 32
 9 -95 8 55 52 51 46 42 38 31 29
 10 -5 11 66 59 56 52 51 50 47 46 42 38 36
 7 -45 10 76 59 54 48 46 45 40 39 37 36
 8 -65 14 81 65 63 61 59 58 56 55 51 49 46 43 41 40
 4 -10 9 66 61 52 51 49 48 46 42 34
 10 -36 7 81 65 58 51 48 41 28
 3 -69 12 81 76 68 64 63 58 55 54 53 47 46 45
 3 -87 9 62 61 59 56 51 47 46 41 40
 7 -91 8 79 76 65 64 61 54 46 44
 1 -36 11 68 66 64 63 61 57 56 55 54 53 46
 1 -10 15 87 81 76 74 72 67 65 64 63 60 58 57 56 54 53
 10 -7 9 76 70 68 64 63 62 61 47 46
 10 -58 7 76 67 62 61 59 56 41
 6 -15 8 74 72 68 61 54 53 51 47
 2 -78 7 68 62 57 56 53 51 46
 3 -2 14 87 83 81 76 74 73 72 69 68 67 64 58 56 54
 7 -15 12 87 86 83 81 79 74 72 68 67 62 56 51
 7 -13 12 85 81 79 74 68 65 64 62 61 58 57 53
 8 -35 11 86 81 79 74 66 64 62 60 56 55 53
 2 -15 10 87 80 79 74 72 70 67 64 54 53
 10 -52 13 86 85 83 81 79 72 70 69 68 65 63 62 61
 6 -21 10 87 86 79 74 72 70 67 60 57 53
 10 -48 11 87 86 85 80 79 74 72 68 66 64 53
 10 -4 9 87 85 81 70 65 64 62 58 53
 6 -18 7 87 85 76 72 70 54 53
 1 -43 7 86 85 81 74 68 56 53
 2 -28 9 86 83 79 77 73 72 71 57 56
 6 -30 9 87 86 84 80 74 73 72 67 60
 8 -27 9 91 87 86 85 83 79 71 65 57
 10 -40 12 97 86 85 83 80 79 77 75 73 71 70 69
 6 -42 10 85 84 83 80 74 73 72 68 62 60
 4 -98 5 80 79 75 70 53
 9 -47 8 109 85 77 76 75 73 70 69
 3 -44 8 85 84 80 78 77 72 63 62
 5 -30 7 97 83 82 77 73 71 69
 1 -19 6 97 89 86 84 77 62
 2 -92 10 109 98 97 93 91 87 85 82 77 69
 7 -28 9 109 97 96 91 84 80 78 75 70
 9 -94 7 111 110 109 97 80 75 69
 3 -88 7 96 86 82 80 78 77 71
 6 -50 9 110 109 97 91 90 84 80 78 75
 1 -42 5 97 91 78 75 71
 2 -28 10 111 109 98 97 96 92 89 87 80 75
 5 -76 5 110 96 91 75 71
 4 -15 5 110 96 88 82 71
 3 -42 8 110 109 101 98 96 92 91 75
 3 -4 8 111 109 107 97 93 89 82 77
 8 -63 10 110 109 108 107 106 96 93 90 83 78
 7 -42 8 111 107 97 95 91 85 82 77
 3 -59 10 110 109 107 98 97 92 90 89 88 82
 5 -26 8 108 107 106 96 90 88 84 78
 7 -32 12 111 110 107 106 105 101 98 95 92 90 89 88
 10 -94 11 111 109 107 106 105 104 101 98 93 92 90
 2 -59 10 108 106 105 103 102 97 96 95 91 89
 5 -80 6 111 106 103 102 91 78
 10 -82 5 109 107 106 90 78
 8 -91 6 107 105 104 93 88 82
 8 -91 7 110 102 97 96 95 92 80
 3 -16 7 110 105 104 101 100 92 88
 8 -8 6 105 101 100 95 92 89
 9 -94 6 109 106 104 103 101 94
 9 -83 5 105 103 101 100 94
 1 -70 5 108 104 103 101 94
 1 -98 4 108 106 100 94
 5 -100 4 105 103 102 99
 6 -38 3 101 95 94
 3 -82 3 102 101 94
 4 -92 3 102 100 94
 7 -88 3 102 95 94
 5 -5 3 103 102 99
 8 -97 2 104 94
 6 -42 2 102 100
 6 -93 2 104 100
 1 -32 1 94
 2 -11 1 95
 8 -40 1 99
 2 -77 1 99
 2 -86 1 100
 5 -12 1 101
 8 -42 1 103
 4 -69 1 112
 10 -62 1 112
 6 -80 1 112
 9 -15 1 112
 5 -64 1 112
 5 -64 1 112
 4 -78 1 112
 1 -80 1 112
 1 -74 1 112
 9 -85 1 112
 5 -91 1 112
 8 -52 1 112
 8 -61 1 112
 0 28330 0
