112
 0 -31 17 2 3 4 5 6 7 8 9 11 12 14 15 16 18 19 24 29
 9 -6 13 49 38 37 33 31 30 27 26 23 22 21 20 13
 2 -89 10 47 40 35 32 31 30 28 26 23 17
 2 -64 9 40 38 35 33 30 28 27 26 13
 3 -58 7 33 32 31 28 26 23 10
 1 -3 9 39 36 35 33 31 30 27 26 22
 5 -49 10 49 47 46 41 40 38 32 26 25 23
 6 -37 7 36 33 31 30 27 23 22
 9 -30 11 51 48 47 46 45 40 37 36 35 30 23
 8 -52 9 49 48 47 46 44 38 36 34 20
 4 -85 5 56 45 40 30 17
 2 -72 12 70 51 48 47 45 44 42 41 40 36 35 34
 7 -28 10 66 51 50 47 46 45 39 36 34 32
 7 -15 9 70 55 48 44 39 35 34 33 28
 4 -49 12 70 66 55 48 47 46 45 44 42 41 40 34
 10 -80 7 56 51 45 41 40 36 23
 8 -34 12 70 66 58 51 49 48 46 44 42 41 36 33
 8 -99 8 56 51 48 45 43 41 35 30
 9 -84 8 58 51 48 46 45 41 33 30
 10 -5 10 70 66 61 58 56 55 54 42 41 40
 9 -57 9 70 56 55 53 50 44 42 36 35
 4 -21 6 70 55 50 48 43 28
 2 -16 9 70 66 55 54 50 44 43 42 34
 7 -13 9 70 58 56 53 46 44 42 41 36
 1 -64 10 70 56 53 50 48 45 44 43 42 36
 3 -37 8 70 66 56 48 44 43 42 34
 8 -41 10 70 64 60 58 53 51 48 44 43 41
 5 -89 9 62 60 58 56 54 53 52 51 45
 8 -2 7 70 63 58 55 52 45 44
 3 -34 6 70 63 57 53 44 42
 6 -20 10 67 65 64 63 61 57 56 55 46 44
 4 -23 8 70 67 65 56 55 52 48 44
 10 -82 6 64 61 53 52 50 43
 10 -47 11 80 77 71 69 64 62 61 60 58 53 52
 8 -26 13 80 77 71 68 67 66 65 64 62 61 59 58 54
 7 -62 12 80 77 69 68 67 65 63 62 61 60 57 52
 3 -49 11 80 77 70 68 67 65 64 61 57 54 52
 8 -89 10 70 68 65 63 62 60 56 54 52 51
 10 -10 5 77 65 63 62 42
 5 -46 4 64 62 53 43
 6 -10 4 67 65 52 50
 8 -79 9 84 80 78 71 69 68 64 60 52
 6 -79 10 83 78 76 74 69 68 67 65 59 57
 9 -33 16 91 83 82 80 79 78 77 76 75 74 73 72 71 69 68 62
 1 -34 9 111 86 82 76 67 65 64 61 57
 7 -78 8 84 77 74 73 72 71 68 54
 7 -20 6 80 78 74 65 57 56
 7 -97 10 92 87 82 79 77 76 71 69 63 61
 9 -38 13 91 84 83 82 80 79 77 75 74 73 72 69 62
 3 -26 11 105 83 82 78 77 74 73 72 71 63 62
 10 -10 10 109 87 86 82 80 79 76 74 69 61
 5 -67 7 109 81 76 75 74 73 59
 2 -1 7 92 83 76 74 68 67 65
 1 -43 12 111 110 92 91 90 87 83 82 79 76 75 69
 3 -5 10 110 105 85 83 81 79 77 74 72 68
 7 -12 12 111 110 109 106 92 90 86 84 83 82 75 69
 3 -22 12 110 107 106 105 103 91 87 81 79 75 73 71
 5 -35 11 111 110 106 105 99 86 83 82 78 75 74
 5 -88 13 111 110 107 106 105 101 91 90 87 85 82 79 72
 8 -92 14 110 108 107 106 105 99 90 89 87 86 85 83 82 81
 7 -57 8 106 91 84 83 81 78 75 73
 10 -93 15 110 109 108 106 104 103 101 100 99 96 95 92 90 87 86
 4 -29 13 111 110 108 106 103 99 98 91 89 88 86 85 81
 10 -64 11 109 108 105 103 102 97 92 91 87 85 74
 7 -40 9 109 108 107 105 104 91 90 81 73
 10 -79 14 110 109 105 104 103 102 101 100 99 97 96 89 87 82
 9 -85 10 110 109 107 105 98 97 94 91 87 84
 2 -4 10 109 106 101 99 98 96 95 94 87 86
 10 -67 10 105 102 100 99 98 97 96 95 88 81
 3 -37 10 110 108 103 101 100 99 96 94 89 86
 10 0 9 109 101 97 96 94 90 89 88 85
 10 -52 7 104 99 96 93 92 89 86
 8 -8 7 101 99 97 96 89 88 85
 3 -65 8 107 104 100 96 95 94 93 90
 3 -58 6 108 104 102 98 89 85
 4 -44 8 107 106 103 99 98 97 96 94
 10 -17 6 107 100 97 94 90 88
 5 -24 4 101 98 89 88
 7 -79 5 100 99 97 96 95
 3 -69 5 111 99 98 96 94
 5 -72 3 101 94 93
 3 -50 3 95 94 93
 3 -7 3 103 96 94
 5 -5 3 99 95 93
 8 -76 2 100 93
 10 -69 2 102 97
 8 -76 1 88
 5 -13 1 93
 1 -68 1 95
 7 -68 1 98
 1 -74 1 96
 1 -5 1 94
 7 -97 1 112
 9 -47 1 112
 2 -40 1 112
 1 -46 1 112
 9 -4 1 112
 8 -11 1 112
 2 -77 1 112
 6 -25 1 112
 10 -15 1 112
 8 -31 1 112
 10 -81 1 112
 5 -62 1 112
 6 -18 1 112
 3 -74 1 112
 1 -31 1 112
 7 -82 1 112
 8 -78 1 112
 5 -35 1 112
 7 -95 1 112
 0 25850 0
