122
 0 0 11 2 3 4 5 6 7 8 9 11 12 13
 7 -1 5 25 21 19 14 10
 9 -57 9 37 36 25 24 20 18 17 16 15
 5 -99 9 37 36 33 26 24 18 17 16 15
 1 -56 5 37 25 24 15 14
 6 -10 8 37 30 26 22 20 18 16 15
 10 -1 9 36 33 32 30 27 26 25 24 23
 5 -10 7 36 30 26 24 23 22 15
 8 -38 7 37 36 30 27 26 22 15
 10 -14 7 38 36 32 27 26 23 22
 6 -71 6 37 32 28 27 24 17
 6 -65 6 37 32 30 24 22 16
 7 -24 6 38 33 30 22 21 16
 6 -20 5 32 28 27 20 17
 6 -12 7 53 39 38 34 32 31 28
 5 -57 5 53 35 29 28 27
 2 -7 2 30 22
 7 -80 6 53 45 39 38 34 31
 5 -41 7 53 45 40 39 38 37 34
 10 -12 5 45 40 38 33 29
 3 -38 6 53 45 40 37 35 34
 5 -96 3 53 31 29
 6 -29 3 37 29 28
 2 -99 4 53 40 38 29
 9 -25 5 53 45 40 35 34
 7 -62 4 64 53 44 31
 8 -45 9 64 62 49 47 46 43 42 41 39
 10 -71 6 49 47 45 43 41 40
 4 -29 4 47 44 41 34
 8 -69 4 48 45 44 35
 6 -67 2 40 35
 10 -81 7 64 62 49 47 43 42 41
 5 -64 2 48 35
 8 -62 9 64 62 61 59 52 51 49 46 42
 4 -72 7 62 50 49 47 46 43 41
 5 -32 8 62 61 52 51 49 46 43 42
 8 -56 6 50 48 47 46 44 41
 4 -77 7 62 61 52 49 47 43 42
 4 -68 8 61 59 54 52 51 50 48 44
 4 -44 4 62 52 46 42
 6 -2 7 76 61 59 55 54 52 51
 2 -38 5 76 71 54 50 48
 10 -44 8 79 76 71 69 60 58 56 55
 5 -6 8 79 76 72 65 60 58 57 55
 8 -19 5 76 68 57 56 50
 3 -26 8 79 76 72 71 69 66 63 55
 8 -70 8 79 72 70 68 67 60 58 57
 4 -90 5 72 65 60 58 55
 3 -4 5 76 69 60 58 54
 5 -22 7 79 70 69 67 65 60 58
 3 -92 6 79 71 67 60 58 56
 8 -76 5 68 60 58 57 56
 5 -61 5 72 69 63 62 55
 3 -31 8 82 79 78 74 72 66 65 63
 4 -80 7 77 75 74 73 70 68 67
 4 -43 5 82 78 66 65 63
 3 -19 6 85 81 77 75 69 66
 9 -58 4 82 78 66 63
 2 -4 4 82 70 66 63
 4 -40 7 85 81 78 77 75 74 66
 8 -56 7 85 81 79 78 77 75 66
 2 -1 7 85 81 78 77 75 74 66
 10 -33 9 92 87 85 84 81 80 77 75 73
 8 -83 9 92 84 82 81 80 78 77 75 73
 5 -6 8 89 87 86 85 84 81 77 73
 9 -16 7 92 89 87 86 84 80 73
 8 -21 10 97 92 91 90 88 87 84 83 82 80
 7 -8 9 92 91 90 89 86 85 84 83 81
 5 -90 4 91 86 78 74
 10 -27 8 102 99 90 89 86 85 84 81
 1 -93 7 97 91 89 84 83 82 80
 1 -67 6 102 90 89 84 81 77
 8 -54 7 101 97 95 91 90 88 83
 5 -17 6 95 92 90 89 88 83
 1 -75 7 102 99 97 93 90 89 86
 9 -47 7 102 97 96 93 89 88 86
 4 -9 9 103 101 100 99 97 96 95 94 93
 10 -71 7 100 99 97 96 95 94 89
 6 -15 6 100 96 95 94 93 89
 4 -90 6 101 100 96 95 94 93
 8 -22 6 112 103 101 97 96 95
 4 -81 6 103 102 99 96 95 93
 6 -73 6 111 110 103 102 99 93
 1 -42 5 112 105 100 98 96
 6 -9 5 112 111 110 106 93
 1 -17 4 104 103 100 95
 1 -41 4 110 106 105 93
 5 -77 3 107 100 94
 6 -27 7 119 112 111 109 107 103 101
 1 -24 4 120 106 104 94
 6 -33 10 121 120 119 111 110 109 108 107 106 105
 3 -32 7 120 119 111 110 109 107 101
 4 -39 2 104 98
 2 -49 10 121 119 118 116 115 112 111 110 109 108
 6 -12 8 120 119 118 111 109 108 106 105
 2 -44 6 121 119 111 110 106 104
 5 -70 1 98
 6 -77 7 121 120 119 117 115 108 107
 2 -83 5 121 119 118 117 106
 8 -61 4 120 119 110 106
 4 -83 4 118 117 108 106
 8 -22 3 118 109 106
 7 -37 6 121 120 118 117 115 114
 1 -78 4 116 115 109 108
 10 -1 5 117 116 115 114 113
 7 -38 4 116 115 114 113
 9 -54 3 118 116 113
 2 -77 2 114 113
 7 -31 1 114
 6 -60 1 117
 8 -11 1 113
 3 -96 1 113
 7 -71 1 122
 1 -22 1 122
 2 -3 1 122
 10 -70 1 122
 1 -18 1 122
 3 -28 1 122
 4 -29 1 122
 7 -95 1 122
 7 -69 1 122
 0 27355 0
