112
 0 -32 19 2 3 4 5 6 7 8 9 10 11 12 13 14 15 17 18 19 22 31
 7 -90 11 42 36 35 33 32 29 28 26 24 23 16
 1 -97 11 53 47 43 42 41 38 32 30 28 26 20
 10 -82 11 51 47 45 41 39 37 36 35 27 25 21
 6 -32 7 53 38 34 29 28 21 20
 5 -24 8 45 41 37 36 30 26 25 21
 9 -60 10 48 46 45 42 41 39 37 27 26 25
 10 -10 7 48 43 39 38 35 26 16
 6 -38 12 55 53 51 45 43 42 41 38 37 36 35 32
 4 -24 5 48 43 37 35 16
 7 -35 5 37 35 34 24 21
 4 0 8 57 54 53 44 42 36 27 26
 7 -50 8 61 54 41 38 37 35 32 30
 9 -41 15 60 58 55 54 52 51 48 46 45 44 43 42 41 38 35
 3 -37 8 57 54 48 45 43 35 32 26
 7 -4 9 51 50 49 46 45 44 41 40 25
 5 -29 6 54 53 43 38 32 26
 2 -67 10 61 58 57 55 53 52 46 45 32 27
 3 -50 11 61 55 54 52 50 49 46 44 43 41 36
 2 -36 9 57 55 54 51 45 40 37 36 35
 8 -95 11 62 61 59 58 57 54 52 48 46 43 32
 8 -31 6 51 49 46 42 41 25
 5 0 15 80 68 62 61 59 58 57 55 54 52 50 48 45 44 40
 4 -74 12 80 62 59 57 55 52 51 50 49 46 45 44
 2 -60 15 82 80 69 68 65 62 61 59 58 57 56 55 54 53 52
 4 -88 13 82 69 68 67 62 61 60 59 58 55 52 51 49
 7 -92 8 72 68 62 59 50 49 43 40
 9 -11 11 80 68 66 65 63 59 58 57 54 49 44
 2 -56 9 80 68 62 60 59 55 52 49 44
 2 -89 11 69 68 67 62 60 58 56 55 52 51 48
 8 -55 10 69 67 63 62 61 58 56 55 51 46
 2 -90 6 80 68 67 50 44 40
 5 -46 7 73 67 60 57 52 50 44
 5 -98 13 87 82 80 79 75 73 72 71 69 60 59 57 52
 9 -48 11 80 72 70 69 68 66 65 63 62 59 49
 2 -15 10 71 70 69 68 63 62 60 59 58 48
 3 -49 12 80 79 75 73 72 70 69 64 62 60 56 52
 3 -10 10 82 73 69 67 66 65 63 62 57 49
 4 -49 6 73 64 63 61 60 44
 3 -84 10 111 88 82 79 76 73 69 63 60 56
 6 -9 10 87 82 79 78 73 72 71 65 59 57
 4 -79 13 88 86 83 79 78 75 72 71 69 66 65 63 61
 5 -98 12 111 87 83 80 78 74 73 71 70 67 66 63
 2 -81 8 111 82 79 76 72 70 69 56
 9 -67 12 88 87 86 83 79 76 75 73 69 66 65 64
 10 -83 9 111 88 78 76 70 68 66 65 64
 7 -8 8 94 79 76 75 72 66 63 56
 1 -25 11 111 88 87 83 79 78 76 73 66 65 64
 4 -44 7 111 94 88 79 75 64 56
 8 -81 9 87 83 82 79 78 75 66 65 64
 4 -81 9 111 110 85 79 78 76 74 70 66
 4 -75 8 94 88 86 78 76 74 66 63
 3 -38 7 111 85 76 74 71 70 66
 10 -61 10 111 94 85 84 81 79 77 74 73 67
 6 -11 9 111 94 86 84 81 79 77 76 64
 4 -58 10 109 87 86 85 84 83 78 77 74 71
 5 -77 8 111 88 85 81 77 76 74 70
 7 -94 8 110 108 87 81 79 76 75 72
 4 -84 7 94 93 84 83 77 76 64
 6 -16 3 78 66 65
 8 -35 9 111 110 109 93 85 84 77 76 74
 4 -16 10 111 110 109 102 94 93 90 85 81 77
 3 -66 9 110 109 102 93 90 85 84 81 77
 1 -4 9 110 109 107 106 101 90 89 85 74
 1 0 6 109 102 94 85 81 77
 2 -70 9 109 108 107 105 103 102 93 84 77
 4 -63 8 110 109 106 103 99 93 91 76
 6 -60 6 108 104 91 84 83 73
 4 -21 17 110 108 106 105 104 103 102 101 100 99 98 97 96 92 91 90 89
 4 -98 10 109 107 105 104 102 94 91 90 86 84
 10 -14 9 110 108 107 101 100 99 96 90 81
 10 -96 8 107 103 102 101 92 91 90 84
 1 -55 13 107 106 105 103 102 101 100 99 98 97 96 90 89
 3 0 12 108 105 104 103 102 100 99 98 97 96 92 91
 4 -90 3 102 90 77
 5 -92 10 107 105 104 102 100 98 97 96 90 89
 2 -13 9 104 101 100 99 98 97 96 91 89
 2 -23 9 104 103 102 101 100 99 98 90 89
 5 -74 9 109 106 104 100 98 97 96 95 93
 3 -99 8 110 106 105 103 98 93 90 89
 7 -70 8 106 105 104 103 98 97 92 89
 8 -92 8 105 103 99 98 97 96 91 89
 8 -75 8 107 102 101 99 98 97 96 95
 1 -41 7 106 100 99 98 97 96 89
 1 -45 6 108 100 99 97 96 95
 3 -3 5 100 98 97 96 89
 2 -57 5 102 99 97 96 89
 5 -99 3 103 96 95
 1 -87 1 95
 6 -83 1 95
 3 -97 1 95
 8 -85 1 95
 1 0 1 101
 6 -40 1 95
 7 -34 1 112
 7 -29 1 112
 9 -36 1 112
 6 -14 1 112
 4 -37 1 112
 2 -49 1 112
 10 -5 1 112
 8 -78 1 112
 8 -16 1 112
 9 -50 1 112
 4 -71 1 112
 8 -23 1 112
 1 -63 1 112
 3 -64 1 112
 7 -1 1 112
 2 -12 1 112
 4 -46 1 112
 0 28195 0
