112
 0 -30 18 2 3 4 5 6 7 8 9 12 14 17 19 20 21 24 26 29 34
 9 -54 11 43 38 32 31 28 27 23 22 16 13 10
 1 -49 12 59 55 47 45 43 40 38 36 32 27 25 23
 4 -80 9 59 55 45 33 31 28 27 18 15
 9 -8 6 59 42 40 35 23 11
 9 -94 11 55 51 45 42 41 40 33 31 30 25 22
 4 -37 9 55 49 45 43 40 37 32 31 15
 3 -80 12 59 58 55 51 48 44 41 40 39 38 30 25
 2 -57 12 59 51 46 45 44 43 42 39 38 35 33 32
 2 -84 5 59 55 44 33 15
 2 -75 9 67 55 47 46 45 39 33 32 27
 9 -80 11 61 58 51 49 48 46 45 44 39 35 30
 3 -100 6 59 51 41 39 36 25
 6 -56 6 47 41 39 31 30 27
 4 -7 8 61 51 47 46 42 39 35 30
 10 -47 11 64 62 59 55 51 50 48 46 41 40 39
 2 -64 8 67 64 61 59 48 47 33 28
 3 -27 7 58 48 44 43 39 37 30
 3 -13 11 68 64 61 58 52 51 49 48 45 44 31
 6 -3 11 68 67 60 59 58 55 52 51 50 41 37
 1 -23 8 59 48 47 46 40 39 36 35
 9 -4 12 67 64 62 59 58 52 50 49 48 47 46 39
 4 -5 5 61 48 41 39 30
 7 -12 11 64 62 58 54 52 51 50 49 45 44 39
 5 -30 6 68 61 50 49 37 35
 1 -75 9 68 62 60 59 58 57 55 46 40
 7 -82 11 69 68 62 61 58 57 53 52 51 49 44
 9 -80 11 71 68 66 62 60 57 54 53 51 50 46
 1 -62 9 67 61 58 57 54 53 52 50 44
 8 -48 10 67 66 64 62 60 57 56 53 52 50
 6 -47 10 71 67 66 62 60 57 56 54 53 50
 2 -47 9 79 69 68 64 62 60 57 53 48
 1 -85 9 87 74 68 58 56 54 53 50 49
 1 -85 9 87 64 63 62 57 52 51 50 49
 2 -42 13 95 73 71 69 67 66 63 62 60 57 56 54 52
 10 -93 8 87 74 64 62 56 54 53 50
 3 -99 7 75 65 64 62 54 53 46
 9 -13 11 95 75 73 71 70 69 67 66 60 53 52
 6 -65 9 86 79 70 69 68 66 60 57 53
 5 -14 8 95 75 71 67 66 54 53 52
 2 -12 7 70 69 65 63 57 56 49
 1 -2 6 95 79 73 64 58 48
 4 -13 10 95 87 75 72 71 70 67 66 61 52
 3 -13 9 81 78 75 74 70 66 65 60 56
 5 -58 12 95 87 86 84 81 79 75 74 72 71 70 63
 7 -54 8 95 87 81 76 74 73 69 56
 7 -27 8 79 76 75 72 71 70 68 63
 9 -7 7 87 86 75 74 66 65 54
 2 -44 10 95 91 81 79 78 76 75 72 71 66
 6 -69 9 95 91 78 76 75 73 70 69 65
 3 -56 8 94 86 85 78 77 76 72 70
 10 -21 7 86 83 81 79 78 74 65
 9 -42 4 82 76 72 63
 3 -1 12 111 98 94 93 91 89 85 84 83 81 78 70
 3 -26 5 94 83 76 75 66
 6 -7 9 91 90 86 84 83 80 79 77 72
 8 -21 10 110 98 94 93 90 84 83 81 75 74
 1 -63 8 111 108 93 88 81 80 78 75
 5 -25 8 94 88 84 82 80 79 74 71
 7 -27 10 110 91 90 88 87 85 83 82 80 77
 9 -25 15 111 110 109 107 106 97 94 93 92 90 89 88 85 83 82
 2 -19 12 111 110 107 97 94 92 90 89 88 85 84 77
 7 -89 9 111 107 94 92 91 89 83 78 77
 9 -91 7 110 93 84 82 81 80 71
 8 -26 12 109 108 107 106 94 93 90 89 88 85 82 80
 4 -83 9 111 110 98 90 89 84 82 80 77
 1 -73 9 110 109 107 91 90 89 84 83 80
 4 -29 5 98 96 95 83 73
 8 -25 10 111 110 107 106 97 94 92 89 83 82
 9 -30 9 110 109 108 107 106 96 90 82 80
 8 -58 10 111 109 107 106 105 101 96 92 89 83
 6 -34 10 111 110 109 107 105 104 103 102 93 88
 1 -66 9 111 107 105 104 97 94 92 85 84
 4 -21 10 111 109 106 105 103 101 97 96 92 89
 4 -73 8 109 107 106 103 96 89 85 82
 5 -68 8 110 108 107 105 103 98 89 84
 8 -82 10 109 108 106 105 104 103 102 99 96 93
 6 -46 7 110 106 104 102 97 96 90
 4 -97 7 111 110 108 103 101 96 89
 1 -80 6 105 104 101 100 97 92
 2 -24 5 107 105 103 100 99
 2 -89 4 105 104 101 100
 4 0 4 108 103 102 99
 6 -82 4 106 101 100 99
 10 -37 4 102 101 100 99
 6 -33 4 104 101 100 99
 6 -54 4 107 105 100 99
 1 -66 2 98 96
 2 -49 3 104 102 99
 7 -68 3 103 101 100
 2 -24 2 105 96
 10 -62 2 102 99
 5 -95 2 101 100
 5 -27 2 103 99
 8 -19 2 102 101
 2 -74 1 100
 3 -79 1 99
 2 -83 1 99
 4 -26 1 112
 10 -25 1 112
 10 -52 1 112
 8 -31 1 112
 3 -67 1 112
 9 -96 1 112
 7 -95 1 112
 2 -74 1 112
 4 -20 1 112
 2 -33 1 112
 4 -66 1 112
 4 -15 1 112
 4 -81 1 112
 0 27025 0
