102
 0 -12 23 2 3 4 5 6 7 8 9 10 11 12 14 15 16 17 18 19 21 22 23 24 27 42
 7 -82 15 83 61 56 55 49 48 47 46 45 41 38 33 30 25 20
 9 -91 15 101 83 71 63 62 56 55 52 47 44 41 39 37 31 26
 9 -58 9 60 56 55 48 46 43 38 35 13
 6 -52 15 63 62 61 60 57 55 49 47 44 41 39 36 35 33 30
 4 -27 10 62 61 56 49 44 43 40 32 30 25
 9 -52 12 71 65 62 60 57 55 47 46 39 38 30 28
 8 -77 11 57 55 52 50 49 47 44 39 34 30 29
 6 -68 11 101 69 56 55 50 48 46 44 34 32 31
 7 -13 13 65 62 59 57 55 54 51 49 43 40 39 33 29
 1 -4 7 57 49 46 35 30 28 25
 1 -45 12 65 63 59 57 56 54 53 51 46 44 37 28
 1 -6 11 71 70 65 62 61 54 52 49 44 32 30
 4 -59 15 101 83 73 71 70 65 61 57 52 51 50 47 39 38 37
 7 -56 12 101 80 71 60 59 57 54 51 49 47 39 28
 1 -63 18 101 83 82 80 79 74 69 61 60 57 56 55 53 52 51 50 47 44
 10 -41 18 101 99 98 83 80 71 64 63 60 57 55 54 53 52 49 48 47 46
 6 -94 17 101 80 79 74 70 69 63 61 60 59 55 53 52 51 50 45 44
 9 -51 10 74 70 65 62 61 60 57 53 44 30
 6 -81 15 101 100 96 82 80 70 68 65 63 62 58 54 53 50 40
 9 -45 15 99 80 79 76 70 69 67 65 63 61 60 59 58 50 39
 6 -36 19 100 99 98 97 82 81 80 79 74 71 70 69 67 63 60 58 57 55 51
 3 -46 16 101 99 97 83 80 79 74 73 71 65 60 57 56 53 50 47
 5 -96 12 99 81 80 79 76 71 69 64 55 54 49 39
 1 -54 14 100 97 80 79 74 70 69 65 63 60 59 53 52 50
 1 -87 9 100 80 70 69 58 54 51 50 49
 9 -72 15 101 100 99 94 83 80 69 68 66 65 64 63 59 58 49
 10 -42 14 99 97 96 95 83 76 73 70 67 66 61 58 50 48
 6 -60 16 99 97 95 83 82 81 80 79 76 73 70 66 64 63 61 60
 5 -79 13 101 100 96 81 80 79 72 69 67 66 64 59 51
 4 -29 8 80 79 75 67 61 59 49 45
 5 -65 14 99 98 97 94 83 82 80 79 74 73 67 63 57 47
 9 -5 14 100 96 95 82 80 79 78 74 70 69 67 66 58 50
 4 -52 12 99 97 95 81 79 78 72 71 64 60 59 54
 8 -100 15 101 100 99 97 94 93 83 80 79 70 68 67 66 59 58
 10 -72 11 100 99 97 96 80 74 73 69 65 52 48
 9 -60 11 100 99 97 95 94 80 69 66 60 58 48
 3 -6 14 100 99 98 97 95 94 93 90 86 82 81 69 66 63
 8 -7 11 100 98 97 94 91 82 78 74 72 66 53
 3 -86 14 99 98 97 95 94 93 90 89 86 79 71 69 67 66
 1 -100 14 100 99 95 93 91 88 80 79 78 75 74 73 70 66
 2 -72 14 101 99 96 95 94 93 89 88 83 80 77 73 72 67
 9 -45 14 97 95 93 92 91 88 87 86 79 78 77 76 72 68
 10 -61 8 99 97 96 93 75 73 67 58
 1 -19 8 100 99 98 96 88 77 72 57
 10 -6 8 86 82 81 79 77 76 72 67
 7 -48 11 100 96 93 90 89 88 87 86 78 77 66
 5 -79 11 93 92 91 88 87 86 85 79 78 77 68
 8 -10 10 97 96 95 93 91 89 88 87 74 73
 10 -47 8 98 94 93 92 89 87 81 64
 4 -32 8 95 93 88 78 77 76 75 68
 6 -34 5 94 93 86 78 58
 7 -31 10 95 93 92 90 89 88 86 85 77 75
 6 -28 7 94 93 88 77 74 67 66
 1 -67 7 96 93 92 91 87 78 73
 5 -5 7 94 92 91 88 87 85 70
 2 -85 6 91 90 89 87 86 66
 7 -17 6 92 91 89 88 77 72
 9 -4 6 98 89 87 85 84 73
 6 -88 6 96 89 88 86 85 77
 1 -33 4 93 86 78 68
 10 -79 3 87 78 73
 5 -53 3 87 78 72
 8 -57 4 91 90 85 84
 4 -25 4 90 89 88 86
 10 -5 3 92 85 84
 8 -1 3 92 91 87
 4 -96 3 90 89 84
 5 -49 3 91 88 84
 5 -22 2 86 77
 5 -14 2 87 77
 6 -45 2 85 84
 7 -71 2 90 86
 6 -26 2 85 84
 7 -91 2 87 84
 2 -81 2 94 84
 10 -1 1 84
 3 -74 1 84
 6 -87 1 84
 1 -52 1 86
 1 -15 1 88
 6 -89 1 89
 9 -19 1 84
 1 -43 1 102
 4 -54 1 102
 1 -60 1 102
 9 -90 1 102
 8 -19 1 102
 9 -57 1 102
 9 -19 1 102
 7 -18 1 102
 10 -42 1 102
 6 -80 1 102
 4 -43 1 102
 10 -82 1 102
 4 -57 1 102
 8 -30 1 102
 9 -49 1 102
 2 -47 1 102
 10 -6 1 102
 2 -86 1 102
 0 24880 0
