112
 0 -91 8 2 3 4 6 7 8 9 12
 9 -46 6 19 16 15 11 10 5
 2 -54 8 32 29 25 24 22 17 15 11
 3 -7 8 32 29 24 23 22 18 15 14
 1 -43 6 29 25 22 18 14 13
 7 -91 6 25 23 18 15 14 13
 3 -62 5 25 23 16 14 13
 9 -50 9 35 32 27 26 24 23 22 21 18
 2 -5 9 35 33 32 27 26 24 21 20 18
 2 -92 5 32 24 23 22 14
 8 -88 4 23 20 18 14
 3 -61 6 45 33 26 23 19 18
 7 -89 7 38 35 33 32 26 24 20
 9 -6 6 37 35 33 27 26 21
 1 -37 4 36 33 21 20
 5 -81 6 35 34 31 29 26 24
 3 -6 8 45 37 35 34 33 31 27 26
 9 -2 7 44 41 36 34 31 30 28
 8 -23 6 38 36 35 34 28 27
 9 -41 6 45 44 41 34 31 28
 6 -10 7 45 43 41 38 34 31 30
 5 -56 8 45 41 39 38 37 36 34 33
 5 -41 7 44 43 39 38 37 34 30
 5 -64 6 45 43 41 39 37 30
 9 -96 2 34 27
 5 -8 7 57 47 46 43 42 39 36
 9 -66 3 43 39 30
 8 -29 7 53 50 47 43 42 40 37
 3 -54 6 57 49 47 41 39 36
 3 -30 6 57 50 47 46 42 40
 1 -41 6 57 54 49 46 40 39
 1 -11 5 57 50 43 42 40
 5 -61 4 57 46 42 40
 9 -86 5 54 53 50 46 40
 6 -96 8 59 57 56 53 52 51 50 47
 7 -15 3 56 50 40
 10 -76 5 54 52 49 48 46
 2 -87 5 59 58 52 51 46
 10 -89 7 61 58 56 55 53 52 51
 3 -13 5 59 58 52 51 48
 1 -89 5 61 58 54 51 50
 6 -61 4 60 54 49 48
 5 -26 6 61 60 59 58 56 51
 3 -38 6 62 61 58 56 55 54
 1 -80 4 73 61 52 51
 1 -44 5 62 61 60 56 55
 8 -6 3 63 58 48
 1 -27 4 73 64 62 61
 5 -59 4 70 67 63 58
 6 -85 3 62 60 55
 7 -70 8 70 69 68 67 66 65 64 63
 8 -10 5 70 67 63 62 60
 9 -51 8 74 70 69 68 67 66 65 64
 3 -32 7 70 69 67 66 65 64 63
 3 -79 7 74 73 70 69 66 65 64
 7 -45 7 74 73 70 68 66 65 64
 9 -62 7 73 70 69 68 66 65 64
 8 -1 8 75 74 73 71 69 68 66 65
 10 -96 6 74 73 71 70 67 66
 1 -61 6 85 75 71 69 66 65
 5 -30 5 75 74 70 68 67
 5 -34 4 85 74 66 65
 3 -5 8 84 83 81 80 77 76 74 72
 1 -94 6 85 82 80 76 75 71
 8 -5 9 84 83 82 81 80 78 77 76 72
 10 -93 7 84 82 81 78 77 76 72
 1 -83 7 85 84 83 82 81 78 72
 5 -6 7 85 82 80 78 77 76 72
 6 -7 6 83 82 78 77 76 72
 8 -55 7 104 87 86 84 82 80 79
 8 -1 6 91 87 84 81 79 77
 7 -55 5 104 91 87 86 79
 4 -62 5 93 91 82 78 76
 1 -99 3 93 82 78
 10 -76 3 100 86 78
 4 -31 6 104 100 92 90 89 87
 10 -96 4 93 90 89 88
 9 -95 5 104 92 90 89 87
 7 -78 4 95 93 90 88
 5 -48 6 101 100 99 95 92 90
 10 -44 3 93 90 89
 9 -5 5 101 100 95 92 90
 2 -75 4 100 97 92 89
 1 -75 5 110 101 99 95 90
 8 -98 5 101 100 99 95 93
 5 -98 2 92 89
 3 -72 8 111 110 109 101 99 97 96 95
 4 -99 3 101 100 92
 1 -17 6 110 109 108 101 99 95
 5 -85 6 111 109 107 98 97 96
 2 -78 6 110 109 107 103 98 96
 10 -26 5 111 109 108 103 94
 3 -66 5 111 109 108 103 94
 7 -75 4 110 107 105 102
 7 -69 2 107 98
 4 -49 3 108 105 102
 4 -8 2 103 102
 10 -10 2 105 102
 5 -52 2 106 105
 3 -59 2 107 105
 3 -64 1 103
 1 -30 1 106
 9 -51 1 105
 7 -18 1 107
 7 -90 1 112
 3 -91 1 112
 10 -73 1 112
 1 -74 1 112
 6 -2 1 112
 1 -62 1 112
 2 -2 1 112
 0 28980 0
