112
 0 -37 17 2 3 4 6 7 8 10 11 13 14 15 16 17 18 19 20 26
 3 -63 13 54 45 39 37 36 32 30 28 24 23 22 9 5
 9 -30 10 73 51 44 43 39 37 35 33 29 12
 1 -73 16 111 75 72 62 50 46 45 44 43 42 40 38 37 36 23 22
 8 -84 15 63 57 55 53 50 49 47 46 44 42 35 34 31 25 21
 9 -49 17 75 65 62 57 55 54 52 51 49 47 44 43 35 34 33 32 23
 1 -81 16 75 67 57 54 53 52 49 48 47 45 41 35 33 32 30 27
 5 -96 15 111 75 65 64 63 58 54 44 41 39 37 35 34 31 28
 5 -36 19 111 79 75 73 72 67 65 63 62 59 58 55 51 49 48 47 41 40 29
 2 -23 15 111 75 73 63 61 58 52 51 50 48 41 40 37 36 31
 8 -14 20 111 79 75 73 72 66 63 62 60 59 58 56 55 53 52 50 47 46 45 42
 8 -26 14 111 78 75 72 66 65 63 62 58 50 45 41 34 22
 1 -74 17 111 110 79 75 73 72 67 62 60 58 52 51 50 48 47 41 36
 10 -51 11 79 75 64 62 60 51 45 44 35 32 28
 6 -83 11 79 75 74 65 64 56 45 37 36 34 32
 10 -65 13 79 73 65 64 62 56 55 51 50 47 46 35 34
 5 -55 14 109 77 72 71 67 61 59 58 57 54 49 45 40 37
 10 -40 10 111 73 58 57 56 51 50 48 40 31
 7 -79 16 111 109 79 77 73 72 69 62 60 58 57 55 50 49 46 41
 6 -82 15 110 109 73 72 70 67 64 58 57 56 55 52 51 50 34
 6 -81 13 110 79 75 73 72 70 62 61 59 58 51 43 41
 3 -37 15 109 108 85 79 76 71 67 64 61 60 59 56 55 49 47
 1 -7 14 108 84 78 77 74 73 70 69 67 63 60 58 48 41
 6 -60 19 110 109 105 84 82 79 78 77 74 72 70 69 68 66 64 59 58 57 56
 3 -28 15 111 110 109 108 100 84 82 78 77 76 74 71 69 56 48
 4 -30 12 109 108 85 76 74 73 67 64 61 56 55 49
 7 -33 8 109 107 104 78 74 70 55 34
 6 -8 9 109 108 105 82 77 66 56 50 49
 3 -46 7 110 109 82 71 66 52 46
 3 -36 18 111 110 109 108 104 103 102 96 85 82 81 79 76 74 72 70 69 55
 2 -56 18 110 109 108 107 99 97 96 85 84 83 82 80 79 77 76 74 68 67
 6 -37 13 109 108 107 106 104 98 77 73 72 68 66 59 58
 3 -80 13 110 109 106 104 101 91 82 81 79 77 71 69 50
 10 -75 15 108 106 105 99 96 94 83 82 81 77 71 69 68 60 59
 3 -84 12 110 109 108 104 97 77 76 70 69 68 61 59
 10 -13 9 109 98 82 81 78 70 59 57 55
 5 -96 11 107 104 102 99 96 83 78 76 69 66 55
 1 -54 12 109 108 107 96 90 85 83 82 76 71 69 55
 4 -35 16 108 107 105 104 101 100 99 96 93 90 83 80 77 74 72 68
 5 -59 14 110 106 104 102 96 84 82 81 76 74 70 69 68 60
 5 -1 12 107 105 99 96 85 82 81 80 76 71 68 56
 10 -83 11 110 109 108 99 98 77 71 68 67 65 64
 7 -5 16 109 108 104 101 100 99 96 91 84 83 82 81 80 77 76 69
 2 -9 11 107 102 101 100 99 96 84 81 76 68 56
 3 -93 14 104 102 101 99 97 96 93 92 83 81 80 70 69 68
 2 -3 17 107 106 105 102 101 99 98 97 96 92 91 87 85 84 80 78 76
 4 -99 14 107 106 101 100 99 97 96 93 91 89 82 80 77 69
 8 -44 10 106 105 101 99 98 93 92 89 66 64
 5 -16 12 110 106 104 102 99 98 96 93 92 90 70 68
 3 -50 12 107 102 99 97 96 95 89 87 85 80 76 74
 10 -88 11 107 106 100 99 95 93 82 81 80 78 71
 3 -14 9 105 100 97 96 93 86 77 69 68
 5 -11 14 110 106 101 99 98 97 96 94 92 89 88 87 81 80
 10 -83 12 110 107 105 101 99 96 91 90 88 80 79 76
 8 -58 13 106 105 101 100 97 93 92 91 89 88 87 84 80
 8 0 11 104 103 98 97 95 94 93 90 88 87 83
 3 -55 11 108 107 99 96 94 93 92 91 90 87 85
 4 -58 9 99 96 95 91 90 88 87 80 76
 2 -46 9 101 100 95 92 91 90 89 87 80
 10 -7 8 101 93 92 91 90 89 88 80
 2 -27 7 101 99 96 95 89 86 81
 8 -21 7 108 102 97 92 91 89 80
 9 -28 6 103 94 90 88 85 83
 7 -3 6 104 96 94 90 88 87
 3 -74 6 105 97 93 90 89 87
 1 -52 4 95 91 81 80
 7 -24 4 102 92 88 81
 8 -24 4 103 95 91 88
 9 -85 4 98 95 88 87
 8 -19 4 94 91 87 86
 6 -21 4 97 92 87 86
 3 -12 4 97 89 88 87
 6 -48 4 94 91 88 86
 6 -61 3 98 94 92
 6 -54 3 95 93 87
 1 -45 2 94 93
 9 -24 2 102 92
 3 0 2 89 88
 4 -92 2 87 86
 1 -68 1 86
 6 -4 1 90
 7 -93 1 86
 1 -53 1 89
 7 -16 1 86
 4 -48 1 100
 2 -16 1 112
 9 -12 1 112
 5 -88 1 112
 4 -87 1 112
 7 -56 1 112
 6 -37 1 112
 2 -72 1 112
 8 -58 1 112
 6 -37 1 112
 2 -57 1 112
 4 -97 1 112
 5 -54 1 112
 6 -53 1 112
 1 -45 1 112
 2 -46 1 112
 6 -66 1 112
 1 -42 1 112
 6 -83 1 112
 1 -23 1 112
 2 -67 1 112
 4 -30 1 112
 2 -55 1 112
 3 -71 1 112
 6 -53 1 112
 9 -84 1 112
 7 -17 1 112
 0 26605 0
