112
 0 -91 28 2 3 4 5 6 7 8 9 10 11 12 13 14 15 16 17 18 19 20 22 23 25 29 33 36 38 42 47
 7 -32 13 67 65 64 59 58 57 54 52 50 45 40 35 21
 1 -29 11 67 61 58 54 49 48 46 41 31 28 26
 1 -79 14 110 80 69 67 65 64 51 50 49 45 43 41 39 31
 3 -11 11 67 64 63 62 57 51 49 44 40 32 31
 4 -96 10 110 65 64 52 49 48 43 39 34 31
 3 -22 13 76 71 70 67 63 60 59 58 56 51 45 40 24
 1 -8 9 111 76 70 59 56 55 51 30 26
 10 -75 13 76 64 61 60 58 57 56 55 54 49 45 44 32
 8 -73 12 110 73 69 64 63 57 51 50 46 41 35 31
 7 -15 14 76 73 69 64 59 58 56 55 54 52 51 50 44 35
 10 -18 13 80 72 67 65 64 60 59 58 56 52 50 45 27
 5 -52 15 111 110 74 73 72 69 65 64 62 61 58 57 50 49 31
 7 -38 15 110 76 73 69 67 65 63 61 59 57 55 51 50 41 35
 2 -76 10 110 69 67 66 62 50 49 41 40 31
 1 -26 17 110 109 80 76 73 72 70 68 66 65 64 55 54 50 49 48 37
 3 -92 11 110 79 73 72 69 68 64 62 52 49 31
 6 -97 14 109 85 79 76 73 72 71 69 62 60 56 55 44 41
 3 -29 11 111 80 72 70 63 62 56 55 51 50 32
 8 -29 13 79 76 72 68 67 63 62 60 58 57 53 52 44
 1 -69 8 111 79 76 75 63 55 46 32
 8 -65 13 83 79 76 73 68 65 62 60 54 53 51 49 44
 5 -6 14 111 110 85 80 79 72 69 67 61 59 57 56 51 41
 1 -77 13 110 85 83 80 79 73 69 66 64 62 55 52 41
 6 -99 20 111 110 109 105 104 87 84 75 73 72 71 70 68 67 66 65 64 60 53 49
 8 -16 15 110 108 86 84 79 78 75 72 71 69 68 65 64 63 43
 10 -71 10 111 110 85 79 76 73 71 69 51 41
 1 -79 19 111 110 109 106 87 85 81 80 78 77 75 73 72 71 69 62 57 56 53
 5 -52 12 110 109 87 78 77 74 71 70 60 58 54 45
 5 -46 9 110 109 85 80 75 73 69 50 41
 1 -30 14 109 102 87 85 81 76 75 71 70 60 59 56 55 53
 7 -62 9 110 109 85 78 73 71 69 66 41
 9 -46 13 108 106 102 87 81 76 75 70 66 62 57 53 48
 3 -9 12 108 102 86 83 81 80 69 61 60 57 55 54
 3 -49 16 108 105 104 85 81 80 78 77 75 72 71 70 68 66 60 53
 10 -89 15 109 102 85 83 81 80 79 78 77 73 70 69 68 66 53
 7 -90 10 108 106 100 83 78 77 69 60 53 45
 3 -44 7 108 99 83 74 66 55 45
 10 -84 16 111 109 107 106 101 99 86 85 81 79 77 76 75 73 72 62
 8 -95 16 111 108 105 104 103 101 100 99 86 82 81 80 79 77 75 72
 6 -43 11 108 105 104 102 95 87 84 77 74 68 53
 6 -61 14 110 108 105 103 102 87 86 85 84 83 78 77 68 60
 6 -46 11 106 105 100 87 85 83 77 74 66 62 60
 3 -50 14 111 110 108 103 102 100 99 96 87 81 80 75 70 66
 6 -84 15 107 105 102 101 98 95 91 86 85 84 82 81 79 75 62
 8 -64 8 109 102 81 78 77 71 62 56
 7 -39 14 110 109 105 102 100 99 94 93 84 82 78 77 74 67
 9 -94 11 111 104 99 95 94 92 89 85 82 77 71
 6 -68 13 107 102 101 99 96 94 92 90 85 82 81 78 77
 2 -4 12 107 102 101 99 97 94 92 89 83 79 78 77
 9 -47 12 109 108 100 99 97 96 93 92 90 81 78 77
 10 -68 11 111 109 106 99 96 92 84 82 78 77 74
 9 -61 14 107 103 101 99 97 96 94 93 92 91 90 89 86 82
 9 -1 11 111 106 103 99 98 96 94 91 89 85 75
 7 -47 9 107 106 105 104 100 90 84 78 77
 9 -29 12 105 101 100 98 97 96 93 92 91 89 88 83
 9 -61 9 107 104 99 97 95 93 92 91 84
 10 -36 9 103 100 97 95 94 93 90 88 84
 3 -37 8 108 99 97 95 92 89 88 77
 5 -97 9 101 99 97 96 95 94 93 92 90
 6 -40 3 99 97 66
 1 -35 7 104 103 94 93 92 90 88
 7 -14 7 106 102 97 94 93 90 88
 8 -61 5 101 97 91 82 81
 6 -40 6 99 96 95 90 89 88
 10 -65 5 94 93 92 91 82
 9 -73 4 98 91 83 81
 5 -54 5 106 100 96 94 90
 8 -79 5 104 95 92 89 88
 4 -71 5 107 101 98 91 90
 3 -93 4 100 96 93 83
 2 -51 4 102 95 94 83
 7 -64 4 94 90 89 88
 10 -76 3 91 88 81
 6 -2 3 97 93 92
 5 -8 3 105 100 93
 8 -36 2 98 91
 3 -65 2 95 88
 4 -81 2 96 90
 5 -19 1 84
 2 -81 1 89
 6 -21 1 88
 10 -76 1 90
 10 -30 1 89
 10 -77 1 88
 4 -46 1 88
 4 -66 1 92
 5 -56 1 112
 2 -23 1 112
 9 -38 1 112
 3 -44 1 112
 5 -92 1 112
 3 -12 1 112
 10 -12 1 112
 4 -12 1 112
 6 -5 1 112
 2 -36 1 112
 10 -13 1 112
 3 -11 1 112
 8 -21 1 112
 9 -3 1 112
 2 -1 1 112
 10 -56 1 112
 7 -53 1 112
 9 -13 1 112
 6 -29 1 112
 8 -11 1 112
 9 -7 1 112
 6 -90 1 112
 10 -23 1 112
 6 -30 1 112
 0 26590 0
