112
 0 -11 15 2 3 4 6 7 8 9 10 12 13 14 15 17 22 26
 1 -76 5 42 32 29 27 5
 1 -29 10 45 37 36 34 31 29 24 21 20 18
 10 -93 8 45 37 28 24 19 18 16 11
 3 -68 9 47 45 41 36 35 31 30 28 16
 3 -12 6 45 41 37 35 24 11
 10 -86 7 42 41 35 30 25 19 16
 4 -58 7 59 42 37 36 31 29 16
 7 -63 6 47 44 35 30 28 23
 8 -45 10 52 50 47 45 44 42 35 33 30 24
 7 -67 10 50 47 46 44 43 39 38 34 33 30
 9 -98 11 56 55 53 50 49 47 44 40 38 35 34
 6 -9 8 59 50 49 43 42 37 34 24
 2 -96 12 66 59 55 53 52 44 43 41 40 39 38 33
 4 -65 10 57 56 53 49 47 41 39 38 37 34
 5 -63 12 65 55 53 52 50 49 46 44 40 39 38 33
 6 -42 12 66 59 56 53 50 49 44 42 40 39 38 37
 3 -67 11 66 65 58 55 53 47 44 43 41 39 33
 10 -91 11 66 55 53 52 49 47 44 43 39 38 33
 7 -15 11 65 56 55 53 49 47 44 43 40 39 38
 8 -35 16 67 66 65 60 59 56 55 53 52 51 50 49 48 46 42 40
 6 -51 12 66 65 59 56 53 50 49 48 46 44 43 38
 8 -48 8 64 59 57 55 53 41 37 34
 5 -51 8 66 65 57 56 53 40 39 38
 5 -66 11 67 66 64 57 54 53 52 50 49 40 38
 2 -74 9 66 60 56 55 53 50 43 40 39
 2 -71 11 76 67 66 64 60 57 56 52 51 48 40
 10 -68 5 57 53 40 39 38
 8 -64 12 76 69 67 66 65 64 63 56 53 49 48 44
 9 -3 11 76 66 64 59 57 56 55 54 51 49 40
 5 -65 11 74 69 66 65 63 58 55 50 49 48 43
 3 -81 16 76 74 73 71 68 67 66 64 62 59 58 57 55 54 52 50
 4 -15 12 76 74 71 68 67 64 63 60 57 56 51 48
 9 -58 10 76 74 71 68 66 65 58 52 51 48
 8 -19 8 81 76 74 71 69 68 66 43
 10 -18 10 81 76 75 74 68 64 63 57 56 48
 3 -49 8 71 69 68 67 63 60 52 48
 10 -24 9 84 76 73 68 63 62 60 58 51
 3 -10 8 74 71 69 68 67 64 61 48
 3 -39 10 75 74 73 72 71 69 68 63 62 58
 8 -8 7 75 74 73 69 68 54 50
 9 -70 11 111 81 80 76 75 74 72 68 63 62 61
 9 -54 10 83 80 75 73 72 67 64 62 61 57
 4 -87 8 81 74 73 71 68 61 57 54
 1 -46 9 110 82 81 76 75 74 71 70 54
 8 -35 6 80 72 68 63 62 57
 7 -65 8 111 107 88 77 73 69 62 59
 10 -78 6 110 88 82 73 62 54
 4 -40 13 111 88 87 86 85 84 83 82 80 79 73 70 68
 1 -17 11 111 110 88 87 84 83 81 80 79 70 61
 5 -74 6 111 79 75 70 69 61
 3 -32 13 111 110 88 87 86 85 83 82 81 78 77 75 70
 8 -56 8 111 87 84 81 80 79 70 61
 4 -43 11 111 108 91 86 85 83 80 79 78 77 72
 9 -44 9 111 110 109 101 83 82 81 77 72
 9 -44 9 110 89 87 86 85 82 79 78 70
 7 -53 11 111 110 107 106 104 89 87 85 82 79 78
 1 -7 9 108 107 100 87 85 83 81 80 70
 2 -81 9 109 90 87 85 83 82 81 79 78
 2 -44 10 109 107 104 101 90 86 82 81 79 75
 6 -34 8 109 107 105 104 85 82 78 77
 7 -30 7 89 87 86 85 79 78 70
 10 -89 11 109 107 105 103 101 100 90 88 86 83 82
 5 -44 8 111 107 105 104 101 84 82 77
 5 -18 8 110 106 103 102 101 90 86 72
 9 0 8 107 104 102 101 91 87 78 75
 4 -82 7 110 107 104 98 91 85 77
 4 -11 9 110 109 107 101 100 98 94 91 77
 5 -49 10 110 105 102 101 100 99 89 87 86 80
 1 -75 14 109 106 104 103 102 101 98 96 95 94 93 92 91 90
 5 -58 9 111 106 105 102 99 98 97 87 85
 4 -93 8 107 105 104 99 98 97 87 84
 7 -96 6 102 101 96 90 89 78
 9 -64 6 107 103 98 97 96 84
 4 -98 8 105 103 100 98 97 96 95 89
 6 -24 8 106 101 99 97 96 95 94 89
 9 -49 6 106 102 96 95 90 89
 7 -98 7 100 99 98 97 95 94 92
 7 -32 7 105 102 100 97 95 94 92
 7 -73 7 106 98 97 96 95 94 93
 4 -55 6 103 99 97 96 93 92
 8 -60 5 108 98 94 93 91
 6 -52 4 104 96 94 89
 4 -71 4 100 95 94 89
 3 -37 5 103 101 95 94 92
 1 -12 5 98 96 95 94 93
 1 -32 3 96 95 93
 6 -75 3 104 94 92
 6 -48 2 93 92
 8 -86 1 99
 3 -76 1 97
 10 -4 1 112
 6 -75 1 112
 6 -46 1 112
 2 -70 1 112
 10 -82 1 112
 4 -69 1 112
 4 -95 1 112
 7 -75 1 112
 6 -47 1 112
 1 -76 1 112
 6 -39 1 112
 2 -38 1 112
 7 -62 1 112
 5 -12 1 112
 3 -32 1 112
 4 -55 1 112
 1 -39 1 112
 7 -25 1 112
 6 -57 1 112
 7 -45 1 112
 0 29025 0
