112
 0 -72 13 2 3 4 5 6 7 8 9 13 14 17 22 23
 5 -20 10 34 32 29 26 25 21 19 18 11 10
 6 -89 10 46 34 33 32 30 29 27 24 15 12
 10 -1 8 36 32 31 28 27 26 18 16
 4 -58 8 48 43 31 30 26 24 20 18
 10 -15 11 51 44 43 40 38 31 30 29 28 27 20
 5 -45 10 43 41 40 38 37 34 31 28 26 21
 7 -93 11 52 50 41 40 37 36 33 31 29 28 27
 9 -93 8 48 46 43 42 31 25 21 20
 2 -62 9 51 46 44 43 40 38 31 27 20
 6 -83 8 52 51 40 36 35 30 28 27
 2 -86 4 43 31 25 20
 6 -51 9 52 49 48 45 42 40 38 29 25
 8 -22 8 60 58 51 44 40 38 31 29
 2 -42 7 53 49 48 42 40 35 26
 7 -14 7 53 48 44 41 38 30 25
 8 -35 8 64 58 55 49 46 43 36 29
 5 -44 13 74 69 66 60 58 53 51 50 47 44 40 38 35
 9 -95 8 74 65 64 51 50 39 36 31
 6 -81 11 65 60 55 52 50 49 47 45 41 39 37
 1 -90 7 58 54 53 52 49 36 35
 8 -40 11 69 65 55 53 52 50 49 47 40 39 38
 2 -33 8 65 62 61 60 58 56 43 31
 3 -83 6 74 64 55 42 39 36
 1 -94 15 82 77 74 69 66 65 64 62 61 60 58 55 54 51 47
 6 -5 10 66 64 61 60 58 55 52 51 45 44
 7 -11 11 75 74 66 65 64 59 58 56 55 53 45
 7 -93 7 72 66 62 60 48 42 39
 6 -75 5 74 66 62 54 35
 4 -36 8 75 74 64 63 61 58 50 45
 9 -34 6 66 55 53 49 47 45
 7 0 5 75 66 60 45 39
 4 -34 4 69 54 51 38
 6 -11 13 82 77 75 74 73 72 69 68 63 62 61 58 50
 7 -42 6 75 72 70 65 61 39
 5 -26 6 75 66 62 61 60 45
 10 -51 10 82 77 75 72 69 66 62 59 57 53
 4 -9 8 82 77 75 73 64 62 57 56
 1 -73 8 86 82 80 77 63 59 57 56
 7 -6 7 82 77 73 70 64 62 57
 6 -42 7 86 70 66 63 61 59 57
 6 -19 6 82 75 69 59 56 54
 9 -97 9 111 97 76 75 74 73 72 67 53
 7 -90 6 85 82 75 72 59 57
 6 -15 9 86 82 81 77 73 72 70 69 57
 2 -35 10 97 88 85 80 75 73 71 68 67 60
 8 -11 7 86 85 76 75 72 70 57
 6 -86 10 89 88 87 86 85 82 80 75 71 59
 1 -68 8 88 87 85 80 77 75 70 59
 2 -78 5 111 97 80 67 54
 10 -84 8 97 86 78 75 73 71 70 63
 4 -34 11 111 88 85 82 81 80 78 76 74 70 68
 4 -63 10 109 88 86 85 81 80 78 71 70 68
 4 -29 11 95 88 87 86 85 81 79 78 76 71 70
 1 -50 10 110 97 89 88 86 85 83 79 72 71
 3 -88 9 111 108 97 93 89 88 78 76 68
 10 -34 7 109 97 88 78 71 68 67
 3 -40 13 109 97 95 93 88 87 86 85 83 81 79 78 71
 3 -21 10 111 110 97 84 83 81 79 78 76 73
 5 -39 10 111 110 109 95 90 87 86 81 78 70
 2 -3 7 111 109 97 88 87 71 67
 9 -27 12 108 96 93 90 89 88 87 86 85 83 80 76
 4 -63 12 111 110 108 96 95 91 89 88 87 85 81 76
 8 -56 9 111 108 106 91 89 88 85 83 72
 8 -30 10 111 97 95 93 92 88 85 84 83 78
 9 -64 6 90 89 87 84 80 78
 9 -31 8 110 108 105 103 102 93 89 79
 2 -19 7 110 105 95 94 87 83 79
 2 -59 9 110 107 105 96 92 91 90 89 80
 6 -45 8 106 101 93 92 91 89 84 83
 6 -73 8 106 103 102 100 96 94 90 84
 6 -98 6 105 96 93 90 87 80
 4 -82 8 107 105 103 102 100 95 93 90
 3 -33 8 106 104 102 100 95 94 90 87
 10 -16 5 108 105 103 94 81
 1 -34 8 109 106 104 102 101 99 94 92
 4 -79 7 109 107 106 105 100 93 89
 8 -80 6 107 102 99 96 94 91
 5 -28 5 107 106 104 91 90
 3 -10 6 103 102 101 100 98 95
 1 -4 5 106 104 102 101 99
 4 -32 3 99 96 94
 1 -97 4 103 102 100 98
 7 -71 4 108 105 104 98
 9 -89 4 107 104 100 98
 2 -9 4 103 101 100 98
 3 -53 3 103 99 98
 8 -51 3 105 104 102
 5 -9 2 99 94
 1 -85 2 101 99
 10 -78 2 100 98
 3 -87 2 100 98
 8 -53 1 94
 9 -7 1 98
 8 -38 1 99
 6 -52 1 101
 7 -46 1 106
 5 -9 1 112
 4 -99 1 112
 10 -95 1 112
 1 -26 1 112
 3 -90 1 112
 6 -27 1 112
 6 -69 1 112
 6 -99 1 112
 6 -79 1 112
 9 -8 1 112
 8 -99 1 112
 4 -53 1 112
 7 -38 1 112
 7 -1 1 112
 0 27765 0
