112
 0 -14 18 2 3 4 5 6 8 9 10 11 12 13 14 15 16 19 20 23 25
 10 -6 6 45 38 34 32 21 7
 7 -89 10 49 43 42 41 38 37 36 27 24 17
 7 -84 10 55 51 49 45 43 36 35 33 26 22
 8 -63 10 61 49 42 39 38 36 35 32 31 27
 7 -20 7 37 35 31 30 27 22 21
 3 -24 7 49 43 41 39 36 29 18
 9 -55 10 60 51 48 45 43 40 39 35 29 28
 1 -14 10 60 53 51 48 43 42 37 36 28 27
 4 -29 8 61 53 51 45 43 39 33 27
 7 -81 6 43 40 36 32 31 27
 2 -13 9 61 55 53 52 49 48 38 31 29
 1 -87 13 63 61 56 53 52 51 50 49 48 44 38 37 36
 8 -86 9 61 58 56 55 53 52 47 40 31
 9 -100 6 61 51 38 36 29 27
 6 -94 11 60 58 53 51 50 48 47 44 40 39 37
 4 -51 10 61 58 56 55 53 52 51 47 40 32
 4 -4 7 61 56 53 51 48 37 27
 2 -87 7 61 51 48 43 42 37 27
 1 -28 7 63 56 55 52 48 36 31
 7 -87 14 75 73 64 63 61 58 55 54 53 52 50 48 46 44
 1 -13 11 75 73 64 62 60 56 52 47 46 44 41
 4 -27 11 67 64 62 61 52 51 50 49 47 46 44
 6 -53 8 75 55 54 53 47 45 44 39
 10 -86 6 75 61 58 56 43 32
 4 -48 5 62 53 44 39 37
 10 -72 11 75 73 67 58 55 54 52 50 47 46 44
 4 -82 11 75 73 64 62 61 58 54 52 50 47 44
 10 -69 11 75 73 67 63 62 57 56 54 50 46 44
 9 -55 11 70 67 64 63 62 61 59 57 56 51 46
 4 -68 7 75 60 51 50 46 45 44
 3 -28 7 64 57 54 50 48 46 44
 2 -77 7 75 64 60 56 54 50 48
 6 -92 11 93 80 75 73 71 67 66 63 59 57 56
 3 -91 8 82 73 70 63 59 56 53 52
 7 -94 9 93 81 80 73 71 64 59 58 54
 9 -37 7 77 75 73 64 57 54 46
 6 -50 5 62 60 58 54 46
 5 -99 6 73 71 66 59 56 52
 1 -66 11 93 87 80 77 75 71 70 66 65 64 57
 9 -96 9 80 77 71 70 68 67 66 63 54
 2 -8 5 80 75 62 54 50
 3 -59 9 93 84 80 74 71 70 68 67 54
 2 -49 8 80 76 74 71 70 68 66 59
 1 -11 8 93 80 76 74 73 70 62 59
 3 -72 12 93 92 87 84 83 81 80 76 74 71 68 65
 7 -61 7 87 81 80 71 65 63 57
 5 0 6 92 76 74 66 65 62
 6 -35 11 93 92 87 84 83 82 81 80 77 68 65
 3 -55 8 93 87 83 74 71 70 68 65
 3 -46 5 93 92 73 68 54
 10 -85 5 87 80 78 65 57
 2 -92 6 93 91 80 69 68 67
 6 -64 8 90 87 83 82 79 78 76 65
 10 -38 8 94 87 83 82 80 72 70 68
 3 -99 7 91 87 83 77 74 69 68
 3 -40 9 98 92 91 90 84 83 79 76 69
 1 -16 8 94 91 87 83 82 74 72 70
 4 -38 6 90 87 84 83 77 65
 4 -70 10 96 94 91 82 80 79 78 77 74 72
 10 -64 12 98 96 94 92 90 89 84 82 80 79 78 72
 2 -1 8 111 110 89 87 84 83 82 68
 8 -62 8 111 94 92 84 83 79 74 72
 3 -69 6 111 110 91 84 82 68
 2 -60 4 98 97 91 69
 5 -41 10 111 110 109 96 94 86 85 82 81 78
 8 -11 8 110 109 98 92 89 83 81 79
 4 -6 9 109 108 106 98 96 90 85 79 78
 5 -5 5 111 96 94 89 72
 10 -39 10 111 109 108 106 104 96 92 89 85 78
 4 -45 8 109 105 103 96 94 90 88 82
 5 -7 10 110 109 108 107 106 105 103 95 88 86
 1 -6 7 110 107 105 95 87 86 85
 6 -59 9 109 108 107 106 104 101 98 95 89
 3 -87 8 110 107 105 103 98 95 88 86
 3 -37 6 106 105 100 95 88 85
 5 -88 6 111 108 105 100 95 85
 10 -100 6 107 105 103 100 95 88
 6 -13 7 107 105 104 103 101 100 97
 9 -60 6 111 106 101 100 97 95
 9 -35 6 108 107 106 104 100 88
 1 -87 5 108 106 104 100 95
 3 -58 4 104 101 96 95
 6 -68 3 107 102 88
 8 -100 4 103 102 101 99
 2 -72 4 104 102 100 99
 5 -3 2 106 97
 9 -58 2 101 99
 7 -47 2 103 100
 3 -79 2 101 100
 5 -85 2 105 103
 9 -40 2 105 103
 3 -92 2 104 99
 7 -81 1 95
 8 -14 1 102
 3 -51 1 100
 5 -9 1 99
 8 -88 1 99
 1 -29 1 112
 5 -81 1 112
 8 -71 1 112
 3 -96 1 112
 3 -97 1 112
 3 -43 1 112
 6 -33 1 112
 5 -25 1 112
 4 -69 1 112
 8 -35 1 112
 6 -32 1 112
 1 -63 1 112
 6 -77 1 112
 0 30175 0
