112
 0 -95 25 2 3 4 5 6 7 9 10 11 13 14 15 16 17 18 19 20 23 25 26 30 32 34 36 38
 7 -28 7 31 29 28 27 22 12 8
 8 -12 14 71 62 51 49 47 46 43 42 41 39 35 31 28 21
 4 -49 14 80 69 64 63 56 52 51 50 44 40 39 29 28 22
 2 -78 15 80 79 78 71 64 63 56 51 50 49 47 42 41 31 22
 3 -43 16 80 79 71 67 64 62 57 56 51 48 46 43 42 41 37 31
 8 -94 13 80 69 64 56 54 50 47 46 40 39 37 33 29
 3 -21 15 80 79 77 69 62 56 54 52 51 46 45 42 39 35 24
 7 -44 18 80 79 78 71 67 64 63 62 58 57 56 52 51 46 44 42 39 37
 9 -55 24 87 80 78 77 72 71 70 69 67 66 64 63 62 61 57 56 55 54 53 51 48 47 46 44
 10 -48 21 79 78 72 71 69 67 64 63 62 57 56 55 54 52 51 50 48 47 46 44 42
 8 -48 15 79 77 71 68 67 64 56 55 52 50 47 43 41 40 35
 7 -69 15 111 80 79 77 72 71 70 68 66 63 60 53 45 44 24
 2 -32 14 79 78 72 69 67 66 63 62 57 56 53 46 41 31
 4 -83 13 79 78 71 69 67 66 64 58 57 56 51 46 31
 2 -18 14 87 80 79 67 66 64 62 57 55 54 47 44 42 39
 10 -42 16 89 87 80 79 77 63 62 59 57 56 55 54 53 50 46 39
 7 -17 10 64 63 56 54 52 51 50 45 37 35
 10 -12 17 109 88 84 78 77 76 72 70 69 68 64 61 60 58 57 56 44
 7 -31 15 111 110 89 88 70 68 66 65 64 62 61 58 57 47 42
 1 -59 17 109 89 88 87 80 79 76 75 72 70 69 68 64 63 57 56 54
 5 -17 10 87 67 62 61 57 55 53 48 46 37
 4 -73 14 87 84 77 75 71 70 68 67 65 64 59 57 48 46
 4 -18 15 110 109 89 85 84 78 67 65 64 61 59 58 57 55 47
 7 -25 12 110 89 88 85 84 78 69 66 60 59 58 39
 9 -90 8 89 78 62 61 59 58 56 37
 9 -53 13 89 78 77 76 75 70 69 66 63 58 57 56 51
 3 -71 10 111 85 78 76 75 70 65 57 55 37
 2 -4 10 110 89 87 78 77 75 71 57 55 42
 5 -71 12 89 87 86 84 77 70 68 67 66 65 61 46
 1 -59 10 111 106 84 77 74 70 68 61 55 44
 2 -82 15 111 110 107 104 88 87 84 83 80 71 66 64 61 57 47
 7 -72 20 111 109 108 106 105 103 102 89 88 85 84 81 79 73 70 67 66 65 62 61
 4 -46 12 110 109 108 104 87 84 83 76 65 61 60 57
 7 -36 16 111 108 106 105 104 101 87 85 84 76 73 72 66 65 61 59
 8 -15 14 110 109 107 106 105 89 88 86 83 68 62 61 60 54
 9 -27 22 110 109 108 107 106 105 104 103 100 98 96 93 88 86 84 83 82 77 73 72 66 60
 7 -5 12 108 88 85 83 81 77 76 75 67 65 62 57
 3 -68 17 111 109 108 106 105 104 103 102 101 97 83 73 72 70 68 65 61
 9 -77 16 110 108 107 106 104 102 101 99 86 84 82 75 74 73 72 58
 9 -27 13 109 108 107 104 86 84 83 82 75 74 73 60 58
 2 -95 10 108 107 106 86 85 84 74 60 59 53
 2 -34 16 105 102 101 99 98 89 87 86 84 82 81 78 74 70 69 63
 8 -42 11 110 108 105 104 103 100 89 85 73 65 59
 7 -57 16 109 106 105 104 102 101 100 99 97 93 92 89 87 84 78 75
 3 -5 14 110 109 108 106 105 103 96 94 93 85 83 76 74 60
 2 -100 14 103 102 101 100 99 98 97 96 95 93 82 81 76 73
 10 -88 13 107 106 105 104 100 98 95 88 85 83 82 81 74
 6 -89 11 105 104 102 100 99 98 97 91 88 85 68
 8 -55 9 106 105 103 102 99 97 95 82 61
 5 -36 10 109 103 100 99 93 91 84 83 82 68
 7 -41 10 111 104 99 98 96 93 92 87 74 73
 1 -25 12 109 104 103 100 99 96 95 94 93 92 91 82
 6 -91 11 111 104 101 98 97 96 95 93 91 84 82
 4 -34 10 108 107 104 98 96 93 91 90 88 81
 2 -55 10 110 102 101 99 95 94 91 85 83 81
 4 -22 7 106 105 101 93 86 74 73
 2 -63 10 105 100 98 96 95 94 93 91 90 87
 4 -38 7 102 98 97 94 93 83 81
 8 -68 7 102 101 99 97 95 90 81
 8 0 6 100 94 93 91 90 75
 6 -79 6 100 96 94 93 92 74
 3 -42 6 108 106 97 93 90 73
 1 -36 5 100 96 93 82 73
 3 -95 6 107 99 96 95 94 82
 10 -5 5 97 95 94 91 90
 7 -86 5 104 100 98 92 90
 10 -17 4 96 95 90 81
 7 -77 4 93 92 91 90
 5 -34 3 107 93 90
 8 -84 3 92 91 90
 3 -97 2 94 81
 3 -69 2 94 91
 2 -9 2 97 90
 4 -45 2 98 96
 1 -19 2 92 91
 4 -21 2 91 90
 6 -27 2 108 94
 9 -17 2 93 90
 10 -42 2 99 98
 3 -88 1 92
 5 -79 1 90
 4 -88 1 90
 7 -82 1 90
 10 -43 1 90
 2 -32 1 95
 5 -62 1 103
 3 -44 1 101
 7 -32 1 95
 10 -84 1 112
 8 -54 1 112
 2 -27 1 112
 10 -31 1 112
 7 -65 1 112
 5 -58 1 112
 5 -35 1 112
 6 -74 1 112
 5 -7 1 112
 5 -19 1 112
 5 -14 1 112
 5 -55 1 112
 8 -88 1 112
 1 -46 1 112
 4 -12 1 112
 7 -46 1 112
 9 -41 1 112
 4 -95 1 112
 2 -81 1 112
 2 -20 1 112
 5 -69 1 112
 6 0 1 112
 0 27120 0
