112
 0 -35 7 2 3 4 5 6 7 11
 3 -33 6 23 18 16 13 12 8
 3 -49 6 19 17 16 14 10 9
 4 -98 7 35 25 21 19 16 15 14
 9 -82 6 25 19 18 17 16 15
 7 -2 6 35 33 21 15 14 13
 4 -52 7 35 25 23 22 21 19 14
 6 -85 6 35 33 22 21 17 14
 10 -8 6 33 29 28 24 20 18
 8 -61 5 35 33 28 25 15
 9 -66 5 33 29 25 21 14
 7 -75 3 35 19 14
 1 -51 8 40 39 30 29 28 27 25 24
 9 -31 5 30 28 26 24 20
 3 -73 4 26 24 22 20
 1 -70 8 46 39 38 33 32 29 27 26
 4 -78 7 39 32 31 29 28 27 26
 7 -72 5 39 35 31 26 22
 3 -94 7 38 36 32 31 30 29 28
 10 -66 8 46 42 41 40 39 34 32 27
 6 -73 2 44 24
 8 -10 9 46 44 43 42 40 38 37 34 30
 6 -49 5 46 40 34 30 27
 9 -96 8 46 42 41 38 37 36 34 32
 10 -6 7 46 43 42 38 37 32 31
 2 -82 8 52 51 50 48 43 41 40 34
 1 -36 4 49 44 37 36
 8 -57 6 49 46 44 43 42 37
 7 -37 5 51 50 48 41 34
 1 -91 7 59 56 52 51 50 49 41
 6 -51 7 59 56 52 51 49 44 41
 9 -14 7 59 55 51 50 49 48 45
 1 -99 5 56 52 47 43 42
 10 -5 5 59 56 49 47 45
 4 -54 4 51 47 45 42
 2 -46 3 51 47 43
 7 -98 5 59 55 52 50 48
 3 -25 5 64 59 54 53 47
 1 -86 5 59 58 55 54 45
 10 -75 4 58 55 54 45
 8 -76 3 67 47 45
 10 -18 7 65 64 59 58 57 54 53
 10 -27 3 59 54 45
 4 -29 8 65 64 61 60 58 57 55 54
 3 -59 8 70 66 65 64 62 61 57 53
 1 -13 8 70 66 65 62 61 57 55 53
 6 -87 7 65 62 61 60 58 57 55
 4 -18 7 74 65 64 61 60 56 54
 10 -8 8 74 70 66 65 63 61 57 54
 1 -33 5 74 65 62 58 57
 8 -13 6 74 70 65 62 61 57
 10 -82 4 74 73 70 54
 3 -5 3 74 63 60
 3 -68 4 79 76 67 62
 8 -35 4 74 73 68 63
 3 -5 4 79 70 66 62
 8 -21 7 79 76 75 73 72 69 68
 2 -49 5 76 73 70 69 66
 9 -42 2 68 61
 10 -6 5 79 76 75 69 68
 8 -24 6 81 79 75 73 71 69
 4 -61 5 81 75 72 69 68
 4 -6 5 76 75 72 71 69
 3 -31 5 79 78 76 73 68
 10 -32 4 76 75 69 68
 6 -26 7 87 82 81 78 77 75 72
 5 -33 5 88 81 80 78 71
 1 -82 3 88 80 71
 10 -80 9 90 89 88 87 85 83 82 80 78
 3 -88 9 90 89 88 85 83 82 80 78 77
 7 -79 7 90 89 87 85 83 82 77
 2 -21 7 91 89 88 85 84 83 80
 7 -20 5 89 87 83 80 77
 8 -38 3 89 83 77
 5 -48 5 90 89 86 85 84
 6 -76 5 97 91 87 84 81
 8 -4 6 100 97 95 92 91 86
 4 -10 5 97 93 92 91 84
 1 -19 8 111 104 103 100 97 95 93 92
 2 -13 5 103 100 95 92 86
 6 -41 5 111 103 100 96 86
 2 -71 4 99 97 93 84
 1 -47 5 104 103 97 93 92
 5 -74 6 103 102 100 96 95 94
 9 -19 5 102 99 97 96 94
 9 -43 4 104 102 99 93
 2 -37 4 103 99 96 93
 8 -34 6 103 102 101 100 99 96
 6 -54 2 98 92
 7 -35 3 102 96 94
 3 -98 8 111 110 109 108 107 103 102 101
 5 -68 5 108 102 101 99 96
 3 -14 2 110 94
 7 -52 4 108 107 101 98
 5 -87 5 109 108 107 106 105
 6 -29 4 110 107 106 105
 4 -12 4 108 107 106 105
 3 -66 3 109 106 105
 2 -23 2 107 105
 6 -97 2 109 108
 2 -57 1 105
 7 -43 1 105
 4 -28 1 106
 10 -3 1 105
 2 -91 1 112
 5 -89 1 112
 9 -78 1 112
 5 -64 1 112
 5 -29 1 112
 4 -32 1 112
 1 -24 1 112
 0 26475 0
