112
 0 -83 11 2 3 4 5 8 9 11 12 13 14 17
 6 -53 6 26 25 21 18 16 10
 4 -73 5 22 21 18 15 10
 3 -7 7 29 28 25 22 21 20 19
 6 -66 1 6
 4 -6 3 25 21 7
 9 -37 3 26 23 15
 3 -38 6 44 31 29 26 23 21
 6 -87 6 44 31 29 26 23 21
 5 -1 5 44 31 29 28 20
 8 -24 5 44 31 29 26 20
 8 -27 4 44 28 23 19
 1 -68 2 26 15
 4 -100 3 29 28 18
 9 -3 7 45 44 31 29 28 27 24
 2 -61 5 44 31 29 24 23
 7 -49 5 44 29 28 24 23
 1 -14 4 44 42 24 23
 5 -6 4 31 27 26 24
 5 -31 3 42 24 23
 5 -96 3 45 27 24
 8 0 3 44 27 26
 2 -29 5 45 38 35 34 27
 9 0 7 41 40 38 35 34 33 30
 4 -14 7 45 44 41 35 34 31 30
 2 -81 7 45 43 42 41 40 35 30
 1 -11 4 41 40 33 30
 9 -25 7 50 46 43 42 39 37 36
 2 -58 7 56 50 48 46 42 41 36
 8 -39 4 49 46 36 32
 1 0 4 49 46 36 32
 8 -93 6 54 51 50 48 47 39
 2 -54 3 52 43 37
 7 -67 3 52 43 37
 6 -93 5 52 51 50 49 46
 9 -64 5 58 57 54 53 47
 6 -59 5 58 56 53 51 49
 3 -9 4 56 52 51 43
 8 -31 5 58 57 56 55 53
 8 -12 5 57 55 54 53 52
 7 -43 3 53 52 49
 6 -15 4 58 55 53 51
 9 -89 4 65 58 57 55
 6 -33 4 61 59 57 53
 5 -100 6 74 61 60 59 58 57
 5 -75 3 61 57 53
 3 -32 2 55 52
 5 -43 2 55 52
 5 -25 2 57 55
 2 -47 5 74 62 61 60 59
 5 -43 5 74 71 62 60 59
 4 -51 4 65 62 61 59
 5 -5 6 74 71 66 65 64 60
 4 -1 4 74 71 62 60
 5 -83 3 74 61 59
 8 -98 3 71 66 59
 4 -28 5 78 75 71 63 62
 6 -26 5 78 75 71 63 62
 9 -20 6 78 75 69 68 64 63
 3 -75 5 78 75 69 68 63
 10 -51 8 78 75 73 71 69 68 66 64
 3 -78 5 73 69 67 66 64
 10 -98 6 79 77 73 72 70 67
 10 -21 10 88 87 86 83 82 81 80 79 77 76
 10 -2 7 90 87 85 83 82 77 72
 6 -16 8 94 92 90 87 86 85 82 80
 10 -32 6 90 87 85 83 80 76
 9 -36 6 91 88 86 83 81 80
 4 -12 6 111 93 87 83 82 81
 6 -35 5 94 90 88 82 80
 10 -14 5 88 84 83 82 79
 2 -75 5 94 92 88 86 80
 3 -50 6 94 92 91 88 86 84
 9 -25 4 90 89 88 76
 1 -77 7 111 98 97 94 92 91 84
 8 -30 9 111 108 98 97 96 95 94 93 91
 5 -18 7 111 98 97 96 94 92 91
 6 -25 4 92 91 90 84
 2 -15 6 111 98 97 95 91 89
 8 -61 4 98 97 93 84
 1 -6 3 94 90 89
 9 -83 3 97 91 89
 9 -81 6 110 107 105 98 94 92
 8 -6 4 104 101 95 89
 6 -95 10 111 108 106 105 104 103 102 101 99 96
 3 -50 7 109 108 105 103 98 96 95
 8 -73 7 108 106 105 104 98 96 95
 2 -94 9 111 109 108 107 105 104 103 100 97
 8 -13 8 109 108 106 105 103 102 99 96
 9 -62 7 109 107 105 103 102 99 97
 6 -85 6 106 105 104 103 101 99
 7 -62 4 108 104 103 95
 5 -10 6 106 104 103 102 101 100
 3 0 3 109 104 102
 6 -3 2 102 99
 6 -68 2 110 107
 8 -26 2 106 101
 4 -35 2 101 100
 10 -97 1 100
 3 -18 1 112
 3 -32 1 112
 4 -32 1 112
 6 -38 1 112
 1 -88 1 112
 7 -5 1 112
 2 -76 1 112
 6 -50 1 112
 3 -66 1 112
 1 -83 1 112
 2 -39 1 112
 10 -17 1 112
 0 24325 0
