112
 0 -92 29 2 3 4 5 6 7 8 9 10 11 12 13 14 15 16 17 18 19 24 27 28 29 30 35 36 37 38 41 46
 4 -44 14 68 63 61 56 55 53 52 51 44 42 39 32 25 23
 5 -42 12 63 58 53 50 49 47 45 44 39 34 23 21
 7 -44 10 61 60 54 48 45 43 39 34 25 20
 10 -23 10 73 55 54 43 42 40 39 33 31 22
 5 -92 10 73 67 63 61 45 43 42 40 34 20
 5 -2 12 73 68 67 61 60 56 51 48 45 43 42 25
 3 -33 16 73 72 67 65 61 60 57 56 54 51 49 48 47 45 40 33
 7 -82 11 67 65 64 58 54 52 51 44 40 33 26
 6 -15 17 76 73 69 68 67 65 64 58 57 56 53 52 51 50 48 42 40
 7 -27 10 68 65 63 56 53 51 45 42 39 25
 8 -98 15 75 69 68 67 65 64 63 60 56 51 50 48 47 42 40
 5 -20 7 87 68 64 60 55 39 25
 7 -97 14 79 73 72 71 65 64 60 56 54 53 51 50 49 33
 4 -55 18 110 109 108 79 76 73 72 71 69 68 64 63 59 57 55 51 50 44
 2 -27 9 87 69 68 62 60 50 47 39 34
 2 -88 23 111 110 109 87 85 84 76 75 73 72 71 66 65 64 61 59 58 57 56 55 53 51 50
 9 -34 16 109 84 76 75 73 70 69 68 66 64 62 60 57 56 51 39
 8 -51 14 108 87 76 75 72 70 68 62 60 58 51 49 47 40
 6 -72 8 79 64 58 51 50 49 44 33
 8 -64 24 111 110 109 108 87 86 84 79 78 77 76 75 74 71 68 67 66 65 62 60 59 57 56 54
 10 -56 19 111 103 85 79 78 77 76 74 72 69 68 67 62 61 60 56 51 49 48
 5 -1 13 106 86 78 77 76 73 69 64 62 60 54 48 40
 6 -46 13 110 109 108 86 72 71 63 61 59 56 53 50 44
 8 -9 11 108 106 86 76 75 74 69 62 57 50 40
 6 -49 18 111 110 109 108 86 84 79 76 74 73 71 68 66 62 59 56 53 50
 3 -91 12 108 87 86 78 76 74 70 67 64 60 53 40
 4 -94 14 111 110 109 108 84 78 76 72 69 68 62 60 51 47
 10 -63 13 110 108 105 85 78 76 75 71 70 62 56 51 47
 3 -62 16 111 110 108 104 96 85 84 78 76 75 72 70 60 59 57 56
 1 -58 17 111 109 108 107 90 87 85 84 80 79 75 74 71 70 68 62 59
 3 -86 12 108 104 97 84 78 77 76 72 65 59 58 49
 2 -10 18 111 110 108 106 102 96 86 85 84 82 78 77 76 75 69 68 66 62
 5 -17 15 109 108 105 103 99 98 85 84 82 79 78 70 64 56 51
 2 -34 14 111 109 107 103 101 85 78 77 76 65 62 60 59 51
 2 -75 14 110 108 106 103 84 77 74 72 67 64 62 60 59 57
 7 -29 13 111 109 105 99 87 84 79 78 73 70 62 56 53
 10 -60 15 111 110 109 108 107 106 105 102 85 84 82 79 75 72 50
 8 -10 18 111 110 108 106 103 100 99 90 86 80 79 78 77 74 72 71 67 59
 7 -2 15 111 110 109 107 100 99 91 85 84 83 82 79 71 66 59
 10 -46 14 111 107 106 103 102 101 97 80 79 78 77 72 62 60
 7 -15 13 107 106 103 99 97 90 80 77 74 72 71 62 59
 2 -87 10 108 107 106 105 84 80 76 70 64 53
 3 -40 12 111 106 105 102 100 99 87 85 84 75 74 66
 4 -18 18 109 108 107 105 102 101 100 99 98 96 95 87 85 82 80 79 76 70
 9 -94 15 108 106 104 102 100 99 98 96 94 85 82 78 76 70 66
 1 -39 12 106 104 103 102 101 100 99 95 79 77 74 66
 1 -91 15 108 105 104 101 100 99 98 97 94 92 90 87 84 82 81
 2 -14 12 110 109 107 106 102 101 100 99 98 96 94 66
 1 -36 12 104 103 99 97 96 95 94 92 90 80 78 70
 2 -76 12 104 102 97 96 95 94 93 91 90 86 83 80
 2 -80 7 110 109 104 99 96 94 59
 1 -12 12 103 102 98 97 96 95 94 93 92 90 83 82
 4 -20 11 107 104 103 102 96 95 92 91 88 85 81
 8 -28 9 105 103 100 98 97 92 91 83 80
 2 -49 9 107 106 97 95 93 91 90 88 80
 2 -75 8 107 105 101 94 92 90 82 80
 8 -38 6 103 101 100 90 89 74
 3 -83 8 105 102 98 95 93 92 88 81
 9 -4 8 100 99 98 95 92 90 89 82
 10 -33 8 107 98 95 94 93 91 90 88
 7 -70 7 104 100 98 94 93 92 83
 7 -73 7 106 101 91 90 89 88 84
 5 -95 7 101 100 95 94 93 89 88
 6 -71 6 106 98 96 93 90 83
 1 -90 5 93 92 90 88 80
 6 -97 6 104 101 97 96 94 88
 10 -49 5 105 104 99 91 81
 1 -53 5 99 91 90 88 81
 2 -80 3 93 81 77
 7 -22 5 96 95 92 89 88
 2 -57 5 93 92 91 89 88
 8 -86 5 103 101 90 89 88
 7 -61 4 96 94 91 82
 1 -28 3 103 101 83
 1 -89 3 90 89 88
 6 -53 2 91 88
 1 -84 2 89 88
 6 -32 2 94 93
 5 -98 1 81
 8 -42 1 89
 3 -46 1 88
 7 -73 1 88
 2 -79 1 95
 8 -6 1 97
 4 -37 1 92
 8 -39 1 91
 3 0 1 112
 4 -68 1 112
 9 -23 1 112
 6 -51 1 112
 9 -86 1 112
 8 -74 1 112
 10 -100 1 112
 1 -39 1 112
 10 -93 1 112
 10 -47 1 112
 2 -89 1 112
 8 -19 1 112
 2 -18 1 112
 6 -19 1 112
 1 -64 1 112
 3 -6 1 112
 8 -35 1 112
 9 -74 1 112
 9 -94 1 112
 1 -95 1 112
 6 -96 1 112
 7 -48 1 112
 6 -95 1 112
 6 -71 1 112
 0 29730 0
