112
 0 -76 8 2 4 5 6 7 9 13 14
 10 -17 2 11 3
 9 -98 6 23 21 18 15 10 8
 7 -2 6 23 21 18 15 12 11
 3 -83 5 23 21 16 12 11
 7 -21 5 23 20 19 17 15
 2 -79 6 28 27 23 20 18 17
 3 -10 4 27 22 19 16
 5 -18 4 27 20 19 16
 4 -65 5 29 27 22 20 16
 10 -18 5 29 27 22 20 17
 1 -81 4 27 25 24 19
 1 -49 4 26 25 24 19
 2 -84 3 28 27 18
 1 -38 4 29 28 25 22
 2 -12 2 26 17
 8 -80 4 40 30 25 24
 5 -78 3 40 25 22
 8 -2 5 40 35 31 29 28
 8 -97 5 40 33 32 31 26
 6 -44 3 40 29 24
 2 -70 1 24
 1 -63 1 24
 8 -71 5 45 35 34 33 32
 8 -51 5 38 35 33 32 31
 9 -94 6 45 41 37 36 35 30
 7 -39 6 43 40 37 34 33 30
 2 -70 5 43 37 34 33 30
 5 -14 8 56 48 47 45 41 39 37 36
 6 -49 7 56 51 48 47 46 39 38
 8 0 8 56 53 49 48 46 44 41 37
 1 -40 7 56 52 51 50 48 46 39
 8 -30 5 51 48 47 41 36
 4 -41 5 56 53 51 46 38
 1 -81 4 55 44 43 42
 9 -5 4 53 50 46 44
 5 -12 9 69 66 63 62 59 57 55 51 50
 4 -4 5 59 55 52 50 44
 5 -93 4 59 53 49 44
 1 -66 9 69 67 63 62 59 57 55 53 50
 7 -77 6 67 62 57 55 52 50
 4 -56 6 68 66 63 57 56 51
 5 -84 7 69 67 65 62 59 57 50
 6 -70 8 69 68 67 66 65 62 57 54
 1 -66 4 67 57 52 50
 5 -69 10 74 68 67 66 63 62 61 60 58 55
 4 -31 6 74 67 63 59 55 54
 9 -97 6 69 67 66 65 62 54
 2 -17 7 69 68 67 63 61 60 58
 9 -63 2 74 54
 6 -22 2 67 54
 5 -38 6 73 71 69 68 66 60
 7 -99 7 85 82 75 74 71 65 61
 5 -40 3 61 60 58
 7 -10 8 85 82 79 75 73 71 65 64
 9 -10 8 85 82 79 73 71 69 65 64
 6 -60 5 85 82 74 71 61
 8 -48 6 82 79 75 73 71 64
 5 -70 5 79 73 71 68 64
 8 -99 4 85 79 78 64
 8 -78 3 79 73 64
 6 -61 6 87 82 75 73 72 71
 2 -89 5 87 77 73 72 70
 3 -69 5 87 81 77 72 70
 1 -47 6 99 87 83 78 77 72
 3 -23 6 99 87 83 78 75 72
 6 -13 5 87 83 82 72 71
 2 -19 5 99 82 78 72 70
 6 -52 4 99 78 77 76
 2 -83 5 94 84 83 80 76
 6 -94 3 84 77 76
 2 -19 4 94 84 80 76
 5 -91 4 99 83 80 78
 10 -47 4 94 87 80 76
 3 -50 4 94 89 88 80
 3 -33 10 111 103 102 97 95 93 91 89 88 86
 1 -94 3 94 90 80
 4 -97 7 103 102 97 95 90 86 84
 2 -69 6 99 97 91 90 86 83
 9 -47 10 111 103 102 97 96 95 93 92 91 86
 4 -27 8 111 103 102 99 95 94 90 89
 8 -28 6 111 96 95 94 92 86
 1 -73 7 111 109 102 101 100 96 95
 2 -64 4 111 98 93 89
 3 -66 5 111 108 101 100 92
 4 -40 5 108 107 101 100 98
 3 -98 4 110 106 96 95
 10 -1 1 90
 10 -18 4 109 105 100 96
 9 -43 3 106 96 92
 8 -68 3 108 100 98
 2 -82 4 109 107 105 104
 4 -69 4 110 109 105 104
 4 -2 3 109 104 100
 5 -58 2 107 98
 10 -24 3 108 107 104
 6 -92 1 98
 5 -18 2 105 104
 7 -84 2 105 104
 8 -2 1 106
 9 -5 1 110
 3 -71 1 110
 5 -41 1 106
 8 -21 1 112
 1 -92 1 112
 9 -61 1 112
 3 -3 1 112
 7 -28 1 112
 2 -21 1 112
 5 -98 1 112
 5 -23 1 112
 0 28335 0
