112
 0 -92 6 2 4 5 8 10 11
 7 -76 4 19 9 7 3
 9 -19 3 16 12 6
 6 -37 7 23 21 19 17 16 15 12
 5 -96 5 24 17 15 13 12
 5 -68 6 24 23 20 17 15 13
 9 -47 6 23 22 21 20 16 14
 2 -48 4 24 23 17 12
 3 -13 5 30 26 24 20 15
 3 -93 6 30 26 23 22 21 17
 8 -47 5 26 25 23 21 15
 4 -50 6 36 30 27 26 22 20
 7 -31 5 41 29 26 25 21
 2 -7 6 36 31 29 28 27 25
 1 -77 2 36 18
 9 -71 7 43 37 36 35 32 26 24
 2 -15 8 47 43 41 37 32 31 29 25
 7 -98 4 49 35 27 22
 7 -53 6 49 41 37 34 28 26
 10 -27 5 49 47 37 29 28
 9 -40 3 36 28 27
 9 -79 7 50 47 41 39 37 34 28
 8 -93 9 51 47 43 40 39 37 36 33 32
 8 -61 3 47 31 25
 4 -15 8 51 50 49 44 40 39 34 33
 5 -93 6 51 50 47 44 39 31
 4 -57 7 51 47 44 40 39 38 37
 4 -59 6 54 51 43 40 33 32
 4 -91 6 51 50 45 44 35 34
 2 -76 5 53 51 50 43 38
 9 -80 2 45 33
 10 -79 3 53 44 38
 5 -97 2 53 38
 6 -97 6 65 57 54 53 48 46
 10 -67 4 65 54 46 42
 8 -70 4 65 50 49 42
 10 -32 5 65 57 54 48 46
 9 -6 3 65 46 42
 6 -23 3 57 52 45
 1 -40 5 65 57 53 52 48
 1 -100 3 57 46 44
 9 -42 4 57 56 52 48
 5 -49 6 69 61 59 56 55 52
 1 -23 6 69 65 61 58 55 52
 8 -3 6 65 62 60 56 55 54
 4 -73 5 69 61 56 55 52
 7 -2 4 61 56 55 52
 9 -81 9 71 69 68 67 66 62 61 59 55
 10 -25 3 61 55 52
 2 -31 9 78 76 71 69 67 62 61 58 57
 2 -38 7 72 71 67 64 62 61 56
 3 -86 10 78 76 71 70 68 67 64 63 62 60
 2 -49 8 78 75 71 70 69 66 59 58
 4 -56 7 78 72 69 64 61 59 58
 6 -95 7 78 76 75 72 70 64 63
 4 -66 5 76 75 70 66 58
 1 -59 5 75 72 68 66 64
 2 -30 3 74 68 63
 2 -98 7 85 83 82 80 77 76 74
 9 -17 4 85 79 75 66
 1 -73 5 85 77 75 74 73
 3 -25 5 85 80 77 74 73
 8 -95 6 85 81 80 79 77 73
 5 -7 6 87 85 83 82 77 74
 6 -69 4 81 77 73 68
 9 -77 7 91 88 84 83 82 80 77
 10 -85 7 88 87 85 84 82 81 77
 9 -33 5 95 87 85 82 79
 7 -20 5 91 89 80 79 77
 7 -17 5 88 85 84 82 80
 9 -62 7 95 90 88 87 86 85 84
 9 -21 4 95 85 81 80
 8 -94 6 95 89 88 87 84 82
 3 -50 3 95 81 79
 3 -23 3 89 87 81
 8 -24 3 91 87 81
 3 -95 5 102 101 95 90 86
 7 -51 4 91 87 86 84
 4 -30 3 88 86 84
 10 -14 6 102 101 99 92 90 87
 8 -32 4 102 101 90 86
 3 -54 4 102 101 90 86
 6 -11 3 90 89 86
 3 -36 6 108 101 99 97 93 92
 7 -52 4 102 101 91 89
 3 -17 5 111 108 99 93 92
 5 -9 5 108 100 97 94 93
 7 -68 8 109 107 106 105 102 101 99 98
 4 -81 4 111 97 96 93
 9 -51 5 111 110 108 97 94
 1 -42 5 110 108 104 97 94
 2 -12 4 109 100 98 94
 9 -58 7 110 109 107 106 105 104 103
 9 -37 2 105 96
 6 -90 3 107 105 104
 10 -28 2 106 103
 4 -81 2 107 105
 1 -90 2 104 103
 10 -49 2 104 103
 6 -60 1 104
 8 -59 1 111
 6 -26 1 108
 6 -20 1 112
 5 -62 1 112
 1 -92 1 112
 1 -32 1 112
 4 0 1 112
 9 -27 1 112
 9 -30 1 112
 3 -8 1 112
 10 -75 1 112
 0 28485 0
