112
 0 -58 10 2 3 4 5 6 7 9 10 11 13
 2 -88 7 25 23 21 16 15 14 8
 7 -92 8 30 28 25 23 21 19 17 12
 6 -37 7 26 25 23 21 19 18 12
 10 -31 6 28 25 23 22 19 12
 1 -84 7 34 32 26 23 19 18 15
 2 -29 6 24 23 21 19 18 14
 3 -55 6 30 28 27 26 19 12
 6 -42 5 28 27 21 19 12
 10 -45 5 32 31 24 23 19
 1 -29 6 36 32 27 26 25 19
 3 -61 5 42 32 31 24 20
 4 -17 5 34 31 28 25 19
 8 -56 8 44 42 41 36 34 30 28 27
 3 -92 5 42 36 31 28 20
 5 -18 6 42 35 34 30 29 26
 2 -35 3 42 26 20
 10 -13 3 36 30 20
 8 -65 2 42 20
 3 -99 6 43 41 38 35 33 29
 8 -31 6 43 41 35 33 32 29
 8 -20 6 44 42 41 37 35 30
 1 -12 5 44 41 38 37 27
 10 -85 7 46 41 38 37 36 34 33
 1 -93 8 52 45 44 43 42 41 40 38
 10 -1 4 46 40 37 31
 9 -79 4 46 43 35 33
 2 -35 4 45 38 37 35
 2 -45 5 50 48 45 44 37
 6 -38 3 50 43 33
 5 0 6 52 48 47 45 43 41
 3 -6 5 52 46 45 40 39
 3 -15 4 52 45 40 39
 3 -92 4 52 51 43 40
 10 -53 4 56 51 50 40
 4 -64 3 50 45 39
 1 -89 3 56 52 39
 2 -79 2 48 39
 4 -69 3 66 54 47
 1 -90 3 54 48 47
 10 -2 3 58 50 49
 5 -89 3 66 54 48
 5 -57 5 66 59 58 56 49
 3 -43 2 58 46
 8 -51 7 64 58 57 56 55 53 51
 3 -88 7 64 63 59 57 55 53 51
 1 -5 3 59 58 49
 3 -66 2 58 49
 9 -92 9 74 71 65 64 63 61 57 55 53
 8 -63 7 71 69 66 65 61 55 54
 10 -99 8 74 71 68 66 65 62 61 60
 1 -82 7 72 71 64 63 61 60 57
 2 -62 6 73 72 68 67 62 60
 2 -58 5 74 73 67 63 59
 10 -13 4 75 68 67 62
 3 -15 4 71 68 67 62
 6 -55 5 89 75 73 68 67
 2 -18 4 76 75 69 63
 3 -82 7 89 85 78 75 72 70 68
 3 -22 7 89 80 79 78 76 75 69
 4 -94 4 89 78 70 67
 1 -13 6 89 85 78 77 76 70
 6 -49 4 89 85 78 68
 8 -75 7 89 86 83 80 79 78 77
 9 -19 6 89 88 83 81 76 73
 5 -10 4 89 86 75 72
 7 -60 7 86 85 83 82 79 77 76
 8 -64 6 86 84 83 80 79 77
 4 -37 6 91 86 85 83 82 77
 6 -32 7 88 86 84 83 81 80 79
 9 -52 5 89 86 80 79 77
 6 -93 4 84 83 79 77
 6 -40 3 86 80 78
 4 -81 7 91 90 89 88 87 86 84
 6 -40 4 91 88 83 82
 3 -9 5 111 91 90 87 84
 10 -97 4 93 88 87 81
 4 -28 3 101 87 82
 5 -12 6 111 99 92 91 90 87
 5 -1 5 111 99 92 91 87
 10 -96 8 111 109 102 101 99 94 92 90
 9 -59 3 111 90 84
 6 -42 4 111 108 99 87
 1 -88 7 110 109 102 100 96 93 92
 5 -35 5 109 97 95 93 90
 4 -44 6 111 109 108 96 94 93
 2 -3 6 110 109 100 96 95 94
 6 -55 6 111 110 109 105 100 95
 1 -3 6 108 106 105 101 99 95
 4 -15 6 110 108 107 105 100 98
 2 -9 5 109 108 107 101 98
 4 -70 3 106 105 95
 5 -9 5 107 106 105 104 99
 6 -25 3 106 98 97
 9 -41 3 107 103 98
 10 -42 2 105 98
 8 -72 2 105 103
 7 -7 1 104
 4 -53 1 103
 4 -90 1 106
 3 -90 1 103
 7 -37 1 108
 9 -80 1 112
 10 -1 1 112
 10 -15 1 112
 9 -68 1 112
 8 -29 1 112
 6 -24 1 112
 5 -6 1 112
 9 -78 1 112
 9 -56 1 112
 0 26760 0
