112
 0 -19 8 2 3 4 5 6 7 11 15
 9 -7 7 25 22 19 17 16 12 8
 10 -75 8 32 25 22 21 19 17 14 13
 3 -89 6 25 22 18 14 10 9
 9 -50 6 32 27 26 25 19 17
 2 -39 5 32 26 19 17 14
 10 -20 5 32 27 26 22 17
 7 -16 3 32 26 14
 2 -65 5 32 28 27 23 20
 4 -57 5 32 28 27 21 20
 4 -21 5 32 28 27 23 20
 10 -47 4 32 28 23 20
 7 -50 6 34 29 28 27 26 23
 1 -51 3 27 23 20
 9 -39 3 28 25 20
 4 -62 5 30 29 28 24 23
 6 -18 3 37 28 20
 2 -24 2 23 20
 4 -18 5 34 33 30 29 23
 7 -2 5 43 35 30 29 24
 10 -56 9 43 41 37 36 35 34 33 31 29
 8 -96 8 43 40 36 35 34 33 31 30
 9 -92 11 49 44 43 41 40 39 38 37 36 35 31
 1 -56 8 44 41 40 38 36 34 33 31
 10 -68 5 41 37 36 34 29
 9 -60 6 49 43 40 39 36 30
 9 -74 3 36 33 30
 4 -89 7 57 54 50 44 43 42 38
 7 -99 6 50 44 42 40 39 38
 5 -43 6 57 51 50 44 41 38
 5 -29 7 56 54 53 52 50 48 46
 1 -42 5 61 57 55 49 39
 9 -100 4 54 49 42 39
 5 -33 5 61 52 49 47 45
 4 -61 5 61 55 54 47 42
 1 -75 8 64 62 59 57 56 55 53 50
 10 -29 7 64 59 57 56 53 52 50
 10 -67 4 53 52 46 45
 4 -47 3 51 47 45
 2 -85 4 67 56 48 46
 4 -54 6 67 59 58 54 53 52
 1 -70 5 67 60 59 56 48
 7 -14 5 64 60 59 55 51
 6 -22 5 67 64 62 60 56
 1 -51 5 67 65 64 60 59
 7 -46 4 62 60 59 58
 5 -100 3 64 56 53
 10 -20 2 64 51
 9 -81 2 56 51
 4 -28 6 74 73 68 67 63 61
 1 -42 3 63 62 58
 9 -71 3 63 60 55
 7 -69 5 73 71 66 65 60
 8 -77 5 73 68 65 64 63
 8 -95 8 78 74 73 71 69 68 66 65
 2 -74 6 73 71 69 68 65 63
 4 -95 6 74 73 71 68 65 63
 6 -77 6 78 74 73 71 68 66
 3 -2 3 73 68 63
 5 -6 7 83 78 76 74 70 69 68
 2 -38 5 78 71 70 69 65
 10 -59 4 78 69 66 65
 8 -100 4 78 75 72 66
 2 -52 4 78 74 71 70
 6 -17 8 83 82 81 80 79 77 76 75
 4 -40 3 79 76 70
 6 -4 3 79 76 70
 9 -42 4 82 79 75 72
 4 -11 3 82 77 72
 1 -43 6 85 84 82 81 80 77
 5 -2 7 94 92 90 85 83 81 75
 3 -64 6 90 88 85 84 81 80
 9 -17 5 88 84 83 82 80
 7 -52 7 97 95 92 89 88 86 79
 6 -75 9 103 97 95 93 91 89 88 87 86
 5 -25 7 103 98 92 91 90 88 85
 6 -43 7 103 101 97 92 89 88 87
 5 -85 9 102 101 98 97 96 95 93 92 89
 8 -60 8 103 101 99 96 93 91 90 87
 5 -65 6 102 94 93 91 87 86
 3 -20 7 102 98 97 95 93 91 89
 7 -80 5 97 96 90 89 87
 7 -91 5 100 99 96 95 93
 7 -82 4 103 101 98 92
 2 -72 6 111 110 102 101 100 95
 10 -30 5 106 105 101 99 96
 2 -73 6 110 106 105 104 100 98
 3 -10 3 108 102 96
 3 -28 7 111 110 109 108 106 105 104
 4 -57 6 111 110 109 108 106 102
 6 -71 5 111 110 105 104 100
 1 -9 3 106 100 99
 2 -47 6 111 110 109 108 105 104
 6 -38 4 106 105 104 100
 8 -67 5 109 108 106 105 104
 7 -86 4 111 110 109 104
 2 -96 2 106 99
 7 -62 4 111 109 108 107
 5 -50 2 110 104
 3 -83 2 109 108
 2 -24 2 108 107
 6 -40 1 105
 1 -80 1 104
 7 -27 1 107
 9 -17 1 107
 7 -47 1 107
 7 -2 1 112
 9 -58 1 112
 9 -39 1 112
 1 -94 1 112
 6 -26 1 112
 0 28320 0
