112
 0 -70 9 2 3 4 5 7 9 10 11 12
 7 -14 4 20 17 14 6
 8 -80 3 15 13 8
 9 -32 4 23 16 15 13
 4 -51 1 6
 4 -46 4 29 23 19 13
 1 -53 6 32 29 24 21 19 18
 9 -89 4 32 21 18 17
 7 -54 3 23 19 13
 5 -43 5 29 24 23 21 18
 1 -12 5 32 24 21 19 18
 7 -59 2 29 13
 3 -99 6 36 32 28 27 24 18
 4 -63 8 36 30 29 27 26 24 23 22
 3 -6 4 36 32 27 18
 2 -18 6 35 30 26 25 22 21
 6 -86 4 36 26 24 19
 6 -76 5 35 30 26 25 22
 2 -77 3 30 28 22
 4 -90 6 37 35 34 33 30 27
 1 -64 4 36 33 31 27
 7 -61 5 39 38 37 34 33
 4 -53 3 41 38 28
 9 -21 5 43 41 40 35 34
 1 -30 2 33 31
 2 -55 4 46 39 38 33
 9 -91 5 51 46 41 39 38
 4 -46 2 42 31
 8 -1 6 51 46 42 41 40 39
 10 -1 5 51 46 44 41 38
 7 -79 6 54 51 46 43 40 39
 3 -40 5 46 43 42 41 40
 3 -1 3 42 41 40
 2 -60 6 54 51 50 46 44 42
 6 -17 4 54 46 45 39
 2 -11 4 54 45 40 39
 7 -58 5 51 50 49 44 42
 7 -97 5 61 50 49 43 42
 3 -5 6 59 52 50 49 48 44
 4 -93 5 59 52 50 49 44
 2 -24 8 62 61 59 55 54 52 48 47
 8 -62 2 48 45
 9 -87 1 45
 9 -13 6 62 61 58 55 53 47
 1 -66 5 62 59 55 52 47
 2 -1 4 62 55 48 47
 4 -94 6 65 64 63 60 57 56
 3 -91 6 65 64 60 58 57 53
 5 -14 10 77 72 71 70 68 67 66 65 63 62
 1 -69 6 77 70 68 65 58 53
 5 -73 6 77 73 71 67 65 57
 4 -69 6 77 74 70 68 66 58
 4 -79 6 80 74 72 71 69 66
 9 -94 6 77 74 68 67 64 63
 4 -9 7 78 77 76 74 72 67 64
 4 -32 5 77 74 73 70 67
 9 -48 6 86 76 74 72 69 68
 2 -6 6 81 78 76 75 72 67
 3 -24 3 69 68 67
 6 -60 7 88 83 81 79 77 76 71
 9 -3 6 83 81 80 76 74 71
 6 -55 2 73 64
 10 -25 9 88 86 85 83 81 79 78 75 73
 4 -18 10 88 86 85 84 83 82 81 80 79 75
 8 -33 9 85 83 82 81 80 79 78 75 74
 6 -90 8 88 86 85 83 79 78 76 73
 9 -48 8 88 86 85 84 83 82 80 79
 5 -99 8 88 85 84 83 81 80 79 78
 4 -4 8 85 84 83 82 81 79 78 75
 6 -61 7 88 83 81 79 78 76 75
 4 -71 5 85 84 82 78 75
 10 -61 6 96 91 87 85 83 82
 2 -52 5 96 90 87 84 82
 10 -60 10 109 101 97 96 94 93 91 90 88 87
 9 -93 9 110 101 96 94 93 91 90 89 87
 10 0 9 111 110 109 101 100 97 93 91 87
 4 -39 9 111 108 101 100 96 92 91 90 89
 9 -1 8 111 110 109 101 100 97 91 87
 9 -39 11 110 109 108 107 101 100 98 97 96 95 93
 6 -72 4 111 91 89 87
 7 -25 7 110 101 100 98 96 95 89
 6 -75 5 108 98 94 93 89
 9 -29 6 108 101 98 94 93 90
 2 -22 5 111 110 106 91 89
 5 -66 5 110 107 98 97 92
 4 0 7 110 108 107 106 99 97 96
 3 -60 4 108 107 98 92
 4 -100 4 110 107 98 92
 9 -76 5 109 107 105 104 97
 4 -14 3 105 99 95
 2 -28 3 103 102 98
 10 -37 2 105 95
 4 0 4 106 104 103 102
 3 -94 3 111 103 100
 2 -81 3 106 103 102
 6 -47 3 105 104 102
 2 -74 2 103 102
 3 -1 1 99
 5 -50 1 104
 10 -83 1 102
 4 -40 1 105
 10 -42 1 112
 10 -54 1 112
 1 -76 1 112
 5 -43 1 112
 4 -47 1 112
 2 -62 1 112
 2 -79 1 112
 2 -40 1 112
 9 -21 1 112
 1 -2 1 112
 0 27045 0
