122
 0 -91 10 2 3 4 5 6 7 9 10 11 12
 10 -37 10 26 23 22 21 20 19 18 17 16 13
 6 -73 8 23 21 20 18 17 16 14 8
 2 -30 8 40 28 26 24 23 21 15 14
 2 -98 8 40 24 23 22 21 20 19 17
 5 -79 7 31 25 24 23 21 16 15
 10 -66 12 42 40 37 36 31 28 27 26 25 24 22 21
 8 -58 9 42 36 34 31 27 26 25 24 22
 1 -14 7 42 33 31 27 26 25 19
 5 -87 5 33 31 25 24 16
 8 -66 5 31 26 25 24 16
 8 -42 9 42 40 36 33 31 28 27 25 24
 5 -63 11 42 41 40 38 37 34 33 32 30 28 24
 5 -64 7 42 35 34 32 31 27 25
 1 -80 11 42 41 39 38 37 36 34 33 32 30 29
 9 -51 9 42 41 40 35 34 30 29 28 27
 8 -11 6 42 35 33 31 28 25
 3 -76 8 41 40 37 35 32 30 29 27
 1 -70 10 46 41 39 38 37 36 35 34 30 29
 10 -86 8 46 41 39 38 35 34 30 29
 1 -25 7 46 41 35 34 33 30 29
 8 -57 6 51 44 41 35 33 32
 3 0 5 46 38 35 30 29
 1 -74 5 50 46 39 35 29
 10 -25 4 46 41 30 29
 8 -22 4 50 38 35 29
 8 -16 6 48 46 45 44 39 38
 7 -82 5 51 46 45 43 39
 2 -92 7 54 53 51 48 47 45 44
 6 -3 7 54 51 50 48 47 45 44
 8 -62 4 53 44 43 38
 4 -100 5 53 50 47 46 43
 2 -93 4 54 47 45 43
 7 -89 6 59 55 54 49 48 47
 1 -55 4 63 61 54 43
 9 -70 7 63 59 55 54 52 49 48
 1 -75 7 63 61 59 55 54 50 48
 5 -65 6 60 58 55 54 49 47
 6 -3 6 58 56 55 54 53 47
 9 -100 9 68 63 61 60 58 56 54 52 49
 5 -33 5 63 55 52 49 48
 3 -62 5 59 58 57 51 46
 8 -71 4 55 52 49 48
 8 -91 8 63 62 61 59 58 55 52 49
 9 -53 9 67 66 64 62 61 60 59 58 55
 3 -47 7 76 68 66 64 61 56 54
 9 -65 6 73 68 63 62 61 52
 3 -80 7 79 68 66 65 60 58 56
 10 -33 7 73 71 67 66 65 64 57
 5 0 6 73 71 65 64 62 57
 7 -68 4 66 64 61 55
 5 -4 8 79 77 74 71 67 66 65 64
 1 -52 4 81 73 71 57
 4 -26 7 79 77 74 73 72 70 62
 1 -26 6 79 77 76 74 73 65
 2 -21 4 77 73 67 62
 9 -2 8 79 78 77 76 75 74 70 69
 9 -83 6 81 78 77 75 73 69
 1 -91 6 82 77 76 74 72 69
 3 -52 4 76 75 73 72
 7 -28 7 86 82 81 80 79 77 71
 1 -91 5 85 82 81 78 69
 7 -82 5 82 80 76 75 74
 9 -19 5 85 84 81 80 72
 3 -96 4 89 81 75 72
 3 -95 4 85 82 81 69
 10 -61 5 82 81 80 78 75
 7 -93 4 82 81 80 74
 8 -53 6 92 87 86 84 83 80
 5 -78 10 96 95 93 92 90 89 88 87 86 85
 7 -62 7 96 92 89 88 87 84 83
 10 -29 3 86 83 78
 4 -89 3 87 82 80
 6 -31 8 100 96 95 92 90 87 86 85
 6 -33 7 100 96 95 92 88 85 84
 10 -30 6 99 96 92 87 84 83
 1 -41 6 96 95 94 93 88 84
 7 -12 8 101 100 99 95 93 92 91 87
 5 -90 6 101 95 93 89 88 87
 8 -45 7 111 108 96 94 93 91 89
 9 -28 6 101 100 95 93 88 87
 8 -26 9 111 103 101 100 99 98 96 95 92
 4 -81 6 110 101 95 93 91 90
 10 -71 6 111 110 108 101 91 90
 9 -33 9 121 111 108 104 103 102 101 98 97
 9 -59 5 111 108 104 99 91
 2 -69 9 121 120 111 110 109 103 102 98 97
 6 -92 9 120 109 107 105 104 103 102 99 98
 3 -6 8 120 110 105 103 102 100 99 98
 3 -23 8 120 109 107 105 104 103 102 98
 6 -7 6 121 120 109 102 98 97
 9 -50 3 105 102 94
 4 -66 7 121 118 109 107 106 105 104
 9 -37 9 121 120 119 118 116 115 110 109 106
 2 -75 8 121 120 118 114 112 108 105 104
 4 -25 5 121 117 109 107 105
 5 -56 5 118 114 112 107 105
 10 -3 5 119 115 114 113 106
 10 -29 6 118 117 116 115 113 112
 3 -70 6 121 118 116 115 114 113
 7 -38 5 120 118 113 112 109
 8 -92 4 116 115 114 112
 10 -31 4 118 114 113 112
 3 -14 3 119 117 115
 1 -5 2 116 115
 10 -64 2 117 112
 4 -35 2 116 113
 1 -45 2 119 117
 9 -90 1 114
 8 -1 1 113
 3 -75 1 112
 10 -59 1 122
 3 -78 1 122
 8 -67 1 122
 1 -46 1 122
 7 -10 1 122
 5 -29 1 122
 2 -98 1 122
 6 -14 1 122
 4 -94 1 122
 1 -4 1 122
 0 31815 0
