112
 0 -84 7 2 3 4 5 6 9 12
 1 -70 7 25 23 22 17 11 10 8
 7 -63 7 25 21 19 18 16 15 13
 8 -26 4 23 17 11 7
 5 -80 6 28 25 23 20 14 10
 1 -30 6 30 26 22 20 18 11
 3 -1 7 31 28 26 25 24 21 16
 5 -82 5 30 21 20 19 15
 5 -20 6 31 26 22 21 20 17
 6 -24 4 30 21 19 15
 1 -12 4 31 24 21 19
 5 0 5 39 30 27 26 22
 8 -13 3 36 26 20
 8 -39 5 40 39 35 27 21
 3 -11 4 36 31 26 24
 6 -6 4 39 34 30 22
 5 -29 7 40 39 36 34 33 30 27
 5 -46 5 39 35 33 27 23
 6 -2 7 40 39 36 35 33 32 27
 1 -46 5 40 33 32 29 27
 1 -74 5 46 34 33 32 29
 6 -80 5 46 40 36 33 29
 5 -42 5 46 40 38 36 34
 10 -10 3 40 32 27
 9 -9 3 39 32 27
 4 -80 4 47 35 34 32
 7 -72 7 47 46 44 43 41 38 37
 8 -61 7 47 46 44 41 39 38 37
 8 -22 6 47 44 43 41 38 37
 10 -62 2 43 32
 9 -16 8 58 53 51 47 46 45 42 40
 9 -20 5 54 44 41 38 37
 6 -9 4 44 43 42 37
 9 -68 4 54 44 41 37
 8 -91 4 44 43 42 37
 10 -38 8 58 53 52 51 50 48 47 43
 6 -37 8 58 57 53 52 51 50 48 45
 8 -65 5 58 53 52 45 42
 2 -39 6 58 55 53 51 49 42
 9 -49 3 56 49 44
 6 -85 2 58 42
 8 -71 5 63 60 57 50 48
 7 -72 9 67 65 64 61 60 59 57 56 54
 7 -76 5 64 60 55 52 50
 2 -3 6 69 64 63 60 55 49
 1 -33 5 63 59 57 55 50
 6 -38 4 69 60 54 49
 1 -100 7 68 67 65 64 61 59 56
 8 -7 7 73 68 67 66 65 61 59
 5 -48 7 73 69 68 66 65 62 61
 6 -14 6 74 73 69 67 66 59
 8 -77 5 73 68 67 63 59
 2 -44 5 73 67 66 63 59
 7 -38 6 79 74 73 68 63 62
 6 -27 9 82 79 73 72 71 70 68 67 66
 6 -73 6 79 74 73 69 66 62
 5 -58 5 79 76 74 70 62
 8 -41 4 79 73 68 62
 6 -83 4 79 76 70 62
 5 -16 4 79 76 73 62
 10 -25 7 79 78 76 74 72 71 70
 1 -55 7 86 82 80 78 75 72 71
 1 -63 7 86 84 82 80 78 71 70
 2 -24 3 84 82 66
 5 -53 8 88 84 83 82 79 76 75 74
 2 -45 7 86 83 80 78 77 76 75
 3 -42 6 85 80 78 77 76 75
 3 -30 6 91 88 87 86 84 76
 4 -95 5 86 85 80 76 75
 3 -81 4 91 88 83 75
 3 -12 4 89 83 81 77
 2 -78 8 97 92 91 90 89 88 87 84
 1 -89 6 96 89 87 86 85 81
 2 -77 6 97 90 89 87 85 80
 1 -16 5 96 95 89 87 81
 2 -91 5 96 95 94 89 81
 7 -40 6 111 96 92 90 88 87
 7 -71 7 111 97 96 95 94 91 90
 7 -14 3 103 87 86
 4 -22 7 111 102 98 96 95 94 91
 8 -36 6 111 100 99 97 92 90
 1 -45 5 102 100 96 95 89
 6 -10 3 96 95 85
 2 0 3 103 96 85
 4 -69 7 111 109 107 106 100 98 94
 7 -29 6 111 110 102 98 95 92
 9 -11 6 109 107 106 102 100 94
 4 -67 6 110 103 102 99 98 95
 1 -26 4 111 106 99 93
 9 -93 6 110 109 106 103 102 98
 9 -47 6 110 109 107 106 105 100
 5 -41 6 109 108 107 106 105 101
 3 -81 5 109 108 107 101 98
 6 -26 4 110 105 101 99
 10 -86 4 109 107 106 104
 8 -56 3 107 106 104
 6 -34 3 107 106 105
 9 -91 2 105 104
 9 -37 2 108 104
 6 -71 2 108 104
 4 -63 1 104
 7 -93 1 104
 4 -93 1 105
 7 -64 1 112
 2 -92 1 112
 5 -16 1 112
 6 -34 1 112
 5 -14 1 112
 7 -49 1 112
 5 -80 1 112
 4 -35 1 112
 0 26220 0
