112
 0 -83 15 2 3 4 5 6 7 8 9 11 13 15 18 20 23 30
 2 -21 9 44 37 36 31 26 24 22 17 14
 6 -16 9 44 34 33 32 29 24 22 21 12
 10 -82 6 35 34 28 26 16 10
 10 -95 8 46 41 40 37 33 32 28 16
 6 -60 10 47 46 44 39 38 36 34 29 25 21
 10 -47 8 44 39 36 34 32 31 24 19
 6 -37 9 52 51 46 42 37 32 28 27 22
 5 -93 9 51 50 49 48 46 39 38 36 28
 2 -4 5 46 44 29 22 21
 4 -6 10 57 49 47 44 43 41 40 39 38 35
 4 -58 9 50 46 43 41 40 39 38 37 35
 10 -38 5 44 40 35 32 22
 4 -24 11 57 55 50 49 47 46 43 42 40 34 32
 2 -6 8 55 49 47 43 41 36 32 29
 8 -37 5 51 43 42 38 22
 8 -16 11 60 56 55 51 50 48 45 43 41 40 38
 8 -65 14 60 58 57 55 53 52 51 50 48 46 45 43 42 41
 5 -60 11 60 57 55 54 51 50 47 46 45 43 40
 10 -96 10 62 60 57 56 55 50 45 42 41 40
 9 -54 9 60 57 55 52 51 45 43 41 40
 10 -39 8 60 58 57 53 50 49 47 39
 10 -27 8 58 56 52 51 48 43 42 33
 10 -64 7 60 58 55 49 47 45 35
 8 -57 11 78 62 60 58 57 56 55 53 50 49 41
 1 -4 11 69 62 58 57 56 55 53 51 45 43 42
 2 -80 12 64 61 60 59 57 56 55 54 50 49 48 45
 4 -53 9 66 64 63 58 57 53 47 44 43
 7 -67 7 62 61 60 57 54 45 40
 9 -18 3 69 50 32
 8 -72 11 69 67 65 64 63 60 56 54 53 51 48
 1 -74 12 71 67 64 63 62 61 60 59 58 56 54 48
 9 -35 10 78 67 65 64 61 60 59 54 49 45
 7 -35 9 69 65 64 63 56 54 53 51 48
 8 -24 7 75 63 59 56 52 48 42
 2 -51 11 78 75 74 69 68 67 63 62 61 58 42
 7 -51 10 70 69 67 62 61 60 58 57 54 45
 1 -33 10 78 74 72 71 66 65 64 63 53 52
 10 -85 8 78 75 64 62 61 55 54 45
 1 -35 11 78 77 74 72 71 69 67 64 63 58 53
 2 -23 11 77 72 71 70 68 67 65 64 63 61 54
 2 -28 8 79 77 72 71 70 65 64 54
 8 -47 12 111 90 86 84 77 75 74 73 72 68 67 61
 10 -83 12 110 90 88 86 76 74 72 71 70 69 65 60
 8 0 15 111 94 84 83 80 79 77 76 74 73 72 71 68 66 63
 8 -57 15 111 94 86 84 81 80 79 77 76 75 71 70 68 66 64
 3 -80 6 86 79 74 67 62 56
 2 -45 15 111 94 86 83 82 80 79 78 77 76 74 73 72 68 66
 9 -76 13 111 94 90 88 84 76 75 74 73 72 71 69 63
 1 -79 12 111 110 97 94 86 84 80 75 70 67 66 65
 8 -14 10 111 96 86 84 83 81 73 71 68 61
 1 -48 8 111 86 84 83 77 68 62 61
 9 -13 10 111 97 96 95 83 81 79 76 75 59
 8 -32 13 111 110 107 94 89 86 84 83 82 80 76 73 66
 8 -40 10 111 110 94 90 88 80 76 72 70 65
 7 -83 11 110 95 85 84 83 82 77 76 73 72 68
 4 -22 16 110 108 107 105 97 95 94 93 90 89 88 86 83 82 80 74
 8 -62 7 111 94 90 88 86 81 65
 8 -89 13 110 108 107 105 94 93 90 89 88 85 84 80 70
 6 -69 14 111 108 107 106 103 97 96 95 94 89 85 84 83 75
 9 -51 10 107 97 95 94 89 85 82 80 79 76
 6 -14 11 108 97 96 94 90 89 88 87 82 80 76
 9 -89 12 110 108 107 105 97 96 95 93 89 87 85 82
 8 -66 11 108 106 105 97 95 93 89 88 87 83 82
 10 -18 8 108 107 101 89 87 83 82 73
 10 -1 12 109 108 106 105 104 103 96 95 90 88 87 85
 9 -6 9 108 107 106 105 93 91 88 83 81
 5 -54 8 108 107 105 103 93 89 88 87
 6 -59 6 107 104 101 96 83 80
 1 -95 6 106 102 101 92 87 82
 7 -62 8 108 107 105 104 103 102 98 87
 6 -49 4 107 106 104 81
 2 -31 7 106 105 104 103 100 93 91
 4 -87 5 103 102 101 96 87
 5 -41 5 105 104 101 92 87
 3 -51 6 105 104 102 101 93 91
 10 -68 6 103 102 101 100 92 91
 4 -34 6 108 107 104 99 98 97
 10 -54 4 110 103 98 87
 3 -19 5 109 106 103 98 91
 1 -50 4 101 100 99 89
 3 -78 4 104 103 100 91
 2 -24 4 109 100 99 98
 5 -43 4 104 102 99 98
 7 -21 3 101 99 92
 7 -95 3 106 103 91
 9 -88 2 100 91
 8 -96 2 101 92
 1 -87 2 102 98
 7 -27 1 92
 10 -35 1 99
 8 -63 1 98
 2 -43 1 98
 5 -76 1 99
 2 -97 1 101
 8 -62 1 98
 6 -1 1 102
 10 -54 1 112
 9 -93 1 112
 2 -65 1 112
 6 -81 1 112
 3 -75 1 112
 5 -66 1 112
 1 -93 1 112
 8 -72 1 112
 7 -36 1 112
 7 -13 1 112
 1 -88 1 112
 7 -1 1 112
 10 -54 1 112
 9 -63 1 112
 0 28405 0
