112
 0 -14 23 2 3 4 5 6 7 9 10 11 12 13 14 15 16 17 18 19 20 21 22 26 29 31
 1 -14 11 60 57 54 53 40 38 37 36 28 27 8
 6 -44 7 60 57 54 53 40 28 8
 6 -77 18 74 66 60 59 57 56 55 54 52 45 44 43 42 40 39 37 35 23
 3 -68 18 71 60 59 57 56 52 51 50 46 45 44 43 42 41 40 39 35 32
 6 -65 16 87 71 62 60 59 57 56 54 53 52 45 44 39 33 32 28
 8 -81 12 72 60 56 54 51 50 47 34 33 32 25 24
 7 -31 11 74 69 59 56 52 50 44 42 39 33 23
 7 -29 6 60 49 44 42 25 23
 10 -100 13 78 74 69 67 66 60 56 54 52 44 43 37 23
 7 -18 18 79 75 74 68 67 66 63 62 60 59 58 57 56 53 51 45 41 38
 4 -70 12 71 69 62 59 56 54 52 51 45 41 39 32
 2 -51 12 75 74 71 70 62 61 60 58 38 37 33 30
 7 -19 16 86 79 74 70 67 62 61 59 57 56 51 48 42 40 39 37
 4 -25 14 86 83 71 70 66 62 57 56 51 48 47 44 40 39
 4 -82 14 87 85 75 74 71 64 62 58 57 56 48 46 42 33
 1 -22 14 86 78 71 68 66 64 59 56 53 51 46 38 37 35
 7 -9 5 72 59 58 56 24
 3 -18 13 86 74 72 71 70 69 67 62 61 59 56 48 39
 10 -59 13 110 79 77 75 74 70 67 62 58 56 52 43 42
 10 -63 12 85 70 69 66 63 62 59 58 56 48 46 33
 9 -53 13 86 80 71 69 68 66 64 63 60 56 50 48 40
 9 -29 8 72 71 68 62 51 48 46 41
 1 -86 10 85 84 75 71 68 66 62 57 48 41
 3 -79 13 79 78 74 70 67 66 64 63 61 59 57 48 43
 10 -45 10 107 87 75 67 61 55 54 49 48 43
 6 -26 15 107 103 102 87 86 85 84 78 75 72 71 63 62 61 48
 6 -16 13 107 85 84 80 78 77 72 70 66 63 61 46 43
 7 -53 18 110 109 108 106 105 85 82 79 75 74 73 72 68 65 61 60 58 57
 4 -71 12 111 109 107 85 81 80 78 69 59 56 48 46
 4 -37 10 111 109 104 85 79 64 58 57 56 48
 2 -89 12 109 104 103 81 80 79 78 74 73 67 64 48
 7 -100 12 110 107 106 104 102 86 84 80 79 77 68 43
 2 -24 8 102 100 84 80 78 74 48 43
 5 -98 8 107 103 95 84 79 62 61 48
 2 -8 17 111 108 106 105 103 102 99 96 95 86 82 80 77 74 73 71 65
 5 -36 15 111 109 108 105 102 99 87 83 82 81 80 77 72 65 63
 2 -81 10 109 107 102 95 84 81 80 73 72 48
 5 -42 16 109 108 107 105 104 103 100 96 93 84 81 76 75 73 68 58
 8 -24 15 111 110 109 105 103 102 99 85 84 82 81 78 73 72 65
 4 -73 10 110 105 104 103 86 80 73 70 64 61
 4 -78 11 108 103 83 82 81 78 76 73 72 68 63
 8 -43 11 111 109 108 105 103 96 83 82 81 73 65
 6 -87 9 110 107 106 105 101 99 97 65 63
 9 -87 17 111 110 109 106 105 103 102 100 97 96 94 93 91 89 88 81 78
 7 -96 11 110 108 106 105 104 102 101 97 90 79 65
 6 -76 10 110 106 102 101 99 98 87 79 76 63
 1 -7 9 110 108 106 105 99 90 82 77 65
 10 -16 11 104 102 99 98 95 91 89 84 81 80 72
 8 -65 10 110 107 105 104 100 99 96 95 90 65
 10 -84 13 108 107 104 99 98 97 96 95 93 87 85 84 80
 9 -18 12 103 102 101 99 98 97 95 91 88 86 85 76
 5 -24 12 107 103 100 98 95 93 92 91 90 89 80 77
 2 -31 10 106 104 102 100 99 98 91 81 79 76
 8 -76 10 105 103 102 97 96 95 91 90 83 80
 10 -65 9 103 96 95 94 93 91 88 84 73
 2 -69 6 102 101 99 93 76 69
 8 -44 8 102 97 94 92 91 89 80 78
 4 -65 9 106 103 97 95 93 92 90 88 83
 3 -23 8 103 101 98 93 90 88 83 76
 8 -95 8 111 100 98 96 92 91 90 83
 1 -43 8 109 108 104 93 91 90 89 80
 3 -15 8 104 100 95 92 91 90 89 88
 5 -44 8 107 102 99 98 95 91 90 89
 2 -85 6 98 93 92 91 88 76
 7 -48 6 102 101 99 94 92 88
 3 -83 5 99 97 96 88 85
 7 -95 5 99 98 95 89 88
 5 -90 5 96 91 90 89 88
 9 -29 5 109 106 99 92 90
 4 -54 4 104 100 88 81
 4 -73 4 101 96 94 93
 9 -6 3 97 92 90
 7 -56 3 107 90 88
 9 -82 3 97 91 89
 7 -28 2 94 89
 5 -48 2 101 97
 1 -41 2 95 90
 8 -11 2 96 88
 3 -22 1 88
 10 -60 1 92
 6 -73 1 89
 4 -25 1 89
 3 -77 1 90
 1 -9 1 100
 8 -96 1 93
 6 -19 1 89
 10 -13 1 112
 10 -25 1 112
 4 -98 1 112
 2 -77 1 112
 2 -51 1 112
 2 -74 1 112
 9 -86 1 112
 3 -53 1 112
 2 -8 1 112
 7 -80 1 112
 1 -29 1 112
 9 -89 1 112
 5 -23 1 112
 10 -20 1 112
 7 -14 1 112
 9 -80 1 112
 2 -14 1 112
 6 -94 1 112
 5 -87 1 112
 6 -24 1 112
 9 -41 1 112
 7 -27 1 112
 7 -13 1 112
 5 -93 1 112
 0 28515 0
