112
 0 -78 6 2 3 4 5 10 11
 9 -23 3 14 13 7
 10 -23 2 17 6
 4 -55 4 24 17 9 8
 8 -5 1 6
 7 -55 5 29 24 15 14 9
 6 -30 4 29 24 15 9
 5 -51 8 34 29 28 27 25 18 15 12
 1 -69 7 34 28 27 25 23 18 12
 6 -61 7 29 28 24 23 22 20 19
 5 -32 6 34 27 23 22 20 16
 9 -76 4 22 21 20 19
 1 -12 5 31 26 25 21 20
 1 -70 5 38 31 27 25 20
 6 -25 3 23 21 20
 2 -56 4 42 30 28 21
 9 -8 5 38 34 33 32 23
 4 -42 4 42 38 31 22
 10 -71 9 45 42 41 38 36 35 32 31 30
 9 -6 7 45 42 41 36 35 32 30
 3 -21 6 45 38 37 35 33 32
 6 -94 3 37 36 26
 4 -10 6 45 42 41 37 36 35
 10 -13 5 45 36 35 33 30
 8 -64 6 58 45 40 36 35 33
 7 -42 3 45 33 32
 3 -30 5 58 41 40 36 35
 5 -85 7 58 47 44 41 40 39 36
 4 -21 7 58 47 44 41 40 39 36
 2 -6 6 58 51 47 44 40 39
 2 -64 6 58 51 47 44 43 40
 2 -91 5 58 51 47 40 39
 8 -80 6 53 51 49 47 44 41
 4 -9 5 51 48 47 44 40
 8 -4 4 51 47 44 39
 5 -77 6 62 53 51 49 46 43
 2 -15 3 58 51 40
 7 -28 4 53 49 44 43
 7 -86 5 62 54 49 46 43
 9 -65 7 62 57 54 53 50 49 46
 8 -22 4 54 50 48 46
 9 -68 7 63 61 60 57 54 52 50
 4 -99 6 63 57 55 52 50 48
 8 -56 9 75 63 62 61 60 59 57 55 54
 10 -81 6 62 60 57 55 52 48
 9 -66 7 75 63 61 60 59 56 55
 9 -37 4 67 63 54 52
 10 -1 6 75 73 68 64 61 59
 9 -23 3 68 67 52
 7 -56 3 73 59 56
 8 -67 3 66 60 54
 2 -21 5 75 73 70 64 59
 6 -50 5 70 67 65 64 60
 3 -61 9 87 80 72 71 70 69 68 65 64
 8 -43 8 87 73 71 70 69 67 65 64
 8 -33 8 72 71 70 69 68 66 65 64
 4 -94 8 87 80 78 72 71 69 67 65
 8 -9 8 87 84 80 72 71 70 68 64
 7 -43 7 87 80 72 71 69 66 65
 2 -32 10 87 81 79 78 76 73 72 71 69 68
 10 -55 6 80 70 69 67 66 65
 6 -22 4 81 78 69 65
 7 -3 8 84 83 81 79 77 76 73 72
 4 -60 7 83 81 79 78 77 76 74
 7 -95 6 84 83 79 77 76 74
 5 -59 6 86 84 83 81 79 78
 5 -38 5 86 84 81 77 74
 2 -2 5 99 89 86 83 74
 10 -66 5 90 89 86 85 77
 5 -94 5 95 90 86 85 78
 7 -59 7 99 94 91 89 88 86 83
 9 -2 7 101 95 94 90 86 85 82
 10 -83 4 104 94 82 80
 7 -63 7 111 101 95 94 90 85 82
 8 -38 6 101 95 91 90 86 85
 4 -12 4 99 95 86 82
 5 -31 5 101 99 95 94 82
 3 -53 5 111 104 101 94 82
 5 -37 8 101 100 99 98 95 91 90 89
 1 -46 7 111 101 99 95 93 91 85
 9 -86 6 111 101 97 95 93 85
 7 -55 5 98 97 93 91 88
 1 -45 9 111 109 104 102 101 98 96 95 93
 4 -38 3 93 90 88
 6 -9 4 110 98 92 88
 9 -79 5 111 104 102 97 93
 6 -61 6 111 107 102 101 100 99
 7 -50 6 109 108 107 102 100 96
 10 -80 4 108 104 96 92
 1 -62 4 110 102 97 96
 8 -17 3 110 108 92
 2 -33 3 107 106 102
 4 -48 3 107 103 100
 2 -83 2 107 96
 2 -82 3 108 106 103
 10 -66 2 106 103
 8 -36 2 109 103
 9 -84 2 106 103
 1 -97 2 108 103
 5 -27 2 106 105
 8 -38 2 106 105
 5 -69 1 103
 2 -95 1 105
 8 -81 1 105
 8 -62 1 112
 4 -83 1 112
 4 -52 1 112
 10 -70 1 112
 7 -62 1 112
 7 -5 1 112
 9 -37 1 112
 0 27125 0
