112
 0 -48 17 2 3 4 5 6 7 8 9 10 13 14 16 18 19 22 23 27
 6 -12 10 44 42 39 35 26 25 21 17 15 12
 9 -12 9 42 39 35 34 33 32 29 25 15
 1 -8 8 54 42 35 34 31 26 25 20
 8 -14 7 39 37 31 28 26 25 12
 2 -54 8 54 53 44 42 35 26 24 17
 10 -77 6 37 35 31 25 24 12
 7 -3 10 53 50 44 42 41 38 31 29 26 21
 10 -56 4 54 31 30 11
 9 -63 8 54 41 37 33 32 31 29 24
 8 -21 5 47 35 33 32 17
 2 -25 13 64 56 54 50 47 46 41 40 38 36 34 33 32
 10 -33 12 57 56 54 50 49 47 43 41 39 37 34 25
 3 -47 10 54 53 46 41 39 38 37 35 33 26
 7 -23 12 64 56 54 49 48 47 46 43 41 37 36 28
 4 -39 12 65 61 56 48 46 42 41 40 39 36 35 34
 2 -17 10 65 64 56 50 46 43 41 38 37 29
 8 -44 10 65 56 54 46 44 41 40 39 35 29
 10 -54 9 65 56 54 50 46 40 37 31 29
 5 -93 10 65 53 50 48 46 44 41 39 37 33
 3 -6 11 65 56 54 51 49 48 47 46 37 36 32
 3 -90 7 66 65 59 56 47 33 29
 8 -3 9 65 62 61 54 52 49 41 40 35
 2 -49 11 67 65 56 55 52 51 50 49 46 43 40
 6 -57 9 69 67 65 64 61 51 46 40 38
 9 -7 12 67 66 65 61 59 58 57 56 52 49 47 43
 2 -86 5 69 66 49 38 36
 2 -76 13 75 69 67 65 63 61 60 59 57 55 52 51 50
 3 -26 6 73 69 51 49 48 36
 5 -61 6 69 67 66 46 45 38
 5 -10 11 81 69 67 66 64 63 62 59 55 52 49
 5 0 9 82 80 75 71 67 66 61 59 43
 7 -39 6 73 69 63 61 49 45
 9 -35 10 85 75 72 69 66 63 60 53 52 51
 1 -100 12 85 81 75 73 69 68 67 64 63 60 59 51
 10 -92 5 71 67 63 60 45
 5 -69 13 86 83 80 76 75 73 72 71 68 67 62 61 58
 4 -92 13 92 86 83 82 81 79 75 73 68 63 62 59 55
 2 -56 11 92 86 81 79 77 76 68 66 64 63 55
 1 -54 10 89 83 80 76 75 71 68 66 60 58
 10 -7 7 81 73 69 63 60 59 51
 6 -57 7 85 83 82 73 67 59 49
 9 -40 11 83 81 77 76 73 72 69 68 63 62 60
 4 -91 10 92 86 82 81 79 77 76 66 63 55
 3 -49 6 82 75 72 62 57 52
 4 -3 12 92 86 85 84 81 80 76 74 72 71 70 63
 6 -39 9 88 83 82 81 79 74 73 72 62
 1 -62 6 90 89 85 76 68 60
 3 -41 8 90 89 88 84 80 76 75 60
 6 -91 9 98 85 83 81 78 77 74 71 66
 1 -14 11 98 97 91 89 86 82 80 79 77 76 71
 2 -52 8 90 89 83 79 77 74 70 68
 7 -7 14 111 98 92 90 89 88 87 86 84 83 81 80 78 76
 4 -12 11 98 90 89 87 82 79 78 75 74 73 72
 8 -86 8 89 85 84 80 74 72 71 70
 5 -46 10 99 92 91 90 89 85 83 82 78 70
 5 -35 9 95 92 91 89 88 81 80 76 70
 6 -26 10 111 98 97 96 91 90 85 82 81 77
 5 -87 7 90 89 88 78 77 72 70
 9 -76 6 95 92 86 79 74 70
 3 -13 12 111 106 98 97 96 95 92 91 90 88 87 79
 3 -61 7 95 91 90 89 85 78 70
 2 -90 10 111 110 98 95 94 91 89 88 87 78
 7 -22 9 111 110 108 107 97 96 91 82 80
 6 -89 6 111 99 97 85 82 76
 3 -91 7 110 107 96 95 94 88 73
 8 -22 6 111 98 96 84 79 74
 9 -29 6 111 96 94 88 84 78
 8 -6 6 110 98 95 91 88 78
 6 -10 12 111 110 108 107 106 104 103 98 97 96 94 87
 6 -70 8 111 107 104 96 95 90 88 87
 1 -19 8 110 108 105 97 96 95 94 91
 10 -99 6 108 106 105 97 91 84
 2 -87 7 109 107 106 105 103 99 91
 6 -56 6 111 109 108 105 95 91
 10 -8 7 110 109 107 106 105 96 93
 7 -78 5 109 108 104 94 87
 4 -19 7 107 106 104 103 102 97 93
 2 -67 7 108 107 104 102 99 94 93
 3 -16 7 109 106 105 104 102 94 93
 10 -6 7 110 108 106 104 102 99 93
 5 -90 3 95 94 84
 3 -47 5 109 106 104 102 95
 10 -32 4 104 103 102 93
 7 0 4 107 106 102 93
 1 -3 4 110 101 100 96
 4 -86 3 105 102 93
 7 -83 4 109 108 105 103
 4 -63 4 107 104 103 100
 7 -3 3 103 101 94
 10 -92 2 102 93
 9 -3 2 102 94
 7 -38 2 101 100
 2 -12 1 100
 4 -92 1 103
 6 -50 1 102
 6 -31 1 101
 5 -59 1 100
 5 -51 1 101
 9 -69 1 112
 2 -89 1 112
 2 -53 1 112
 6 -26 1 112
 6 -95 1 112
 2 -61 1 112
 2 -98 1 112
 4 -50 1 112
 5 -85 1 112
 6 -38 1 112
 5 -33 1 112
 7 -85 1 112
 0 26235 0
