112
 0 -51 12 2 3 4 5 6 7 10 11 12 15 18 22
 3 -42 14 38 35 33 32 31 29 28 26 25 21 20 19 17 16
 8 -87 7 33 31 26 14 13 9 8
 1 -24 9 38 36 34 29 28 27 25 24 19
 9 -6 6 38 33 26 24 21 13
 4 -41 10 49 37 35 32 30 29 26 24 21 20
 1 -100 9 50 35 33 31 26 24 23 21 17
 6 -76 8 49 34 32 29 27 25 24 21
 6 -84 10 58 52 49 45 34 30 29 28 27 21
 1 -54 6 38 35 33 24 20 19
 6 -82 8 42 40 37 35 34 31 30 29
 5 -55 14 59 58 52 50 49 48 47 44 42 41 39 34 33 30
 2 -8 10 59 52 49 47 42 40 39 34 32 30
 8 -84 8 47 45 43 42 40 34 32 29
 7 -91 8 74 59 52 50 49 44 34 25
 7 -20 11 74 59 58 50 49 44 42 41 40 34 30
 10 -82 17 75 74 70 68 61 59 58 54 53 52 51 49 48 46 43 42 41
 5 -57 13 70 61 59 56 54 53 51 49 48 43 42 41 39
 8 -40 12 59 53 52 51 49 48 47 46 45 43 42 39
 9 -60 11 75 74 73 68 59 54 48 47 44 41 34
 5 -39 9 59 54 48 47 44 43 42 39 36
 8 -70 13 70 68 59 58 55 54 52 48 46 45 44 43 42
 8 -93 13 76 75 74 73 70 68 61 54 53 51 47 45 42
 10 -68 11 70 65 62 59 58 56 54 51 42 41 39
 1 -41 5 76 48 45 42 30
 10 -66 10 75 74 70 68 65 59 55 54 44 34
 10 -53 8 75 68 57 50 48 46 43 40
 2 -86 12 76 75 70 68 65 60 59 56 55 54 50 46
 4 -38 11 80 75 74 69 68 67 65 59 50 44 41
 1 -61 12 80 75 73 70 68 62 61 57 56 54 51 43
 2 -45 9 72 69 68 67 58 51 47 44 43
 8 -47 9 70 69 63 58 57 55 50 48 46
 3 -74 10 76 75 73 67 66 65 63 55 46 45
 1 0 10 76 67 66 63 61 60 57 56 53 46
 9 -99 8 75 74 73 63 61 56 51 48
 8 -32 12 88 80 76 74 73 70 65 63 62 60 56 55
 1 -33 6 75 73 67 51 45 43
 7 -88 10 80 76 74 73 66 62 60 57 56 55
 2 -42 11 80 76 75 74 73 68 67 66 60 57 55
 6 -22 7 80 73 69 62 60 54 51
 1 -69 5 76 63 60 57 55
 6 -87 6 87 71 64 63 60 57
 5 -56 10 111 92 88 87 85 78 71 65 64 60
 10 -47 5 87 76 71 60 57
 5 -92 4 87 80 64 56
 2 -40 10 111 110 92 88 87 80 78 77 64 62
 9 -44 10 92 87 86 85 81 80 71 66 65 63
 7 -82 8 88 85 80 78 71 66 64 60
 8 -17 9 111 92 87 85 80 78 72 71 60
 5 -91 8 111 83 78 77 73 72 64 61
 5 -45 3 83 77 55
 1 -65 8 111 88 87 85 78 72 71 60
 2 -53 7 86 81 80 72 71 69 62
 1 0 9 111 92 88 85 84 81 71 67 63
 8 -98 9 111 110 92 89 87 85 78 71 64
 6 -1 7 91 86 84 78 72 71 69
 2 -37 13 111 110 109 107 92 89 88 85 83 81 79 78 77
 8 -12 10 109 108 92 91 87 86 84 80 78 73
 2 -46 9 110 109 107 92 89 86 85 83 66
 9 -35 9 110 109 107 106 90 89 83 81 77
 10 -36 11 109 108 104 100 99 92 90 89 87 84 79
 5 -11 10 109 107 104 90 89 85 84 83 82 79
 10 -8 8 110 109 108 107 91 89 83 78
 5 -36 10 109 108 106 105 104 90 86 84 82 81
 2 -58 10 108 107 106 105 104 103 91 89 84 82
 4 -28 9 111 108 104 102 99 90 84 82 79
 9 0 16 109 108 107 106 105 104 102 101 100 98 97 96 94 93 91 90
 1 -38 10 111 110 107 106 105 103 100 99 84 82
 1 -53 9 111 108 101 98 96 92 90 85 83
 9 -73 9 110 108 104 103 101 100 91 89 82
 9 -33 8 109 107 104 101 100 99 82 79
 9 -54 9 110 107 106 105 104 101 99 89 82
 2 -11 8 104 102 101 100 99 93 90 79
 3 -90 9 109 108 107 104 101 98 96 95 83
 3 -19 10 110 109 106 105 104 103 99 98 92 86
 10 -49 8 105 104 102 98 97 95 93 86
 4 -37 6 108 105 102 99 97 84
 7 -23 5 104 103 101 90 82
 4 -19 8 106 105 103 98 97 96 95 94
 3 -70 6 107 100 97 96 95 89
 5 -44 6 103 98 97 94 93 91
 1 -22 6 98 97 96 95 94 93
 10 -32 6 103 102 100 99 94 93
 3 -83 5 101 98 96 94 93
 8 -26 3 100 97 95
 4 -60 3 100 96 94
 4 0 3 107 102 93
 7 -4 3 104 97 93
 2 -3 2 102 93
 1 -20 1 95
 8 -5 1 99
 8 -47 1 95
 9 -46 1 112
 7 -72 1 112
 3 -25 1 112
 8 -42 1 112
 9 -50 1 112
 8 -51 1 112
 9 -33 1 112
 10 -73 1 112
 1 -53 1 112
 9 -30 1 112
 4 -71 1 112
 9 -96 1 112
 5 -81 1 112
 9 0 1 112
 4 -70 1 112
 8 -78 1 112
 4 -43 1 112
 10 -66 1 112
 3 -38 1 112
 0 26840 0
