112
 0 -69 15 2 3 4 5 6 7 8 9 10 12 13 15 16 18 20
 2 -3 7 46 32 27 24 21 19 11
 7 -100 7 46 45 37 30 27 23 11
 6 -3 10 48 46 45 38 37 32 28 27 26 14
 2 -10 10 41 37 33 32 29 28 25 22 19 17
 6 -54 12 48 46 45 41 40 38 29 28 27 25 23 22
 6 -61 11 48 46 40 38 33 28 26 25 24 23 22
 8 -63 15 48 46 44 42 41 36 35 34 33 32 31 29 26 25 19
 1 -72 14 49 46 45 43 41 40 39 38 32 30 29 28 27 22
 1 -48 12 60 49 47 46 40 39 35 32 27 26 23 21
 9 -97 13 71 62 55 49 48 42 41 40 39 38 28 26 22
 2 -1 12 46 45 43 41 39 38 37 36 35 28 27 23
 10 -63 12 60 55 49 47 45 41 38 35 33 31 26 23
 5 -36 11 62 55 49 43 42 40 39 34 33 29 22
 9 -36 11 60 49 47 46 45 43 38 31 29 27 23
 3 -89 6 55 49 46 45 36 21
 6 -7 8 65 62 60 49 40 38 26 23
 5 -15 7 65 60 42 38 37 27 25
 3 -25 18 71 68 65 63 62 61 60 59 58 56 55 53 52 49 47 43 40 38
 2 -4 9 62 55 52 49 43 38 34 31 28
 4 -1 8 68 53 52 48 44 38 34 28
 2 -74 8 63 52 50 47 44 36 35 31
 9 -10 7 68 57 53 52 44 42 34
 7 -54 12 72 69 65 61 59 56 55 54 53 51 50 45
 10 -78 11 72 71 63 62 59 58 56 54 50 49 39
 3 -24 11 72 61 59 58 57 56 54 53 52 50 43
 3 -12 7 71 68 57 55 54 50 33
 3 -57 11 77 73 72 65 61 59 58 57 56 54 51
 1 -15 12 77 73 72 70 67 65 63 58 57 56 54 51
 9 -33 6 71 63 61 53 50 42
 2 -98 9 73 72 67 61 58 57 56 54 53
 8 -63 9 77 72 67 64 63 62 61 58 52
 10 -96 7 73 64 63 61 59 58 51
 6 -54 8 80 72 71 69 63 61 54 50
 10 -64 9 81 78 73 68 67 66 65 58 54
 6 -51 9 81 77 73 67 65 60 58 56 54
 1 -57 7 77 75 71 69 61 56 51
 5 -29 11 85 82 77 75 72 70 69 67 66 64 57
 4 -41 7 81 77 73 67 64 61 53
 3 -39 7 80 78 76 69 67 54 50
 4 -63 6 78 75 73 69 54 51
 6 -12 5 81 77 59 58 54
 3 -44 6 90 75 73 70 64 51
 9 -96 7 90 79 78 77 75 73 51
 4 -4 7 82 80 74 71 64 63 62
 3 -11 3 70 56 53
 8 -30 4 85 80 75 54
 8 -30 7 85 81 80 76 74 70 67
 4 -13 11 95 94 90 88 86 85 82 80 79 75 74
 8 -57 8 90 85 83 81 77 75 74 64
 8 -52 9 111 95 94 93 85 82 81 74 66
 2 -61 8 95 93 90 85 82 81 74 66
 2 -27 7 95 93 90 85 75 74 66
 1 -15 6 95 90 83 82 74 64
 4 -46 8 95 94 89 84 81 80 76 67
 1 -100 5 95 83 76 74 64
 6 -71 10 111 95 94 90 87 86 81 80 79 74
 2 -77 7 90 88 82 80 75 74 69
 9 -69 7 89 85 84 82 80 76 67
 3 -13 4 90 89 83 64
 8 -70 9 110 109 108 105 93 85 82 76 70
 6 -39 12 111 109 108 105 94 89 88 87 85 84 78 76
 1 -24 10 107 93 92 89 88 87 84 81 78 75
 5 -100 13 111 109 108 107 106 98 94 92 88 87 86 84 79
 8 -44 8 108 107 101 91 88 87 86 74
 10 -52 9 110 109 107 89 88 87 84 80 76
 3 -20 13 111 109 108 107 106 105 93 92 91 90 88 87 83
 8 -65 7 111 104 101 91 88 83 74
 5 -23 9 111 110 107 105 100 98 92 87 79
 8 -31 6 107 94 92 87 79 78
 1 -97 12 111 109 108 107 106 105 103 102 101 94 91 90
 8 -68 10 110 107 105 102 101 96 94 93 88 83
 2 -13 9 108 106 105 104 103 100 96 85 83
 3 -51 9 110 109 106 105 102 98 92 89 84
 7 -35 10 111 106 105 104 103 102 101 98 97 91
 5 -2 8 106 103 102 101 100 99 92 91
 4 -55 9 108 105 103 102 100 99 98 97 96
 10 -44 5 104 103 100 96 83
 10 -69 6 104 103 102 101 99 91
 5 -1 4 108 101 100 83
 5 -8 6 109 108 105 102 101 99
 10 -70 4 101 100 98 87
 2 -33 3 99 98 97
 6 -44 3 99 97 96
 5 -10 3 107 102 101
 2 -76 2 105 93
 10 -10 2 104 96
 10 -75 2 103 100
 6 -18 2 100 96
 9 -19 2 110 98
 6 -4 1 96
 10 -6 1 97
 9 -40 1 97
 6 -13 1 104
 1 -79 1 98
 2 -48 1 112
 8 -5 1 112
 2 -88 1 112
 4 -5 1 112
 1 -48 1 112
 5 -72 1 112
 5 -99 1 112
 9 -90 1 112
 10 -16 1 112
 10 -69 1 112
 10 -65 1 112
 7 -7 1 112
 9 -81 1 112
 3 -43 1 112
 2 -55 1 112
 1 -72 1 112
 0 24840 0
