112
 0 -55 27 2 3 4 5 6 7 8 9 10 11 12 13 14 15 16 18 19 20 21 22 24 26 27 31 33 35 44
 2 -81 11 60 56 50 48 46 42 39 36 30 23 17
 4 -14 16 77 64 60 58 55 54 51 50 48 46 43 41 40 38 36 28
 4 -24 14 63 62 58 54 51 50 48 46 45 43 42 41 38 25
 9 -28 12 81 77 66 58 57 54 50 48 45 38 36 25
 5 -63 16 77 68 66 64 61 59 57 55 52 51 47 45 43 41 40 36
 10 -45 15 86 77 68 63 62 58 57 54 53 49 48 43 41 28 25
 4 -7 14 77 66 65 59 58 57 56 52 51 48 43 39 36 34
 10 -91 15 81 77 74 67 66 64 61 58 56 55 53 52 51 45 38
 10 -22 20 110 86 81 79 69 68 66 65 64 63 61 59 58 56 55 53 52 50 48 41
 2 -57 10 81 66 65 64 58 53 48 40 38 29
 8 -54 15 77 72 70 67 65 62 61 58 56 55 54 53 51 50 38
 8 -5 12 72 67 66 65 61 56 54 51 47 46 43 36
 3 -68 12 86 77 71 67 64 63 62 59 55 45 40 29
 3 -86 14 85 81 80 72 67 66 64 61 60 56 55 54 52 36
 4 -39 10 86 72 68 62 61 59 56 53 46 30
 5 -74 12 86 81 76 75 74 70 64 63 61 59 53 32
 1 -40 12 86 85 79 74 63 62 55 52 50 48 45 37
 1 -29 14 110 109 72 71 67 66 64 63 61 59 58 54 53 40
 8 -13 6 70 65 62 41 40 38
 5 -16 16 111 110 85 81 80 72 70 69 67 65 64 62 54 50 49 46
 2 -29 11 110 109 86 73 70 64 61 58 55 48 40
 10 -87 17 111 110 106 86 84 79 75 74 73 72 71 65 64 61 57 55 51
 8 -3 15 110 107 86 85 80 79 77 71 70 69 65 63 62 54 48
 9 -62 8 110 72 71 65 64 61 52 40
 6 -19 11 107 85 81 69 65 63 60 58 53 48 46
 8 -52 13 110 106 85 84 80 79 74 67 61 58 55 53 45
 4 -44 11 111 107 85 84 81 80 76 73 71 67 39
 9 -70 16 111 110 109 108 107 102 85 84 79 78 73 72 69 68 54 52
 7 0 14 110 108 107 85 81 78 74 69 67 65 63 58 55 52
 10 -67 14 111 110 107 104 86 85 84 74 72 67 65 56 55 52
 10 -1 11 110 100 84 80 79 77 71 67 66 58 45
 4 -40 18 111 110 109 108 104 86 85 84 83 81 79 77 75 74 71 69 62 55
 2 -12 15 110 107 84 80 79 78 76 75 71 70 69 64 55 54 53
 1 -69 12 110 109 108 107 104 98 79 72 71 63 62 56
 7 -15 11 110 107 104 86 83 79 71 69 63 62 53
 5 -18 20 111 110 108 107 106 105 104 102 100 96 95 84 83 80 78 76 73 71 69 65
 2 -52 14 111 110 109 107 100 86 84 79 78 73 71 69 68 59
 6 -95 16 110 109 108 105 104 102 100 99 82 79 78 75 74 72 70 69
 5 -78 15 111 108 107 104 102 98 85 84 82 80 79 75 74 69 56
 6 -68 14 107 104 103 101 100 94 93 85 82 80 78 74 72 67
 1 -80 14 110 107 106 105 102 100 96 94 88 80 78 69 68 65
 4 -71 18 111 109 108 107 104 103 102 99 95 93 92 90 89 87 83 81 76 70
 6 -40 8 110 105 104 91 83 74 70 57
 2 -29 9 108 107 105 96 94 73 72 69 65
 2 -30 14 106 103 102 100 98 97 96 95 93 89 79 78 76 75
 1 -39 13 108 105 104 103 99 98 93 92 90 89 86 76 74
 1 -63 10 108 106 104 100 96 94 93 78 72 67
 9 -65 10 102 101 100 98 91 84 83 74 73 71
 10 -43 12 108 107 104 100 98 97 94 90 82 78 75 73
 2 -1 11 105 104 102 100 98 96 88 87 85 80 69
 6 -7 9 105 100 99 93 92 83 82 75 70
 4 -14 12 111 108 105 100 98 97 95 91 90 87 82 73
 8 -8 10 106 100 99 97 94 93 92 91 82 74
 4 -43 13 102 101 100 98 96 95 94 93 91 90 88 87 82
 4 -1 7 103 96 95 89 88 78 76
 5 -26 6 107 98 94 90 78 69
 9 -12 11 105 104 101 99 98 97 95 94 93 92 88
 10 -60 10 102 98 97 96 95 93 92 89 87 83
 3 -48 10 109 103 102 99 97 95 92 90 88 82
 4 -51 9 108 107 104 100 98 95 90 88 78
 6 -6 7 105 102 100 96 90 87 73
 6 -17 8 106 105 100 95 92 87 84 82
 9 -47 7 102 98 97 96 94 93 87
 2 -63 6 109 99 97 92 90 82
 7 -60 5 104 94 91 88 78
 3 -36 6 105 102 98 91 90 87
 7 -10 5 104 95 91 87 82
 4 -89 5 103 101 93 92 89
 2 -92 5 106 98 97 96 94
 9 -88 5 99 97 94 90 88
 7 -8 4 95 91 87 83
 10 -92 4 99 93 89 88
 7 -41 4 96 95 88 87
 2 -31 3 91 88 87
 9 -10 3 101 94 91
 3 -50 3 106 90 87
 4 -7 2 92 87
 6 -41 2 90 88
 2 -15 2 99 91
 9 -5 2 100 96
 6 -24 1 89
 2 -62 1 88
 2 -74 1 90
 1 -28 1 97
 5 -38 1 87
 7 -21 1 112
 6 0 1 112
 3 -44 1 112
 4 -2 1 112
 6 -81 1 112
 4 -48 1 112
 8 -28 1 112
 5 -10 1 112
 10 -88 1 112
 6 -90 1 112
 1 -58 1 112
 5 -93 1 112
 6 -24 1 112
 3 -47 1 112
 4 -23 1 112
 2 -23 1 112
 2 -37 1 112
 6 -80 1 112
 6 -99 1 112
 4 -46 1 112
 3 -29 1 112
 2 -29 1 112
 5 -7 1 112
 4 -8 1 112
 1 -47 1 112
 0 23095 0
