112
 0 -61 12 2 3 4 5 6 7 8 9 11 12 13 15
 7 -50 8 30 28 24 23 20 17 14 10
 7 -62 10 49 43 34 33 29 28 25 22 18 17
 2 -4 10 57 34 33 30 29 26 24 21 20 19
 10 -79 7 57 41 26 20 19 17 16
 8 -72 6 30 29 25 21 19 14
 1 -80 8 57 49 43 41 32 31 25 17
 2 -38 9 64 57 43 42 37 34 28 26 19
 1 -51 6 49 43 34 33 25 17
 3 -98 16 64 60 57 49 46 45 44 42 41 39 37 35 34 33 32 31
 1 -36 11 64 49 46 43 42 37 35 32 31 29 27
 2 -26 9 61 57 49 45 43 41 33 32 23
 2 -66 10 61 57 51 49 46 37 32 31 29 25
 6 -100 14 64 57 50 48 46 44 43 40 39 38 37 36 35 34
 4 -63 12 64 51 49 46 45 43 42 40 39 38 35 29
 1 -78 12 64 60 51 50 49 44 43 39 37 35 34 32
 1 -69 7 64 46 45 42 37 35 27
 7 -45 7 64 57 42 39 32 31 26
 8 -65 9 53 51 50 49 45 39 38 32 31
 6 -52 4 45 39 37 25
 6 -73 12 64 60 55 53 51 49 45 44 42 36 35 32
 8 -21 5 64 48 37 36 27
 10 -46 7 64 51 48 44 38 34 29
 1 -9 10 68 53 50 49 48 45 43 37 36 35
 3 -74 8 64 53 50 48 44 38 36 35
 4 -11 10 68 62 53 52 50 48 47 40 38 36
 2 -93 8 53 52 51 50 47 40 39 38
 8 -88 6 67 53 50 44 40 35
 8 -30 10 68 66 62 60 59 55 53 52 50 36
 2 -69 8 68 66 64 61 60 54 53 35
 6 -36 6 70 63 62 52 47 36
 6 -18 6 77 70 68 54 48 40
 8 -59 5 67 55 52 50 47
 4 -50 8 76 71 66 62 58 53 52 47
 7 -81 8 76 71 70 65 62 58 52 47
 6 -14 11 88 81 77 76 75 71 69 67 65 58 54
 6 -8 10 88 79 78 77 75 69 66 62 59 55
 5 -59 8 81 69 66 65 60 59 58 55
 2 -31 11 91 88 83 78 77 75 71 68 67 61 58
 7 -99 9 91 88 76 75 71 66 63 58 56
 1 -73 9 76 74 70 69 62 59 58 56 54
 7 -85 9 87 77 75 71 70 66 65 59 54
 3 -17 8 91 78 77 75 73 66 62 55
 3 -3 15 91 89 88 87 84 83 81 79 78 77 73 70 69 68 65
 5 -51 7 91 88 81 78 74 63 58
 6 -77 7 88 78 76 75 71 68 58
 9 -60 6 91 88 80 77 75 56
 3 -5 12 111 96 95 93 87 86 84 82 81 75 71 66
 3 -24 10 95 91 88 86 84 81 78 73 72 66
 2 -86 6 86 83 81 78 77 58
 9 -78 6 86 83 78 77 75 58
 1 -97 11 110 90 88 84 81 79 77 75 73 72 69
 3 -21 10 111 108 91 89 88 81 79 77 73 65
 9 -31 14 110 107 104 95 91 90 86 84 83 82 79 78 73 72
 8 -37 10 111 95 87 86 85 84 82 76 71 70
 3 -87 16 111 110 108 104 96 95 94 93 90 89 86 84 83 81 79 78
 9 -47 14 111 108 104 96 94 91 89 88 86 84 83 81 79 77
 4 -88 11 110 107 104 95 90 89 87 84 79 73 72
 5 -13 9 110 107 103 95 89 84 80 73 72
 8 -67 11 111 110 109 104 94 91 90 87 86 79 77
 2 -36 11 111 110 104 90 89 87 86 85 82 81 76
 9 -51 10 111 110 109 93 90 87 86 83 81 80
 8 -4 10 108 107 103 95 86 83 82 80 79 73
 1 -44 13 111 110 108 106 105 103 96 95 93 92 88 83 80
 1 -87 11 110 109 106 95 94 93 92 90 86 85 80
 8 -54 6 108 105 92 90 83 74
 2 -62 5 106 105 95 85 74
 3 -67 10 111 108 107 105 104 103 102 100 85 82
 10 -87 8 107 106 103 99 98 92 86 80
 1 -19 10 110 107 105 104 100 99 96 94 93 92
 9 -44 6 107 106 103 99 89 80
 2 -42 10 111 109 108 106 101 100 99 98 94 93
 3 -24 9 109 106 105 102 101 100 96 92 85
 3 -83 7 110 107 103 99 98 94 80
 7 -89 6 109 106 104 101 92 85
 3 -61 6 109 108 102 99 98 93
 1 -1 5 101 98 95 93 92
 1 -3 6 106 105 103 101 100 97
 2 -60 3 101 100 85
 10 -24 5 104 102 101 100 97
 5 -67 4 107 99 98 92
 10 -80 4 101 99 98 92
 7 -29 2 100 85
 4 -93 4 109 102 101 98
 9 -67 3 99 98 97
 6 -6 3 105 101 100
 8 -23 3 108 106 100
 1 -36 3 102 100 99
 1 -78 2 98 92
 5 -13 2 103 97
 3 -15 2 103 100
 2 -85 1 97
 4 -84 1 97
 7 -71 1 102
 4 -94 1 99
 1 -13 1 98
 7 -58 1 112
 2 -56 1 112
 1 -13 1 112
 5 -48 1 112
 5 -52 1 112
 7 -83 1 112
 10 -40 1 112
 1 -90 1 112
 5 -19 1 112
 10 -95 1 112
 10 -43 1 112
 1 -28 1 112
 8 -13 1 112
 3 -24 1 112
 1 -99 1 112
 0 28840 0
