112
 0 -90 12 2 3 4 5 6 7 9 11 12 15 16 19
 8 -93 11 45 37 35 33 27 25 21 18 14 13 10
 9 -74 9 45 38 32 30 26 25 23 17 8
 7 -28 12 51 38 37 36 35 33 32 29 28 27 25 13
 3 0 9 45 42 38 32 29 24 22 20 17
 2 -93 9 52 41 40 38 33 27 22 21 14
 4 -97 7 52 40 38 37 32 25 14
 5 -31 7 52 46 41 40 37 36 14
 1 -11 10 52 45 40 39 38 36 34 33 25 22
 6 -89 11 55 54 52 51 42 40 39 38 36 31 22
 10 -43 9 46 44 40 39 35 34 33 27 25
 10 -75 8 51 47 38 36 34 31 30 23
 2 -39 12 54 53 52 49 47 46 44 41 40 39 34 30
 1 -18 11 60 56 55 51 50 49 42 39 34 31 29
 4 -85 10 56 52 49 47 46 45 42 36 34 29
 7 -27 6 55 36 34 32 31 27
 6 -72 10 62 54 52 50 49 46 41 39 35 31
 10 -9 7 61 54 52 46 40 32 31
 2 -21 9 52 49 47 46 45 44 40 39 30
 3 -45 8 61 60 51 48 44 41 40 34
 5 -75 10 75 72 58 57 56 54 53 49 44 36
 1 -80 13 82 75 72 60 58 57 56 53 50 49 47 46 44
 4 -13 12 69 62 61 60 58 57 52 50 49 48 46 44
 2 -8 9 65 63 58 56 53 52 47 43 36
 10 -98 16 82 76 75 72 66 65 63 61 60 58 57 56 54 50 49 47
 2 -11 5 75 60 46 40 33
 9 -62 13 82 76 72 71 70 65 61 60 58 57 54 49 43
 8 -28 10 76 71 67 65 61 60 58 50 48 47
 10 -22 10 82 73 72 69 62 61 58 54 53 44
 5 -18 14 82 76 75 72 71 70 69 66 61 60 58 57 56 55
 5 -37 7 75 73 68 58 57 48 44
 10 -65 7 76 69 63 60 59 50 41
 7 -22 10 73 70 69 67 62 61 59 58 57 48
 4 -63 8 82 76 75 72 71 58 57 43
 8 -26 14 82 77 76 72 71 69 68 67 65 63 60 59 58 55
 3 -63 11 82 76 73 71 69 67 66 62 61 60 50
 4 -38 10 82 75 73 72 71 70 68 58 57 54
 2 -31 4 81 69 53 44
 10 -31 11 89 82 81 79 70 69 67 66 61 59 57
 7 -63 10 88 82 79 77 76 73 72 64 62 58
 5 -11 9 82 80 77 75 73 71 66 64 56
 2 -59 12 89 82 81 80 77 76 74 70 69 67 65 62
 10 0 11 89 81 79 74 73 69 68 67 66 62 59
 6 -4 10 88 77 76 74 71 70 66 65 63 59
 10 -22 10 89 84 82 81 80 77 67 64 61 60
 3 -60 10 89 88 81 80 79 77 74 70 68 59
 1 -72 10 89 88 81 80 79 74 73 69 62 59
 1 -7 5 82 80 74 72 53
 3 -2 7 89 80 74 73 68 67 64
 1 -99 9 89 84 81 80 79 77 74 70 68
 5 -12 8 84 81 77 72 71 69 66 64
 4 -72 8 86 84 80 79 78 74 72 68
 1 -9 7 89 87 85 84 79 66 64
 8 -52 7 111 89 84 80 79 78 67
 5 -97 6 89 88 87 79 73 64
 3 -78 9 111 109 90 85 84 83 81 79 67
 9 -42 8 111 95 87 86 84 80 78 77
 3 -18 5 93 81 80 78 74
 9 -46 3 93 84 64
 1 -77 8 111 107 106 95 90 88 79 78
 5 -92 7 111 95 92 90 86 78 68
 8 -24 13 111 110 109 108 107 95 93 92 91 90 86 85 84
 4 -94 10 111 110 108 105 95 93 92 89 85 80
 3 -57 9 111 110 107 95 94 92 90 86 78
 2 -52 8 110 107 95 94 92 90 86 78
 4 0 11 111 110 109 108 107 106 105 93 92 91 83
 3 -95 8 108 107 102 95 91 88 87 86
 4 -52 8 109 108 107 105 94 91 85 83
 3 -91 8 109 108 107 106 101 94 87 83
 9 -98 7 111 109 95 92 86 85 83
 3 -56 7 105 94 93 91 90 86 83
 10 -84 9 110 109 106 105 101 97 95 92 89
 5 -17 7 109 107 98 95 93 86 84
 10 -45 7 111 107 106 95 94 92 87
 7 -98 6 111 110 108 94 90 89
 3 -92 4 98 93 91 84
 10 -68 9 109 108 107 103 101 99 97 94 92
 8 -16 5 109 108 105 91 83
 8 -68 7 108 105 100 97 96 93 92
 10 -85 5 107 106 102 94 90
 10 -61 6 101 100 99 97 96 92
 1 -65 5 107 105 101 94 91
 9 -92 6 104 103 102 99 97 96
 6 -59 6 105 102 100 99 97 96
 2 -69 6 104 103 102 101 98 96
 6 -66 5 106 103 100 97 96
 2 -68 5 110 100 99 98 97
 6 -11 4 101 98 97 94
 7 -52 2 99 91
 7 -45 4 101 99 98 97
 1 -70 3 104 100 96
 6 -39 2 102 98
 4 -75 2 103 101
 9 -66 1 96
 5 -85 1 96
 7 -40 1 112
 8 -98 1 112
 3 -82 1 112
 4 -91 1 112
 4 -22 1 112
 6 -90 1 112
 10 -19 1 112
 3 -53 1 112
 8 -54 1 112
 7 -1 1 112
 9 -23 1 112
 9 -90 1 112
 6 -60 1 112
 2 -78 1 112
 5 -28 1 112
 9 -24 1 112
 0 28965 0
