112
 0 -68 11 2 3 4 5 7 8 9 10 12 13 14
 10 -88 3 23 15 6
 9 -81 5 23 20 18 17 11
 4 -78 2 23 6
 5 -72 4 23 19 18 11
 3 -73 3 18 16 11
 8 -79 3 23 19 11
 6 -90 6 35 28 24 23 22 17
 10 -43 4 23 21 18 17
 5 -42 4 23 22 19 18
 1 -89 8 30 29 28 26 25 24 22 21
 1 -61 5 30 29 24 22 18
 8 -69 4 35 24 20 19
 10 -38 6 32 30 28 25 23 21
 6 -59 6 35 30 28 26 25 22
 9 -19 3 35 28 19
 1 -7 2 29 19
 9 -93 5 35 31 28 26 25
 5 -43 4 31 30 26 25
 9 -44 4 32 29 27 25
 10 -82 6 39 38 35 34 33 27
 6 -45 4 42 38 34 27
 7 -24 4 42 34 33 29
 10 -52 6 52 48 39 38 36 33
 6 -56 5 48 39 38 34 33
 1 -49 4 38 37 36 32
 2 -65 3 37 36 31
 1 -35 5 48 44 41 36 34
 6 -79 5 49 48 44 41 36
 5 -88 8 56 52 50 48 46 45 44 40
 7 -95 7 56 50 49 46 44 41 40
 1 -2 7 56 50 48 46 44 41 40
 5 -99 9 56 55 50 49 47 46 45 44 43
 2 -26 8 63 57 56 52 50 49 46 40
 3 -61 8 56 55 50 47 46 45 44 43
 2 -83 6 57 56 50 46 45 40
 2 -3 9 57 56 55 53 52 50 48 45 43
 9 -69 5 50 49 46 45 40
 8 -79 5 58 49 45 44 42
 9 -19 3 55 47 43
 5 -17 3 57 45 43
 1 -28 8 64 62 61 60 56 55 51 50
 2 -59 7 64 62 61 60 59 58 51
 7 -46 5 63 62 61 57 51
 4 -43 5 65 63 62 60 59
 4 -97 5 72 69 62 60 58
 2 -99 4 69 65 62 53
 1 -47 6 73 72 66 65 64 60
 7 -19 5 69 66 65 60 59
 9 -91 5 70 69 67 65 59
 6 -46 3 69 66 54
 6 -24 7 79 73 72 70 67 66 65
 9 -30 4 73 72 66 60
 6 -97 8 81 79 75 73 72 70 68 65
 4 -48 7 81 73 72 70 68 67 65
 6 -60 8 81 79 73 72 71 70 68 67
 3 -51 4 73 68 66 64
 5 -32 5 81 79 68 67 65
 8 -98 8 83 81 79 75 73 72 71 68
 3 -8 7 81 80 79 76 70 68 67
 7 -52 4 81 68 67 65
 9 -68 7 82 80 79 78 73 70 66
 5 -86 5 75 73 70 68 66
 9 -67 9 94 91 84 80 79 77 76 70 69
 2 -9 6 94 83 78 77 76 71
 1 -69 7 94 91 84 81 77 76 74
 1 -98 7 97 96 94 89 85 77 75
 6 -24 5 94 91 82 78 74
 4 -4 5 90 82 81 78 74
 7 -81 8 97 96 95 90 89 86 85 83
 7 -53 6 92 91 89 85 84 80
 6 -6 6 93 90 87 85 82 78
 6 -41 4 95 91 89 77
 4 -98 8 97 96 95 93 92 89 87 85
 8 -90 3 93 84 78
 9 -2 5 101 97 96 90 87
 10 -87 4 93 92 87 86
 5 -48 4 101 95 92 86
 2 -83 4 104 92 87 85
 1 -17 3 95 87 86
 3 -85 5 104 100 98 96 88
 1 -70 5 105 104 100 98 88
 5 -97 5 103 101 99 98 92
 4 -47 7 110 106 105 104 100 99 98
 6 -94 4 105 100 98 88
 2 -20 6 110 105 104 100 99 98
 6 -87 2 98 88
 5 -77 5 111 110 106 103 99
 5 -53 5 110 105 104 103 99
 2 -38 4 104 102 100 98
 4 -91 3 101 100 99
 10 -6 6 111 110 109 106 105 102
 8 -21 5 110 106 105 104 103
 5 -90 4 105 103 102 101
 3 -89 4 110 109 104 99
 3 -76 4 110 109 105 99
 8 -15 3 108 103 102
 10 -24 4 111 109 108 107
 6 -96 2 108 102
 3 -55 2 107 103
 7 -22 2 107 104
 3 -20 1 107
 10 -51 1 109
 3 -67 1 108
 5 -86 1 108
 4 -72 1 107
 5 -69 1 112
 10 -50 1 112
 2 -10 1 112
 8 -4 1 112
 9 -59 1 112
 0 31055 0
