112
 0 -84 7 2 3 5 7 8 10 12
 3 -30 6 26 19 17 13 9 6
 6 -49 5 26 16 15 11 4
 8 -67 6 23 21 20 19 17 14
 8 -43 5 25 23 20 16 15
 10 -92 4 23 22 16 11
 1 -43 5 25 23 22 20 13
 7 -7 3 23 19 11
 3 -50 6 28 25 23 22 21 16
 10 -44 4 25 24 19 16
 4 -53 8 45 32 31 29 27 25 21 20
 10 -87 8 45 32 29 28 26 25 22 21
 9 -88 3 28 24 16
 10 -91 5 30 28 25 22 18
 4 -56 4 45 28 21 19
 3 -80 4 31 30 27 18
 10 -68 6 45 38 34 29 27 22
 10 -49 11 45 43 40 39 38 36 35 34 33 32 29
 6 -13 5 42 38 35 32 22
 3 -91 6 42 37 35 34 33 28
 6 -22 5 36 34 33 30 24
 1 -30 7 43 41 40 39 37 33 31
 9 -6 7 51 43 42 41 39 36 34
 1 -30 8 51 50 46 44 42 40 39 35
 2 -59 6 43 40 39 38 36 33
 2 -9 6 43 42 40 39 36 34
 1 -40 7 51 50 46 44 42 39 35
 2 -69 7 51 48 43 40 39 38 36
 5 -91 6 51 50 46 42 41 37
 3 -77 6 50 48 46 39 38 37
 3 -49 5 59 51 50 48 36
 10 -90 7 59 50 49 48 47 44 41
 10 -79 7 59 56 52 51 50 46 44
 8 -22 6 53 52 50 49 47 46
 7 -26 5 59 53 48 47 41
 5 -71 4 52 49 47 44
 9 -10 4 52 49 47 44
 5 -13 6 67 59 55 54 53 47
 3 -38 5 59 55 53 49 47
 3 -90 4 67 53 52 47
 10 -53 9 70 68 67 64 58 57 56 54 52
 9 -47 6 70 64 59 58 56 48
 6 -78 5 68 67 60 59 47
 8 -63 7 67 64 61 58 55 54 53
 8 -4 8 70 67 62 61 60 58 57 53
 2 -35 7 74 70 68 64 63 61 54
 10 -26 6 70 66 64 58 57 56
 1 -27 5 68 62 61 57 55
 5 -52 10 74 72 70 67 66 64 63 62 61 60
 8 -84 7 71 66 64 61 60 58 57
 3 -75 9 74 72 71 70 66 64 63 61 60
 1 -91 5 74 72 62 61 55
 5 -38 7 74 72 71 68 66 65 63
 4 -18 6 79 72 71 66 62 60
 1 -50 4 71 66 63 60
 8 -34 5 79 74 71 62 61
 7 -69 5 81 74 72 65 63
 3 -18 3 79 69 65
 10 -50 5 82 77 76 71 69
 6 -90 2 69 65
 2 -66 3 81 75 65
 6 -50 3 81 75 65
 7 -36 7 84 82 80 79 77 75 73
 7 -39 7 84 82 80 78 77 75 73
 1 -40 6 84 82 78 77 76 73
 10 -35 6 84 82 81 80 75 73
 2 -23 2 84 69
 2 -40 5 84 82 81 77 75
 2 -23 5 85 81 80 78 75
 8 -22 5 85 81 80 78 75
 10 -67 3 84 80 73
 7 -73 3 85 83 75
 4 -17 9 94 93 92 91 90 89 86 85 83
 7 -13 6 91 90 87 86 85 80
 5 -5 10 100 94 93 92 91 90 89 88 87 86
 7 -49 4 87 86 85 80
 2 -2 7 93 92 91 90 89 87 85
 3 -61 7 98 94 93 92 91 90 83
 7 -94 5 94 93 91 87 85
 7 -84 11 101 100 99 98 96 95 94 93 92 89 88
 9 -96 5 98 94 93 92 83
 2 -38 5 111 100 94 89 86
 3 -78 5 110 100 99 88 87
 1 -84 5 101 100 93 91 88
 8 -15 8 109 101 100 99 98 97 96 95
 4 -85 6 101 99 98 97 96 95
 3 -94 6 111 109 108 106 102 95
 7 -36 6 108 107 106 104 103 97
 8 -83 6 109 108 107 104 103 97
 8 -18 6 110 108 107 104 103 97
 8 -78 4 106 102 99 95
 2 -90 6 108 107 106 104 103 102
 5 -45 5 109 106 105 104 103
 3 -23 5 110 106 105 103 102
 7 -53 4 107 105 104 103
 4 -22 4 107 106 104 102
 7 -65 2 105 102
 10 -67 2 106 102
 2 -96 1 104
 5 -97 1 103
 7 -28 1 102
 8 -54 1 112
 4 -19 1 112
 8 -5 1 112
 7 -39 1 112
 7 -39 1 112
 4 -79 1 112
 1 -23 1 112
 6 -27 1 112
 9 -48 1 112
 3 -64 1 112
 0 28175 0
