112
 0 -73 23 2 3 4 5 6 7 8 9 11 12 13 14 15 17 18 20 21 22 24 25 26 28 38
 8 -48 16 59 53 49 47 46 45 43 42 40 37 35 34 33 32 27 19
 4 -37 7 65 59 55 47 34 19 10
 4 -84 17 70 62 61 59 57 56 55 54 49 47 45 37 36 30 29 27 19
 9 -82 17 72 65 62 60 59 58 49 48 47 46 44 41 39 33 31 30 23
 2 -75 13 70 68 59 57 55 54 51 46 37 31 30 27 19
 4 -70 16 69 66 61 60 59 57 53 51 50 44 41 39 37 34 33 27
 4 -79 15 84 74 68 61 59 57 56 53 51 47 45 44 43 40 19
 4 -89 12 70 68 65 62 61 59 46 45 43 40 27 16
 5 -78 20 78 76 72 70 69 66 62 61 60 58 54 53 52 51 50 46 44 37 32 29
 8 -16 10 70 66 62 61 54 53 45 41 29 16
 9 -28 6 54 42 41 33 32 16
 2 -74 14 84 76 72 69 65 59 58 50 48 43 40 39 33 32
 5 -98 15 81 76 70 69 62 61 60 59 56 52 48 45 40 37 36
 4 -86 16 85 81 73 69 68 66 65 62 59 58 56 50 48 47 43 37
 2 -14 15 89 85 78 76 73 72 69 60 58 57 56 55 48 39 37
 2 -96 13 85 84 76 74 73 69 63 60 57 51 48 43 34
 2 -42 16 84 78 77 74 73 72 71 69 66 64 63 62 54 51 49 41
 2 -51 13 78 76 73 72 71 69 64 60 58 52 50 41 39
 7 -89 15 80 77 76 74 71 70 67 66 64 61 57 56 54 49 46
 5 -48 11 89 84 78 72 71 61 60 55 51 45 39
 10 -13 18 111 89 84 81 80 77 76 75 74 73 68 64 63 61 59 56 55 48
 4 -63 10 84 80 75 71 68 57 56 50 43 40
 10 -52 17 111 88 85 84 80 77 76 75 74 72 70 66 64 63 60 54 48
 1 -47 14 89 85 84 82 81 78 74 68 67 64 57 56 48 46
 9 -30 14 111 107 89 83 82 78 76 72 63 62 61 59 56 42
 5 -19 15 89 88 85 83 82 80 76 75 74 72 67 64 63 58 48
 2 -53 13 110 107 89 84 80 75 73 72 67 66 63 61 54
 3 -82 12 111 88 83 82 81 80 77 73 68 67 64 48
 4 -10 15 111 110 107 105 84 83 79 76 75 74 73 69 67 66 63
 9 -50 13 111 110 87 86 85 84 82 79 75 64 63 61 56
 7 -21 10 85 80 79 75 73 68 67 63 57 56
 6 -95 12 109 105 104 100 89 85 82 78 73 70 68 55
 4 -37 12 111 107 99 89 86 82 81 80 79 78 58 56
 10 -32 11 111 106 88 81 79 77 75 73 72 67 60
 1 -7 15 111 110 109 102 101 96 94 93 89 83 82 80 72 68 67
 6 -26 14 108 103 99 88 87 84 83 82 80 79 74 71 64 63
 10 -2 14 111 110 109 107 97 96 88 87 85 84 79 76 75 67
 2 -22 14 111 109 106 102 100 97 88 87 81 80 79 77 75 63
 4 -68 13 111 109 105 104 102 100 89 86 79 78 73 66 63
 8 -35 15 110 107 103 102 101 100 99 97 96 88 85 83 80 79 67
 9 -59 13 110 109 106 102 100 97 88 87 86 85 80 75 73
 6 -24 6 103 89 88 78 64 55
 7 -44 15 107 105 104 103 102 99 97 95 88 87 86 81 79 77 63
 9 -89 7 102 87 80 79 73 64 63
 9 -62 11 111 107 105 102 100 97 86 79 75 73 63
 10 -8 15 111 109 107 105 103 102 100 99 97 96 94 93 87 86 76
 2 -1 13 110 108 107 106 102 100 98 97 96 92 87 79 71
 5 -12 14 111 110 105 103 102 101 100 99 96 95 92 89 86 79
 9 -11 13 107 103 102 100 99 98 96 95 92 89 87 82 79
 7 -74 11 109 105 104 102 101 97 96 91 88 79 75
 1 -64 13 103 102 101 100 99 97 96 94 93 90 89 87 80
 6 -82 11 108 107 102 99 98 94 93 88 83 82 80
 6 -83 10 105 102 99 98 96 86 83 82 81 79
 4 -87 7 110 102 101 94 87 83 67
 5 -16 12 109 108 106 104 102 101 100 98 97 96 92 88
 9 -87 12 110 108 107 100 99 96 95 94 93 92 90 87
 1 -91 12 104 103 102 101 100 98 97 96 95 94 92 90
 4 -52 9 106 103 101 100 99 95 92 91 79
 6 -98 8 109 108 104 102 96 93 91 82
 2 -78 9 106 105 104 102 101 100 99 93 92
 7 -45 5 96 93 91 90 75
 9 -10 8 101 98 96 94 93 92 91 90
 3 -38 8 107 100 97 95 94 93 92 91
 4 -44 6 99 98 96 95 87 86
 1 -10 7 106 97 96 95 93 91 90
 7 -85 6 108 98 95 92 91 86
 5 -39 6 107 106 103 99 97 86
 5 -95 6 109 98 95 94 92 88
 10 -31 6 108 102 98 92 91 90
 5 -81 5 109 104 95 91 86
 7 -30 5 105 104 100 90 87
 10 -29 5 103 101 99 96 93
 6 -90 4 98 97 91 86
 4 -43 4 103 99 95 92
 10 -79 4 106 104 101 92
 1 -80 4 98 94 92 91
 10 -78 3 106 90 87
 3 -74 3 94 93 90
 8 -27 3 105 104 92
 8 -36 3 93 92 90
 9 -30 2 97 90
 7 -64 2 91 90
 3 -83 2 100 90
 8 -80 2 98 94
 4 -18 1 90
 1 -50 1 91
 1 -84 1 90
 6 -15 1 91
 1 -81 1 112
 2 -11 1 112
 3 -69 1 112
 3 -38 1 112
 3 -24 1 112
 10 -54 1 112
 9 -37 1 112
 3 -91 1 112
 7 -98 1 112
 3 -70 1 112
 2 -6 1 112
 1 -21 1 112
 7 -62 1 112
 2 -13 1 112
 7 -38 1 112
 5 -66 1 112
 10 -54 1 112
 4 -47 1 112
 2 -17 1 112
 8 -78 1 112
 9 -43 1 112
 9 -19 1 112
 0 28740 0
