112
 0 -26 24 2 3 4 5 6 7 8 9 10 11 12 13 14 15 16 17 21 22 23 24 27 37 39 45
 9 -84 13 59 56 51 44 43 42 40 36 35 33 26 19 18
 10 -61 14 66 56 49 46 44 41 36 34 33 32 30 29 25 20
 8 -22 17 66 65 63 61 57 56 53 50 48 47 46 42 40 38 35 33 30
 10 -25 12 66 63 57 56 50 41 38 36 34 33 31 25
 10 -77 11 83 70 57 51 49 48 46 44 42 29 25
 1 -33 16 77 72 70 68 65 64 63 58 54 50 48 47 42 41 40 30
 2 -69 14 84 83 77 74 71 68 67 61 56 53 50 49 36 28
 8 -53 20 82 76 75 74 72 70 68 67 66 64 63 59 58 57 54 50 49 48 47 41
 5 0 14 71 69 68 67 65 63 56 55 52 50 44 40 36 32
 1 -74 13 84 68 65 63 61 58 54 51 50 49 47 43 30
 6 -66 14 79 77 75 71 70 67 66 63 56 54 50 48 41 33
 6 -63 9 70 67 64 63 58 53 48 41 25
 7 -90 13 74 68 64 63 61 59 52 50 49 48 47 46 42
 1 -5 19 79 78 77 74 71 70 69 67 65 64 63 61 60 58 57 53 50 47 40
 1 -94 18 109 79 77 71 67 64 63 62 61 58 56 55 54 53 50 48 43 40
 6 -18 17 84 83 79 77 71 70 69 67 64 63 61 59 56 55 53 50 36
 5 -12 9 83 82 74 71 70 65 53 48 29
 1 -69 9 83 82 78 74 70 68 60 49 29
 8 -5 18 83 82 76 75 74 72 69 68 67 64 63 62 61 58 55 54 50 48
 4 -50 14 109 83 82 77 71 70 66 65 61 60 56 53 49 47
 2 -50 18 89 84 83 82 81 79 78 77 71 68 67 64 63 62 61 60 50 47
 3 -42 13 110 83 82 78 74 72 71 67 66 60 51 49 47
 2 -29 13 83 82 78 71 69 68 67 60 56 53 50 47 44
 3 -91 16 90 84 82 81 79 78 77 76 75 71 69 68 65 62 60 47
 9 -46 10 89 83 76 74 66 63 61 58 47 38
 9 -35 14 109 89 83 82 79 77 74 71 67 64 63 62 53 47
 7 -79 17 111 110 109 88 87 82 79 78 76 70 69 65 64 63 60 55 54
 8 -16 13 109 89 84 79 77 72 67 64 63 61 58 50 47
 1 -86 20 109 108 101 90 89 88 83 82 80 79 78 76 75 74 73 71 69 67 62 60
 3 -83 11 109 108 90 86 82 77 74 67 62 58 48
 8 -85 14 109 88 83 82 81 80 77 76 75 73 70 62 60 53
 8 -50 13 107 103 84 82 80 76 74 73 72 68 64 62 58
 7 -36 13 111 107 103 84 82 80 76 74 72 68 64 62 58
 4 -45 10 107 101 90 77 75 70 69 68 58 55
 7 -66 11 109 102 101 90 89 86 82 75 62 60 58
 7 -37 20 111 110 109 108 107 105 102 101 99 96 93 90 89 88 87 86 85 80 78 75
 3 -73 12 111 108 106 103 101 86 82 81 77 70 68 62
 6 -21 11 101 89 86 85 82 80 79 75 74 73 68
 8 -61 18 111 110 108 107 106 102 101 100 99 96 90 89 88 86 85 84 83 82
 9 -54 11 111 108 101 96 85 83 80 78 73 61 60
 1 -21 10 110 104 101 82 81 80 71 67 62 60
 10 -1 11 110 108 105 102 96 86 85 80 73 66 60
 6 -58 13 111 107 103 101 99 96 86 85 81 80 74 73 64
 9 -21 14 111 110 108 107 105 104 99 98 89 87 85 78 74 72
 7 -84 11 111 108 102 101 96 92 82 81 77 75 60
 6 -11 9 111 107 103 101 99 88 86 85 55
 10 -72 10 102 101 100 96 89 85 84 78 73 60
 1 -80 9 108 107 106 105 90 80 79 69 62
 3 -70 18 111 108 107 106 105 104 103 102 101 99 98 97 96 95 93 87 85 80
 2 -70 14 111 109 107 104 102 101 100 97 96 91 89 87 80 77
 5 -43 12 111 109 108 103 102 100 99 97 91 82 78 72
 2 -65 12 110 106 105 102 100 99 98 97 93 92 91 72
 4 -7 13 108 106 105 104 101 100 97 96 93 92 86 85 81
 4 -5 8 108 105 102 100 96 91 80 73
 7 -16 12 107 106 103 100 99 98 97 96 95 94 91 90
 5 -83 11 109 106 105 101 100 98 97 96 94 91 86
 1 -34 9 106 100 96 95 94 93 88 85 81
 9 -3 10 109 105 102 101 96 95 94 92 91 88
 5 -18 8 107 106 103 99 95 94 93 91
 4 -74 8 110 105 102 100 99 93 92 91
 4 -7 6 99 97 93 92 87 85
 1 -97 6 102 101 97 96 90 85
 1 -4 7 108 106 104 100 94 93 92
 10 -88 6 105 98 96 94 91 89
 4 -28 5 101 100 99 93 81
 8 -83 6 103 102 100 99 93 92
 9 -1 6 110 109 100 99 97 96
 6 -46 5 104 103 93 92 86
 2 -62 5 104 98 97 95 85
 9 -88 5 98 97 96 92 91
 1 -86 4 101 96 94 86
 2 -23 4 104 98 97 93
 2 -96 4 102 95 93 91
 5 -44 4 106 104 100 97
 10 -74 4 102 96 95 91
 1 -50 3 99 95 93
 3 -94 3 95 94 92
 5 -19 3 104 96 93
 8 -57 2 94 92
 2 -58 2 98 91
 6 -30 2 105 98
 3 -92 2 92 91
 5 -74 2 94 93
 6 -74 1 91
 3 -48 1 95
 3 -63 1 94
 9 -97 1 97
 2 -100 1 103
 9 -20 1 92
 6 -25 1 112
 8 -46 1 112
 8 -74 1 112
 4 -70 1 112
 3 0 1 112
 6 -41 1 112
 8 -24 1 112
 5 -40 1 112
 5 -21 1 112
 2 -88 1 112
 1 -34 1 112
 4 -65 1 112
 3 -8 1 112
 4 -76 1 112
 5 -73 1 112
 4 -36 1 112
 9 -91 1 112
 5 -97 1 112
 3 -92 1 112
 10 -36 1 112
 2 -59 1 112
 0 28580 0
