112
 0 -78 16 2 3 4 6 7 8 10 12 13 14 17 19 22 23 30 37
 8 -32 4 35 28 16 5
 5 -34 8 40 39 33 28 27 21 15 11
 9 -85 11 44 41 40 34 33 32 27 26 24 21 16
 4 -5 5 39 38 24 11 9
 6 -88 12 48 47 41 39 36 35 33 32 29 27 25 18
 2 -5 12 59 42 41 40 39 36 35 32 27 25 24 18
 7 -62 6 51 44 34 27 21 11
 3 -9 9 59 48 47 44 41 36 32 27 18
 7 -38 5 59 44 39 20 18
 10 -31 11 65 59 55 54 48 47 42 41 36 32 25
 9 -18 11 65 59 55 51 47 45 42 36 35 34 25
 3 -46 12 53 51 50 47 45 43 42 40 38 36 35 31
 2 -14 7 65 55 53 46 40 26 21
 1 -25 6 62 47 45 44 36 18
 4 -69 11 65 62 59 55 54 53 52 50 43 42 36
 6 -6 9 65 53 52 48 47 46 45 39 34
 2 -52 11 86 65 57 55 53 52 51 49 46 43 34
 3 -38 9 59 53 52 51 50 43 42 36 35
 9 -32 6 50 49 48 42 41 36
 10 -66 8 62 59 52 50 45 43 42 35
 1 -88 6 59 51 50 48 47 36
 3 -64 8 69 62 53 50 47 45 44 40
 1 -49 5 53 50 48 46 45
 1 -70 8 81 70 62 53 52 50 49 43
 6 -50 6 68 58 51 50 45 39
 2 -96 11 86 76 69 66 65 63 62 60 57 50 49
 4 -67 11 69 68 67 65 62 60 58 56 52 51 45
 6 -89 10 86 70 64 63 61 59 56 54 49 46
 10 -88 10 86 70 67 64 61 59 57 56 52 46
 8 -9 5 70 65 57 49 41
 5 -92 11 71 70 69 67 62 61 60 58 57 56 45
 10 -98 15 86 83 76 75 71 70 69 67 66 64 63 62 61 58 57
 1 -31 10 81 71 70 69 68 66 60 58 54 50
 1 -38 14 86 77 76 75 69 68 67 66 64 63 61 60 58 57
 2 -17 7 86 75 67 63 61 58 46
 5 -2 10 86 71 68 67 66 64 60 58 57 54
 7 -38 6 86 81 64 58 52 49
 9 -33 11 77 76 71 70 69 67 66 64 63 60 57
 8 -30 10 98 84 81 72 71 68 67 61 56 52
 7 -64 8 81 69 67 64 62 61 56 52
 9 -24 11 84 83 79 77 75 70 67 64 63 61 57
 7 -67 10 98 77 76 75 71 69 64 61 60 58
 3 -31 8 77 71 67 66 64 63 60 57
 7 -79 14 98 86 84 83 81 77 76 75 74 73 72 66 64 63
 2 -83 13 98 82 81 78 77 76 74 72 71 69 68 66 60
 4 -46 10 86 84 83 78 77 76 71 67 63 57
 10 -40 8 82 76 75 70 67 62 58 57
 5 -66 10 98 84 82 78 77 73 72 71 68 67
 1 -35 4 84 64 61 56
 6 -62 7 81 74 73 72 71 64 63
 3 -53 8 83 82 78 76 75 74 66 63
 5 -8 8 98 97 83 79 78 77 73 63
 9 -44 9 93 85 79 78 77 76 75 74 73
 4 -53 14 98 97 95 94 93 92 91 90 87 84 83 82 78 74
 1 -48 9 96 93 91 85 79 78 77 75 73
 10 -73 9 110 98 95 93 88 81 74 73 72
 10 -41 8 95 94 93 91 88 84 73 72
 2 -92 7 96 94 93 85 79 78 73
 9 -55 9 111 109 97 88 85 84 83 80 79
 9 -34 8 97 95 93 90 88 85 74 73
 4 -45 8 111 98 95 93 85 80 78 77
 4 -81 11 111 110 109 96 95 94 93 91 87 85 80
 6 -20 8 111 93 92 90 87 82 80 78
 9 -42 11 111 110 109 104 103 97 96 94 90 88 80
 2 -66 7 109 108 97 94 93 88 79
 2 -71 8 111 110 109 94 93 90 87 80
 2 -7 8 108 106 97 95 93 91 87 85
 2 -30 5 108 96 89 85 79
 9 -74 8 111 110 104 98 93 92 90 80
 2 -80 5 109 103 96 80 79
 4 -1 7 109 108 107 97 90 89 85
 5 -29 6 111 109 105 104 87 80
 10 -9 7 111 109 107 104 103 96 80
 1 -3 8 110 109 108 103 97 95 94 89
 1 -34 9 111 110 108 105 104 102 99 97 90
 8 -16 7 110 107 104 103 102 94 90
 1 -27 5 109 105 104 103 88
 9 -9 6 110 107 104 99 95 90
 8 -40 4 108 106 101 89
 1 -91 4 111 105 104 89
 2 -60 6 109 107 104 102 100 99
 3 -29 6 110 106 104 101 100 99
 4 -7 5 106 103 100 99 96
 4 -26 4 104 103 100 92
 3 -3 4 103 102 100 92
 5 -57 3 107 103 89
 3 -62 2 107 89
 4 -77 3 102 100 99
 5 -94 3 106 101 100
 3 -8 3 101 100 99
 10 -81 2 105 99
 9 -78 2 103 99
 8 -12 2 105 99
 7 -28 1 101
 4 -20 1 101
 5 -4 1 101
 4 -45 1 100
 10 -4 1 112
 2 -8 1 112
 8 -46 1 112
 10 -73 1 112
 3 -91 1 112
 9 -57 1 112
 8 -11 1 112
 10 -43 1 112
 10 -93 1 112
 10 -21 1 112
 5 -100 1 112
 1 -82 1 112
 6 -50 1 112
 0 25625 0
