112
 0 -44 22 2 3 4 5 6 7 8 9 10 11 12 13 14 15 16 17 19 20 21 24 31 35
 8 -41 13 65 57 56 51 47 46 45 44 34 29 27 26 23
 1 -65 15 69 64 61 55 52 51 47 46 45 41 39 38 36 25 22
 7 -16 22 80 73 68 65 64 63 61 60 59 56 55 54 52 50 49 46 45 43 42 41 36 28
 2 -61 18 87 80 75 73 71 70 65 63 60 58 57 56 50 48 46 41 40 23
 10 -10 11 73 69 64 53 51 50 47 44 39 30 18
 4 -24 19 80 73 71 69 65 64 61 59 57 56 54 50 47 44 42 39 38 36 34
 8 -32 13 73 69 65 64 59 57 51 50 48 47 42 41 33
 7 -33 9 80 73 57 56 47 44 42 34 23
 7 -29 15 87 80 75 73 62 59 56 55 54 53 50 48 43 37 34
 3 -37 12 87 75 73 63 60 55 54 46 41 37 32 30
 6 -76 11 69 66 65 61 59 53 47 44 40 39 25
 2 -3 14 80 76 73 69 62 60 59 57 56 53 50 41 40 33
 2 -96 14 86 80 75 68 66 64 61 60 59 56 53 52 43 32
 4 -19 20 86 84 75 74 70 69 68 67 65 63 62 61 60 57 56 55 54 50 46 41
 8 -44 13 80 79 73 72 68 65 64 54 50 43 42 39 38
 8 -73 11 80 74 73 69 59 57 54 50 42 39 34
 9 -26 14 80 72 70 68 67 66 65 56 55 54 46 42 38 37
 6 -56 12 75 68 62 59 57 56 55 54 50 47 39 37
 9 -47 13 87 80 69 68 67 66 65 63 60 54 47 42 37
 10 -52 8 80 71 68 65 59 56 37 32
 6 -29 16 92 87 86 85 84 80 79 71 68 65 62 59 57 56 54 50
 5 -33 11 85 84 69 68 64 62 59 55 54 39 36
 9 -5 9 106 91 86 75 73 68 66 54 32
 9 -92 17 111 91 87 86 85 83 80 79 75 74 73 72 68 67 60 54 42
 3 0 9 76 70 68 62 55 53 50 41 37
 2 -97 14 87 86 85 84 78 77 75 73 71 70 67 64 63 41
 1 -92 8 87 72 67 66 62 57 47 37
 5 -67 16 111 103 91 88 85 83 80 79 78 77 70 68 67 61 60 59
 8 -20 17 111 108 103 92 91 90 89 86 85 84 79 78 74 71 68 59 57
 4 -64 13 111 110 91 88 84 78 77 73 70 69 67 66 46
 3 -31 12 111 109 108 85 83 79 77 72 70 69 67 42
 2 -47 16 111 109 108 92 91 87 86 85 83 77 75 71 70 68 55 54
 10 -40 6 111 79 70 68 58 41
 10 -65 19 110 109 108 107 105 103 101 91 90 89 88 86 84 80 79 76 73 68 59
 10 -3 15 110 108 106 105 104 103 101 92 90 79 78 76 74 72 53
 5 -22 17 111 108 107 105 104 103 101 100 91 86 85 84 82 81 78 77 74
 2 -79 16 110 109 108 107 105 104 99 97 91 87 86 83 78 77 75 74
 8 -55 14 111 109 108 107 105 104 103 101 91 88 86 77 76 67
 5 -5 16 107 106 104 103 101 100 91 88 86 85 84 82 81 79 77 72
 3 -67 14 110 109 107 106 105 104 102 99 97 92 89 88 83 66
 4 -94 12 110 107 105 104 100 92 90 88 84 81 76 62
 3 -17 10 111 109 105 103 78 77 76 74 71 69
 10 -83 11 105 104 100 91 89 84 82 81 79 72 62
 6 -53 11 111 110 108 90 88 83 82 78 72 70 67
 6 -84 14 109 108 107 105 104 103 100 99 94 92 90 85 83 76
 8 -75 13 110 108 107 104 102 98 97 92 91 90 88 83 70
 6 -86 10 110 108 107 106 103 101 85 82 74 67
 5 -76 12 107 105 104 100 92 90 89 88 84 82 81 78
 8 -3 10 109 106 105 104 99 97 96 91 83 66
 8 -78 7 103 102 101 88 81 80 68
 5 -98 14 109 107 106 105 104 103 102 101 100 99 95 93 88 84
 2 -78 6 111 98 88 82 77 67
 6 -92 10 107 105 101 100 99 98 93 89 88 82
 1 -64 8 103 100 98 90 88 82 81 79
 2 -94 7 111 107 99 98 88 82 77
 9 -20 9 110 109 105 104 98 96 93 83 81
 1 -77 8 107 103 101 100 97 85 81 78
 8 -61 7 106 100 98 93 82 81 72
 7 -23 12 110 109 108 107 105 104 102 101 98 97 95 94
 4 -29 9 108 101 99 98 97 95 93 89 87
 1 -74 8 103 102 101 99 97 96 93 78
 10 -70 8 111 110 99 98 97 94 88 79
 3 -50 6 109 102 101 91 82 81
 7 -58 6 97 96 93 89 83 81
 4 -94 8 108 103 101 100 98 95 94 90
 5 -19 6 102 100 97 96 93 81
 7 -69 6 100 98 96 94 93 82
 10 -4 6 102 100 97 93 89 81
 7 -74 5 100 96 95 93 81
 10 -94 6 101 100 97 96 95 94
 3 -66 5 102 99 97 96 95
 4 -92 5 99 98 97 96 93
 5 -37 4 95 94 93 88
 7 -48 4 98 96 93 89
 2 -72 3 98 96 82
 8 -13 3 102 93 89
 2 -42 3 98 95 94
 8 -10 3 96 95 93
 5 -21 3 104 97 94
 1 -87 2 99 94
 3 -35 2 97 95
 9 -4 2 101 95
 5 -92 2 98 96
 4 -39 2 98 93
 6 -18 2 94 93
 10 -47 2 106 100
 7 -78 1 96
 5 -68 1 94
 1 -52 1 93
 9 -56 1 93
 9 -52 1 93
 3 -1 1 112
 1 -28 1 112
 2 -71 1 112
 7 -35 1 112
 6 -89 1 112
 2 -69 1 112
 2 -29 1 112
 2 -53 1 112
 1 -50 1 112
 6 -24 1 112
 3 -27 1 112
 5 -32 1 112
 1 -17 1 112
 2 -42 1 112
 9 -31 1 112
 3 -70 1 112
 5 -81 1 112
 1 -2 1 112
 10 -54 1 112
 0 27610 0
