112
 0 -54 26 2 3 4 5 6 7 8 9 10 11 12 14 15 16 17 18 19 20 22 23 25 27 30 31 43 50
 8 -11 14 74 70 66 59 56 55 49 39 38 36 34 33 26 24
 7 -97 10 69 66 56 49 46 40 34 32 29 13
 8 -55 12 74 73 70 55 51 42 41 34 33 29 26 24
 7 -70 13 72 70 66 64 56 55 47 39 37 35 34 29 21
 5 -55 12 74 59 57 56 54 49 39 38 36 33 32 26
 4 -55 16 80 79 74 70 69 59 57 56 54 49 48 47 46 38 36 33
 9 -54 14 74 72 70 66 64 59 58 51 49 44 40 38 37 34
 9 -43 13 79 74 73 72 65 61 58 57 55 48 40 38 28
 3 -90 13 80 79 74 72 64 61 55 49 48 46 41 39 38
 6 -45 17 111 74 70 69 67 64 63 62 58 57 56 55 52 49 48 47 35
 10 -46 12 80 79 72 69 64 58 57 55 49 46 38 34
 3 -24 15 83 80 79 74 67 65 64 63 58 57 54 53 48 38 36
 3 -14 12 80 74 70 69 67 65 64 60 56 38 36 34
 1 -73 13 111 86 79 73 72 63 60 58 54 48 46 38 35
 1 -92 14 79 78 72 70 69 68 65 64 57 54 53 52 49 40
 8 -21 17 111 109 88 80 74 71 70 68 66 64 63 62 59 58 54 49 47
 8 -46 11 111 83 80 72 70 66 64 56 54 48 39
 1 -67 17 110 86 83 80 79 75 74 70 69 62 61 59 58 57 54 52 48
 6 -61 15 111 109 83 82 79 74 73 72 64 61 60 57 56 54 46
 5 -66 18 110 86 83 79 78 77 75 74 73 69 68 65 62 60 59 58 54 52
 1 -92 15 111 110 106 104 86 85 83 80 79 68 67 63 60 56 38
 4 -24 19 111 110 109 88 84 83 82 79 74 72 69 68 63 62 60 58 56 55 54
 4 -33 12 111 110 80 79 77 65 64 62 58 57 52 47
 4 -69 12 83 79 75 74 73 72 69 67 61 52 48 46
 5 -30 13 83 82 79 78 76 69 68 67 65 63 61 58 40
 5 -86 10 79 70 69 67 63 61 60 54 48 45
 5 -28 14 111 85 84 83 78 77 70 69 68 64 63 56 54 52
 3 -19 12 111 110 87 83 80 79 67 63 61 54 52 48
 8 -1 16 109 107 102 87 86 85 82 80 78 76 72 71 70 63 62 49
 8 -36 18 109 107 105 102 87 86 84 83 82 80 79 78 76 71 63 62 61 60
 10 -54 11 111 106 105 83 80 75 72 70 64 62 48
 3 -71 13 109 102 98 88 84 83 82 77 76 71 64 63 58
 7 -8 8 109 105 88 85 83 75 61 48
 7 -80 17 109 107 105 104 101 88 87 85 83 82 81 80 78 76 75 68 61
 9 -62 24 111 110 107 106 105 104 103 102 101 100 99 98 97 96 95 88 87 85 84 82 81 77 75 72
 7 -100 16 107 106 105 104 102 100 88 86 85 84 83 82 80 78 73 60
 6 -90 13 108 107 102 101 96 84 81 78 77 76 75 62 52
 10 -81 11 110 109 108 107 88 84 77 69 62 60 58
 6 -24 16 111 110 109 108 107 106 105 104 102 96 86 85 84 77 62 60
 2 -3 16 111 110 105 104 103 100 99 94 88 87 86 85 83 82 68 63
 2 -58 16 109 108 107 106 105 104 100 96 86 84 78 77 75 72 71 60
 1 -83 16 110 109 107 106 105 104 100 97 87 86 79 78 75 72 71 67
 9 -80 14 108 107 105 104 100 97 85 84 79 78 76 71 63 61
 5 -21 10 109 102 98 84 83 82 78 77 64 58
 4 -45 14 110 107 106 105 104 101 85 81 78 77 76 68 65 62
 6 -40 17 106 105 104 102 101 100 99 96 87 86 85 84 83 81 78 76 75
 5 -56 14 107 104 101 100 99 98 97 96 84 82 81 78 76 68
 3 -89 11 110 106 105 104 100 96 84 83 77 73 60
 7 -9 15 109 107 104 103 102 101 98 97 96 95 86 84 82 76 75
 7 -50 11 108 106 105 104 100 96 86 82 76 75 65
 4 -79 12 109 105 103 100 99 98 97 94 92 88 82 71
 2 -42 12 110 106 102 100 99 97 96 95 93 86 81 76
 10 -42 12 108 107 106 102 101 100 99 96 93 92 91 76
 9 -84 11 107 106 102 101 100 99 98 96 94 85 75
 7 -20 10 107 103 102 100 99 98 93 87 75 71
 9 -97 13 105 103 100 98 97 95 94 93 92 91 90 89 87
 7 -59 10 106 105 104 103 101 99 96 90 85 81
 5 -70 10 104 101 99 97 96 95 94 90 87 81
 10 -8 10 101 99 98 97 95 94 93 92 90 81
 10 -45 7 106 98 95 93 92 91 77
 4 -66 9 100 99 98 97 95 93 91 90 89
 5 -27 6 101 96 95 92 81 75
 1 -41 7 107 100 97 96 94 89 86
 7 -20 7 102 99 92 91 90 89 84
 7 -55 6 103 102 99 93 90 81
 3 -53 4 101 96 90 81
 5 -58 5 102 95 93 92 89
 2 -37 5 104 96 93 92 89
 7 -10 5 98 95 92 91 89
 6 -73 4 95 91 90 89
 2 -14 4 93 91 90 89
 6 0 4 98 97 90 89
 5 -32 4 102 92 90 89
 10 -40 3 91 90 89
 3 -79 3 94 90 89
 7 -17 3 94 90 89
 8 -79 3 103 92 89
 7 -34 3 98 94 90
 9 -56 3 96 95 90
 8 -24 2 91 89
 1 -3 2 93 90
 5 -31 2 97 93
 4 -83 1 93
 10 -97 1 92
 5 -50 1 92
 8 -78 1 108
 7 -5 1 89
 1 -36 1 112
 6 -11 1 112
 5 -11 1 112
 7 -2 1 112
 3 -68 1 112
 7 -68 1 112
 8 -85 1 112
 6 -37 1 112
 9 -28 1 112
 4 -55 1 112
 6 -78 1 112
 5 -96 1 112
 1 -35 1 112
 6 -72 1 112
 5 -66 1 112
 4 -83 1 112
 3 -27 1 112
 5 -59 1 112
 10 -35 1 112
 10 -95 1 112
 2 -8 1 112
 7 -39 1 112
 3 -44 1 112
 0 27535 0
