122
 0 -77 5 2 3 5 7 9
 5 -45 10 24 23 22 16 14 12 11 10 8 6
 10 -42 5 23 18 16 14 4
 5 -71 6 25 24 22 19 10 8
 7 -86 9 28 26 25 24 22 21 19 18 15
 4 -18 6 28 26 19 17 15 13
 5 -69 7 45 32 28 26 24 17 16
 8 -85 6 34 28 26 21 17 15
 10 -7 6 34 32 26 20 19 15
 4 -58 3 26 15 13
 5 -92 4 45 34 21 17
 1 -17 7 45 42 41 35 30 29 21
 6 -15 7 45 42 41 38 34 29 21
 10 -24 3 32 31 17
 10 -99 8 45 42 37 35 33 31 30 27
 4 -34 4 38 34 27 20
 5 -12 7 42 41 37 35 33 30 27
 10 -8 7 45 42 41 37 34 30 27
 7 -95 6 46 42 41 37 33 31
 4 -64 6 46 42 41 37 33 31
 8 -59 4 33 32 31 27
 2 -28 4 42 30 29 27
 9 -81 4 33 32 29 27
 4 -30 4 37 31 29 27
 4 -62 4 38 37 34 27
 3 -99 2 29 27
 9 -67 6 50 47 46 43 40 36
 2 -24 6 51 50 47 41 40 36
 7 -94 5 50 46 43 40 36
 6 -95 7 53 52 51 50 47 46 38
 2 -32 4 52 47 43 36
 1 -20 4 47 46 39 37
 8 -81 5 53 50 44 43 40
 10 -35 5 51 47 46 40 39
 1 -72 8 56 55 53 52 49 48 46 44
 9 -14 2 53 39
 6 -39 10 65 61 56 55 54 53 52 51 49 48
 10 -32 1 39
 4 -31 7 61 60 56 55 49 48 44
 2 -87 10 65 63 61 59 56 55 54 52 49 48
 4 -92 5 56 53 49 48 44
 3 -54 9 71 64 63 61 60 59 54 53 49
 2 -6 7 71 65 61 56 54 51 48
 4 -44 9 75 71 65 63 62 59 58 57 54
 7 -50 9 75 71 66 65 64 63 59 58 57
 2 -29 8 73 67 65 64 63 62 61 60
 1 -55 5 74 70 58 54 49
 2 -18 8 83 75 70 67 66 64 62 57
 9 -100 6 83 75 67 66 62 57
 10 -65 6 82 74 71 69 57 56
 2 -82 5 83 67 66 63 62
 7 -46 6 76 74 71 70 68 60
 1 -44 4 76 75 66 58
 8 -42 7 82 80 76 72 69 68 66
 4 -63 5 82 73 71 69 67
 10 -38 5 83 77 75 73 66
 4 -36 7 87 85 79 78 76 73 72
 3 -17 6 85 83 80 79 72 69
 1 -69 6 85 84 82 76 74 67
 3 -73 4 80 72 69 66
 4 -31 11 97 87 85 84 83 82 81 79 77 76 74
 2 -81 6 82 80 79 77 69 68
 6 -82 6 85 79 77 76 70 68
 10 -96 9 97 87 86 85 84 82 81 79 72
 5 -93 9 97 89 87 86 84 83 80 79 72
 8 0 7 91 88 87 85 81 79 78
 10 -61 6 97 87 86 80 79 72
 6 -30 8 98 92 91 90 88 87 84 78
 8 -39 6 96 91 87 84 81 78
 1 -16 9 101 98 96 95 92 89 88 84 80
 9 -31 6 96 95 92 88 85 79
 7 -91 4 98 90 88 77
 2 -57 4 89 84 81 80
 5 -85 9 101 98 96 95 94 93 92 91 88
 3 -10 8 105 101 98 95 92 91 87 86
 8 -35 7 101 95 94 92 91 89 86
 6 -8 7 101 96 95 94 93 92 91
 2 -26 5 101 97 95 89 86
 10 -52 5 100 98 94 93 90
 7 0 5 107 106 94 93 91
 2 -18 5 102 101 98 94 92
 1 -75 4 110 93 92 89
 2 -1 8 121 108 106 105 104 101 98 95
 4 -54 7 110 107 106 104 99 94 93
 2 -68 8 121 106 105 104 102 101 99 98
 6 -16 6 110 108 106 103 99 93
 3 -48 7 121 114 110 106 103 102 99
 4 -78 8 114 113 112 110 108 107 106 100
 10 -53 6 121 112 108 105 104 100
 10 -56 6 112 109 106 104 102 101
 9 -17 5 114 110 104 103 99
 6 -20 5 121 114 107 106 99
 4 -56 7 121 120 114 113 112 109 102
 1 -68 5 120 113 112 105 103
 1 -65 4 114 110 103 100
 10 -7 6 121 114 113 111 108 107
 9 -26 7 121 120 119 117 113 112 110
 10 -40 6 120 117 113 112 111 107
 7 -69 3 119 112 100
 4 -12 5 120 118 115 111 109
 1 -67 4 117 113 110 107
 8 -76 5 119 118 117 115 111
 2 -54 4 119 118 115 111
 10 -13 4 119 117 116 113
 7 -14 4 119 118 117 114
 3 -18 4 120 118 117 115
 2 -17 3 119 116 115
 7 -15 3 118 117 115
 3 -29 2 117 116
 3 -89 2 116 115
 7 -32 1 116
 4 -69 1 118
 2 -47 1 115
 3 -5 1 115
 7 -37 1 122
 9 -68 1 122
 9 -22 1 122
 10 -49 1 122
 6 -89 1 122
 2 -94 1 122
 3 -22 1 122
 0 29100 0
