112
 0 -62 20 2 3 4 5 6 7 8 9 10 11 12 13 14 15 16 18 21 22 24 25
 2 -63 7 49 46 31 27 20 19 17
 1 -58 8 46 36 35 31 30 28 26 17
 6 -53 16 58 49 48 47 46 45 43 42 41 39 38 37 36 35 34 31
 3 -87 10 60 57 48 44 42 32 31 30 28 26
 7 -55 13 58 50 45 43 42 41 39 38 35 34 33 31 30
 1 -90 11 60 51 50 46 44 42 41 34 33 31 23
 7 -81 8 57 50 48 46 37 31 28 23
 7 -55 15 55 53 51 50 48 47 45 43 42 41 37 34 33 32 31
 8 -52 8 57 45 44 38 37 33 30 23
 9 -39 8 57 53 49 46 45 43 39 19
 6 -81 7 60 41 38 34 33 30 23
 5 -63 8 57 51 50 45 44 39 34 23
 4 -21 6 57 51 49 47 44 17
 3 -96 6 60 50 48 44 28 23
 7 -31 7 60 58 57 50 34 31 28
 8 -97 11 63 58 56 53 50 48 45 43 40 39 37
 4 -86 10 61 58 56 54 51 50 46 42 36 29
 1 -71 10 62 60 55 51 48 44 42 40 34 32
 5 -56 9 63 60 54 53 51 48 42 36 35
 2 -17 9 70 63 57 54 53 51 45 39 35
 9 -97 8 70 57 56 53 47 42 37 33
 4 -69 6 62 49 47 43 35 32
 5 -1 8 59 58 56 54 53 47 45 39
 2 -47 8 65 63 62 60 53 51 42 35
 7 -70 8 65 63 62 53 50 49 40 34
 10 -80 10 70 69 64 62 60 57 55 54 53 44
 6 -78 7 74 62 53 52 51 45 43
 2 -99 9 75 64 62 60 59 57 55 52 44
 5 -87 6 73 67 65 55 47 40
 6 -32 7 73 70 64 63 62 54 40
 9 -45 13 74 73 72 70 69 67 66 65 64 61 59 58 54
 2 -17 6 73 67 65 64 63 40
 5 -33 8 74 73 67 64 61 59 56 52
 2 -54 4 64 56 55 40
 4 -79 11 78 74 72 70 69 66 65 64 62 59 57
 5 -95 10 74 72 69 67 65 64 62 60 59 54
 4 -14 7 74 69 65 64 59 53 51
 10 -23 9 78 75 71 68 67 62 60 55 52
 6 -24 6 75 74 68 61 59 52
 10 -80 7 74 72 71 69 68 61 57
 9 -100 11 82 78 77 75 74 73 72 71 69 67 66
 7 -94 7 87 77 73 72 70 64 54
 6 0 7 77 73 68 67 66 65 63
 5 -43 13 111 87 85 82 80 79 77 75 72 71 68 67 65
 5 -48 10 83 82 78 77 76 75 74 72 69 66
 10 -15 9 111 87 85 77 75 71 68 64 63
 8 -82 8 82 78 72 71 68 67 66 64
 5 -83 6 87 85 81 74 72 56
 6 -36 7 82 81 78 72 69 68 64
 1 -28 9 89 86 82 78 77 75 73 68 66
 7 -10 7 83 82 77 76 72 69 66
 4 -4 7 111 86 79 73 71 68 61
 6 -14 12 111 91 86 85 82 81 80 79 76 75 71 68
 10 -77 17 111 110 109 106 104 93 92 90 87 85 84 83 81 80 79 76 72
 7 -92 12 111 91 90 89 86 82 80 79 77 76 75 68
 1 -21 11 111 110 89 87 86 84 83 79 77 73 67
 5 -34 11 111 93 91 86 82 81 80 79 77 76 71
 4 -20 12 111 105 101 93 91 85 84 82 81 80 79 71
 6 -27 13 93 92 90 89 88 87 86 84 80 79 77 76 73
 9 -71 10 110 91 89 85 83 82 80 78 77 76
 2 -96 15 110 105 104 101 93 92 91 89 87 86 85 84 83 81 79
 4 -22 9 110 91 89 84 82 80 79 78 74
 5 -6 12 109 106 104 93 92 91 89 86 84 80 79 76
 8 -58 14 110 109 108 105 104 101 93 92 91 90 88 86 84 81
 8 -24 13 111 105 104 101 93 92 91 87 85 84 81 80 79
 5 -62 9 106 105 104 93 92 91 88 81 76
 4 -60 12 110 108 107 105 104 102 101 100 93 92 84 83
 3 -37 12 111 110 108 107 105 104 101 92 90 87 85 79
 9 -59 12 111 109 107 104 103 101 99 90 89 88 86 81
 10 -47 11 110 109 107 106 104 102 100 92 90 89 83
 6 -66 8 107 105 103 101 100 91 89 86
 4 -100 11 107 105 104 101 100 98 97 96 95 94 91
 2 -69 10 107 105 103 101 100 99 96 95 94 88
 1 -34 9 109 105 101 99 98 97 95 93 92
 7 -26 10 108 107 103 102 101 99 97 96 95 94
 5 -87 8 109 105 100 99 97 96 95 94
 5 -79 6 104 102 96 95 94 88
 3 -86 5 100 99 96 95 94
 8 -8 5 108 98 97 96 95
 8 -77 5 102 100 98 95 94
 5 -69 5 106 98 96 95 94
 9 -83 3 99 95 88
 1 -1 4 103 96 95 94
 8 -73 4 103 97 95 94
 4 -25 3 98 95 94
 7 -64 3 102 100 94
 4 -30 2 98 97
 6 -32 2 97 96
 8 -24 2 97 94
 4 -82 1 99
 7 -91 1 94
 6 -59 1 96
 1 -46 1 112
 7 -90 1 112
 9 -24 1 112
 10 -98 1 112
 8 -28 1 112
 5 -96 1 112
 7 -13 1 112
 9 -64 1 112
 1 -6 1 112
 3 -39 1 112
 1 -5 1 112
 7 -40 1 112
 3 -65 1 112
 6 -87 1 112
 9 -29 1 112
 2 -56 1 112
 5 -88 1 112
 1 -84 1 112
 0 30155 0
