112
 0 -3 24 2 3 4 5 6 7 8 9 10 12 13 14 15 16 17 19 20 21 24 27 28 29 30 42
 1 -85 18 58 56 55 53 52 49 48 47 45 43 41 40 38 37 35 33 32 26
 4 -63 12 61 56 53 52 47 46 45 32 26 25 23 22
 3 -49 8 61 58 52 45 40 37 35 11
 7 -54 15 71 65 61 59 55 54 53 50 48 47 45 43 40 39 22
 1 -6 12 71 59 56 55 53 52 50 46 37 32 23 22
 8 -68 17 81 73 65 63 60 58 54 53 50 49 47 46 45 44 39 37 33
 6 -17 14 71 67 64 61 57 55 54 53 52 50 47 45 32 23
 9 -46 11 75 73 66 63 60 54 49 48 46 37 18
 7 -99 17 81 73 71 64 63 61 60 59 57 55 52 50 47 45 40 37 33
 2 -60 11 71 68 65 62 59 56 55 54 48 47 22
 2 -19 11 75 59 57 56 52 50 48 44 40 33 32
 5 -17 19 111 87 81 70 68 67 66 65 64 63 59 56 55 53 51 50 49 39 34
 10 -66 15 81 73 71 66 63 62 61 57 56 54 49 48 40 38 33
 2 -94 9 75 71 64 63 54 40 39 33 31
 2 -15 15 111 81 77 75 72 70 69 67 64 61 59 57 49 40 32
 5 0 12 88 81 68 66 65 63 62 54 48 47 46 33
 1 -100 11 87 81 71 64 62 61 57 55 53 40 33
 2 -38 15 111 87 70 68 67 64 63 62 60 57 53 52 51 50 45
 8 -7 14 111 110 87 77 73 67 65 63 60 56 53 52 51 40
 3 -13 13 85 81 77 74 65 64 62 60 57 52 51 49 36
 2 -46 11 81 80 75 73 66 64 63 60 57 49 33
 9 -13 16 111 110 109 88 87 85 73 72 70 66 65 63 62 60 51 40
 5 -46 15 111 110 88 81 80 74 73 72 70 67 64 62 57 51 47
 10 -86 12 111 110 81 72 70 67 65 62 55 51 50 49
 7 -3 17 111 108 105 88 87 81 80 77 76 74 72 71 67 66 59 57 54
 5 -100 6 88 80 76 65 47 33
 8 -91 11 111 101 81 77 76 70 66 65 59 54 51
 7 -31 15 105 87 86 81 80 78 76 74 72 71 70 69 68 65 57
 4 -78 14 110 100 88 84 80 79 78 77 76 67 64 63 60 57
 9 -22 12 111 110 98 87 86 85 81 80 66 59 57 53
 10 -45 14 110 109 106 105 95 87 85 76 73 66 65 63 62 60
 9 -54 12 111 110 107 103 100 86 78 77 72 70 67 51
 4 -58 14 110 109 108 105 103 97 86 85 84 79 76 72 62 60
 8 -19 10 108 104 97 81 77 72 68 64 62 57
 8 -78 19 111 110 109 107 106 105 103 102 101 98 96 87 86 83 82 80 72 69 66
 9 -74 16 109 108 107 106 104 103 102 101 97 85 83 77 76 72 68 62
 1 -10 15 111 106 103 100 97 95 91 88 87 85 84 76 74 69 60
 2 -4 12 104 100 98 97 88 84 80 79 78 76 72 57
 9 -15 16 106 105 103 102 99 97 96 95 86 83 80 79 78 76 74 68
 1 -5 14 108 107 105 103 101 96 95 86 85 83 76 70 68 66
 6 -59 13 106 105 103 100 96 95 93 86 85 84 79 76 60
 1 -70 11 106 102 101 97 83 77 73 72 69 67 64
 8 -100 11 110 108 100 97 88 85 84 82 72 70 64
 1 -45 15 110 107 105 104 103 101 100 98 96 93 86 85 83 76 66
 6 -65 14 109 105 104 101 100 98 97 85 84 83 79 78 76 72
 3 -58 16 108 107 103 101 100 99 98 96 94 87 86 84 83 82 78 75
 5 -36 12 107 105 102 94 92 87 86 85 83 76 74 72
 9 -82 16 109 107 104 103 102 101 99 98 97 96 95 94 93 84 83 76
 5 -35 13 105 103 102 100 97 95 93 92 88 86 82 80 74
 2 -93 11 106 105 98 97 96 95 84 83 82 79 69
 5 -65 10 109 108 107 106 103 102 98 86 72 66
 5 -59 14 108 106 105 104 102 101 100 99 95 94 91 88 83 82
 1 -18 11 110 107 106 104 103 100 86 85 84 83 82
 1 -8 10 101 98 96 95 94 91 84 83 80 77
 6 -75 11 109 102 100 97 94 93 91 90 89 88 84
 5 -43 10 109 106 103 102 101 96 95 92 83 82
 5 -89 10 103 100 98 97 96 94 91 89 84 78
 9 -79 7 97 96 95 90 82 79 78
 1 -80 8 107 104 102 101 99 98 83 82
 2 -55 8 105 104 103 100 94 91 90 82
 6 -29 7 100 98 96 94 91 89 78
 1 -52 7 108 103 97 94 92 83 82
 10 -76 8 107 105 99 96 95 93 91 90
 8 -29 6 108 97 93 91 83 82
 5 -65 6 97 94 91 90 89 84
 4 -98 6 104 95 93 91 85 82
 1 -21 5 100 94 93 84 82
 3 -36 6 108 99 94 93 92 90
 9 -57 6 106 104 102 94 90 89
 10 -34 5 98 93 92 90 82
 7 -95 4 99 95 90 89
 9 -70 3 91 90 82
 5 -36 3 101 98 89
 10 -82 3 95 91 89
 4 -2 2 90 82
 9 -57 2 93 82
 9 -76 2 93 92
 8 -67 2 94 91
 10 -76 2 90 89
 4 -7 1 82
 8 -96 1 89
 3 -39 1 90
 5 -34 1 92
 5 -33 1 89
 8 -16 1 91
 8 -68 1 93
 2 -39 1 96
 10 -73 1 112
 4 -53 1 112
 7 -34 1 112
 8 -73 1 112
 1 -54 1 112
 7 -35 1 112
 8 -61 1 112
 7 -7 1 112
 8 -66 1 112
 8 -32 1 112
 5 -4 1 112
 6 -28 1 112
 10 -81 1 112
 5 -55 1 112
 9 -68 1 112
 1 -77 1 112
 10 -86 1 112
 3 -67 1 112
 3 -99 1 112
 5 -90 1 112
 7 -48 1 112
 2 -51 1 112
 10 -30 1 112
 0 28365 0
