112
 0 -29 9 2 3 4 5 6 7 8 9 23
 10 -99 7 24 22 19 18 17 13 10
 4 -37 7 24 22 19 17 16 15 14
 4 -76 6 22 19 17 13 12 10
 3 -43 5 24 22 16 15 11
 8 -47 4 24 17 13 10
 5 -53 4 24 19 16 14
 1 -83 5 30 25 22 19 16
 4 -82 3 16 15 14
 3 -72 4 30 27 25 16
 1 -20 4 36 30 20 19
 6 -63 3 30 27 16
 9 -22 8 34 31 30 29 28 27 26 25
 4 -18 8 40 34 31 30 28 27 26 25
 7 -86 4 30 27 25 21
 2 -75 3 36 21 20
 1 -79 9 36 34 33 32 31 30 29 27 26
 3 -35 8 34 33 32 31 30 29 27 26
 6 -60 3 29 27 21
 2 -16 6 37 33 32 31 29 28
 10 -39 7 40 35 34 33 32 31 26
 8 -50 6 36 34 33 32 31 27
 9 -40 5 37 33 31 28 26
 9 -94 9 45 41 40 39 38 37 35 33 30
 9 -5 8 45 43 41 37 36 35 33 32
 6 -33 6 50 45 44 42 39 38
 5 -45 6 47 45 44 42 37 35
 9 -51 5 43 42 39 38 35
 8 -11 7 50 47 45 43 42 41 40
 4 -46 8 65 56 50 47 46 44 43 42
 4 -51 7 59 56 51 50 45 43 41
 6 -62 4 59 50 44 39
 9 -39 7 56 52 51 50 47 46 42
 4 -81 6 61 56 52 47 46 42
 1 -6 11 65 61 59 58 57 56 52 51 50 49 46
 2 -13 5 65 56 50 46 42
 7 -11 9 65 60 59 57 56 55 54 52 48
 5 -52 9 59 58 57 55 54 52 51 47 46
 9 -22 8 65 57 56 55 54 52 48 47
 8 -20 8 65 59 58 57 56 55 54 46
 7 -48 7 65 61 60 57 54 52 48
 8 -77 6 59 57 55 54 49 48
 5 -81 6 57 55 54 52 49 48
 2 -9 8 68 66 61 60 58 53 52 51
 7 -20 4 57 55 53 52
 8 -15 5 68 66 63 60 53
 3 -25 5 68 66 63 60 53
 3 -73 4 68 66 58 53
 5 -18 5 73 66 63 60 53
 6 -68 4 72 64 62 55
 5 -10 9 84 77 75 74 73 69 67 64 63
 10 -44 6 77 69 67 64 63 62
 6 -40 7 77 76 72 69 67 64 62
 4 -93 7 84 77 75 73 67 66 63
 7 -67 8 87 83 78 77 70 69 68 66
 5 -24 9 87 84 83 77 76 75 72 71 68
 10 -71 6 84 77 76 72 71 64
 3 -87 3 84 74 63
 9 -99 8 87 84 83 78 76 75 71 69
 1 -66 6 87 84 82 77 70 67
 2 -49 5 84 77 72 70 67
 1 -98 8 87 84 83 82 79 75 74 71
 4 -65 6 87 83 78 76 72 70
 6 -38 6 87 86 83 82 78 70
 10 -66 7 92 86 85 83 82 78 76
 7 -20 4 82 79 76 71
 3 -93 3 83 81 71
 10 -13 4 94 92 79 73
 8 -44 6 94 92 90 86 82 79
 5 -61 5 92 90 85 80 79
 10 -47 6 92 90 88 86 85 80
 1 -21 5 90 88 86 82 80
 1 -7 5 90 88 86 82 81
 10 -25 5 90 89 88 85 80
 3 -42 4 92 90 86 80
 10 -86 3 90 81 80
 8 -22 6 97 96 92 90 89 86
 6 -54 6 100 97 96 90 89 88
 1 -69 4 96 95 88 81
 9 -76 7 111 100 97 96 95 94 91
 2 -96 5 110 101 97 91 89
 6 -53 3 96 95 89
 6 -37 4 111 97 96 95
 7 -26 2 96 89
 4 -98 5 111 110 109 99 95
 10 -50 4 110 101 100 93
 1 -93 2 96 93
 1 -13 7 111 109 108 105 101 99 98
 2 -13 2 111 93
 6 -48 2 110 95
 2 -76 1 93
 6 -27 1 93
 3 -20 5 109 108 105 99 98
 3 -27 5 110 109 105 99 98
 7 -87 4 108 105 101 98
 2 -29 7 110 108 106 105 104 103 102
 10 -19 3 107 105 99
 4 -62 5 107 106 104 103 102
 4 -84 3 104 103 102
 4 -70 3 106 105 103
 8 -69 1 102
 6 -5 1 112
 4 -82 1 112
 4 -18 1 112
 3 -70 1 112
 5 -3 1 112
 1 -49 1 112
 10 -84 1 112
 5 -30 1 112
 2 -7 1 112
 10 -67 1 112
 0 27045 0
