112
 0 -6 16 2 3 4 5 6 7 8 9 10 11 14 17 18 20 25 29
 6 -51 8 38 35 32 30 27 22 15 13
 7 -100 8 39 36 32 31 28 26 21 12
 10 -81 8 41 39 34 32 27 26 19 16
 1 -3 9 52 46 45 42 39 38 35 24 15
 2 -37 12 52 51 48 47 45 44 41 39 38 31 28 26
 8 -100 11 48 45 44 43 42 41 38 37 34 28 22
 3 -67 10 52 47 44 41 38 37 34 33 27 23
 1 -50 10 52 46 42 37 36 34 33 30 28 23
 9 -4 11 61 52 51 47 45 43 41 38 37 35 28
 7 -48 9 52 49 46 45 44 43 34 33 24
 4 -1 13 61 54 50 49 48 47 45 42 40 37 35 34 33
 4 -75 11 59 53 52 51 48 47 46 44 41 31 28
 1 -90 9 51 48 47 46 45 40 38 33 31
 2 -67 6 61 44 37 34 31 28
 2 -98 13 61 55 54 53 50 49 48 47 46 45 44 43 37
 5 -7 12 67 61 55 54 52 49 48 47 46 43 37 33
 8 -36 9 64 52 51 49 46 43 41 37 30
 7 -68 9 58 54 52 50 48 45 43 40 35
 1 -71 11 63 58 54 52 51 50 49 48 46 40 39
 10 -54 10 84 63 62 56 53 52 51 50 45 41
 7 -41 6 63 61 52 46 40 33
 10 -36 7 58 57 53 51 49 43 40
 1 -38 7 54 53 51 50 48 47 40
 7 -75 8 60 58 57 54 53 50 43 40
 8 -57 5 67 54 46 37 33
 4 -43 7 64 63 57 51 45 42 40
 5 -17 7 64 60 58 57 54 49 40
 4 -49 8 67 64 62 60 58 57 55 43
 2 -94 6 62 60 58 54 45 40
 5 -60 7 64 58 57 55 54 50 43
 5 -60 5 67 64 63 62 37
 10 -82 10 84 77 71 69 60 59 58 57 56 53
 2 -62 7 77 67 62 56 55 53 51
 5 -42 7 84 71 66 60 57 53 44
 7 -83 7 65 64 62 60 57 54 50
 5 -41 11 84 78 77 72 71 70 69 60 58 57 56
 2 -98 7 84 67 66 63 57 53 50
 5 -45 10 77 73 72 69 68 64 61 60 57 56
 3 -81 9 84 81 78 77 72 71 67 56 55
 3 -41 8 78 77 67 66 60 58 57 55
 3 -2 13 84 81 78 77 74 73 72 70 69 68 67 60 56
 10 -69 9 84 78 77 74 73 71 70 63 56
 7 -94 13 92 89 88 87 86 82 81 77 75 70 69 65 62
 7 -19 11 92 86 82 79 78 77 74 71 69 68 59
 6 -65 9 88 84 82 75 74 72 70 65 62
 3 -56 6 77 72 66 65 62 60
 1 -76 7 81 79 77 73 68 66 57
 6 -3 9 92 88 86 85 84 82 81 74 62
 6 -87 12 92 88 86 85 83 82 81 77 75 74 70 69
 8 -28 6 85 75 73 70 66 60
 2 -15 6 85 81 70 69 66 60
 8 -87 11 111 107 85 81 79 78 76 75 73 72 64
 3 -77 10 91 85 84 81 80 79 78 77 74 66
 5 -26 8 107 92 79 75 74 70 69 65
 8 -91 9 111 110 107 91 85 83 79 75 66
 3 -54 9 105 92 88 85 83 82 76 75 74
 7 -66 8 90 88 85 81 79 75 73 68
 1 -71 6 107 87 76 75 70 65
 8 -79 11 111 107 92 91 90 89 83 82 80 79 76
 1 -38 11 110 109 104 88 87 86 84 83 81 79 70
 4 -2 4 79 78 73 68
 7 -86 8 110 108 105 91 83 82 81 72
 1 -25 13 109 108 104 103 102 100 92 91 90 88 87 86 80
 1 -6 9 110 109 108 105 101 90 85 80 73
 3 -66 13 109 108 106 102 100 98 97 92 90 88 87 86 82
 9 -69 8 111 105 104 91 90 89 85 75
 9 -24 6 107 105 96 91 83 76
 2 -49 7 111 105 103 96 95 91 76
 6 -66 9 108 105 103 102 101 100 91 90 80
 5 -70 10 107 105 104 103 102 97 96 93 90 83
 9 -20 11 109 103 102 99 98 97 96 95 93 92 90
 5 -54 8 104 103 102 99 97 96 93 83
 3 -40 8 111 106 99 97 95 90 89 87
 5 -11 6 106 103 101 100 94 80
 9 -50 11 110 109 108 104 102 101 100 99 97 94 93
 10 -71 10 108 107 106 104 103 98 96 95 94 93
 1 -100 6 104 102 99 94 93 83
 3 -67 8 105 103 102 101 100 98 97 96
 2 -92 6 99 98 97 96 95 93
 8 -71 6 103 102 101 97 96 95
 4 -14 5 104 101 96 95 94
 3 -35 4 106 100 98 95
 7 -91 4 105 97 94 93
 9 -14 3 100 96 95
 1 -74 3 105 99 94
 8 -82 2 101 93
 4 -95 2 99 94
 4 -37 2 98 93
 5 -81 1 94
 7 -87 1 93
 3 -82 1 94
 8 -7 1 112
 10 -97 1 112
 1 -81 1 112
 2 -27 1 112
 8 -80 1 112
 9 -100 1 112
 7 -73 1 112
 3 -86 1 112
 9 -91 1 112
 2 -3 1 112
 5 -58 1 112
 1 -94 1 112
 4 -40 1 112
 7 -8 1 112
 4 -65 1 112
 1 -20 1 112
 2 -76 1 112
 7 -12 1 112
 1 -51 1 112
 0 30810 0
