112
 0 -57 7 2 3 5 6 7 8 12
 3 -45 6 20 19 14 13 11 10
 10 -91 1 4
 2 -66 4 29 20 19 10
 7 -21 4 29 19 14 10
 4 -82 3 29 20 9
 6 -49 3 29 19 10
 10 -36 2 20 10
 5 -79 1 10
 4 -51 4 24 21 17 15
 9 -18 4 21 17 16 15
 3 -89 4 29 26 17 14
 3 -95 6 35 29 28 24 18 17
 5 -51 5 35 28 27 24 18
 1 -76 4 35 28 26 18
 5 -78 4 35 27 25 18
 7 -20 8 40 37 31 30 27 25 23 22
 4 -32 8 42 40 37 33 31 30 23 22
 8 -17 8 40 35 34 33 31 30 27 23
 9 -61 7 42 40 37 35 33 23 22
 9 -96 4 44 42 34 23
 3 -10 7 47 44 43 41 36 34 32
 5 -24 6 48 47 43 41 36 32
 5 -97 7 48 47 46 43 41 39 34
 3 -40 6 50 43 42 41 39 33
 7 -90 6 50 46 44 41 36 33
 7 -80 7 50 48 47 43 42 41 39
 7 -94 7 50 47 46 44 41 39 36
 4 -28 5 50 39 38 36 33
 7 -6 4 43 41 38 32
 7 -82 6 48 47 45 44 43 39
 2 -18 5 58 50 46 45 39
 2 -15 5 58 55 48 47 45
 3 -8 5 58 57 50 49 45
 9 -57 3 50 49 41
 10 -18 4 58 57 49 45
 7 -54 3 55 50 45
 4 -41 6 63 58 55 54 53 51
 10 -52 5 63 55 53 52 49
 1 -36 5 63 58 55 52 49
 10 -30 3 58 51 45
 4 -53 3 58 51 45
 2 -87 7 63 62 57 54 53 52 51
 3 -41 7 63 62 58 54 53 52 51
 10 -62 6 64 63 62 54 53 52
 8 -1 6 64 63 62 57 53 52
 6 -91 3 62 52 49
 10 -91 3 63 61 51
 6 -76 2 61 51
 2 -26 1 51
 6 -17 5 70 65 64 60 59
 7 -24 2 65 56
 9 -84 2 65 56
 3 -86 2 61 56
 9 -76 2 62 57
 1 -45 3 70 60 59
 4 -20 3 70 60 59
 6 -78 9 81 75 74 73 72 71 70 69 67
 1 -99 7 81 74 73 72 69 68 67
 2 -21 9 85 82 79 78 77 75 74 71 66
 6 -23 7 94 85 78 77 72 71 69
 8 -10 7 94 83 78 77 73 70 69
 3 -93 7 94 85 83 78 77 71 69
 4 -15 6 94 85 79 77 75 69
 7 -26 9 94 85 83 82 80 78 77 76 74
 8 -63 6 94 84 83 81 80 76
 10 -54 7 94 93 87 86 83 79 78
 9 -21 7 93 87 85 84 82 80 78
 6 -28 5 98 84 82 80 76
 8 -47 5 98 87 85 84 76
 7 -88 8 98 95 93 89 87 86 84 80
 5 -57 4 90 84 83 76
 3 -53 6 98 93 89 84 82 80
 4 -82 9 110 102 98 97 95 92 89 88 87
 8 -8 9 110 98 97 95 93 92 89 88 87
 7 -87 8 102 97 95 93 92 89 88 86
 3 -74 6 110 109 98 92 88 87
 4 -99 8 111 110 109 98 97 96 95 88
 7 -24 10 111 110 109 102 101 99 98 97 96 95
 6 -44 7 111 110 109 102 96 90 88
 4 -82 10 111 110 109 107 101 99 98 97 93 92
 8 -77 6 111 110 109 95 92 88
 4 -88 7 110 107 101 99 98 92 89
 8 -100 8 111 107 102 101 99 97 92 91
 3 -2 6 106 101 100 97 96 89
 1 -87 8 110 109 107 106 101 100 96 91
 6 -57 6 111 106 101 96 91 90
 9 -55 6 108 107 106 101 99 91
 7 -43 3 109 108 91
 1 -21 3 107 104 100
 6 -94 3 105 104 103
 1 -23 3 106 104 103
 10 -82 3 106 105 103
 2 -90 3 111 108 104
 10 -47 2 107 100
 1 -1 2 104 103
 4 -41 2 105 103
 1 -95 2 108 106
 7 -59 1 100
 10 -52 1 103
 1 -24 1 103
 7 -60 1 105
 1 -61 1 112
 10 -38 1 112
 10 -2 1 112
 4 -5 1 112
 4 -18 1 112
 1 -74 1 112
 3 -24 1 112
 9 -1 1 112
 6 -25 1 112
 0 28460 0
