112
 0 -81 16 2 3 5 6 7 8 9 10 11 12 13 14 15 20 22 23
 2 -37 4 31 21 19 4
 5 0 14 43 41 38 37 33 32 29 28 27 26 25 24 21 17
 8 -91 12 49 43 41 38 36 35 32 30 28 27 17 16
 3 -95 9 41 36 32 31 28 26 24 19 16
 6 -78 7 43 41 35 33 32 19 17
 10 -98 13 45 44 42 41 40 39 38 37 34 33 31 28 24
 8 -37 6 45 37 28 25 21 16
 9 -72 10 46 43 42 40 38 37 35 33 30 18
 9 -7 8 44 41 38 35 33 32 30 17
 6 -76 7 36 35 34 33 32 31 18
 10 -50 9 59 43 41 39 38 35 32 31 29
 6 -73 8 59 44 42 35 34 32 31 25
 4 -24 11 66 60 59 51 49 48 46 44 42 33 32
 7 -8 7 59 51 49 42 39 32 31
 7 -68 11 60 59 52 51 50 48 46 44 42 39 33
 4 -15 12 64 61 60 59 54 52 51 50 45 42 39 34
 9 -89 9 61 59 56 55 52 49 48 47 29
 4 -44 8 58 56 52 50 46 44 37 30
 4 -54 6 61 59 52 42 40 29
 1 -21 6 56 52 50 40 35 30
 10 -14 8 66 56 55 48 44 43 41 37
 2 -72 10 66 63 60 59 53 51 46 44 43 40
 3 -82 4 52 46 35 30
 9 -97 10 87 68 66 61 60 56 53 50 46 40
 5 -32 16 87 78 71 68 65 64 63 62 61 60 59 56 55 54 52 46
 7 -96 18 87 78 75 68 67 66 65 64 63 62 61 60 58 57 56 55 54 52
 5 -6 16 87 78 68 66 65 63 62 61 60 59 58 57 54 53 51 47
 9 -36 8 66 58 57 54 51 50 45 44
 7 -1 12 78 75 68 66 64 61 60 57 55 54 51 48
 3 -29 10 71 68 64 63 62 60 55 52 48 46
 5 -4 6 87 63 61 54 45 40
 8 -65 14 87 78 75 72 68 65 63 62 61 58 57 56 55 47
 5 -24 10 87 78 72 68 66 65 63 58 53 46
 6 -87 13 87 81 78 75 67 66 65 63 62 61 57 54 51
 6 -60 13 87 86 73 71 70 68 67 66 65 61 60 58 52
 10 -99 12 85 84 78 75 71 70 68 65 63 60 59 49
 5 -22 10 85 72 65 63 62 61 58 57 55 47
 8 -49 8 87 72 66 63 62 58 55 47
 5 -85 8 85 78 75 72 65 58 55 47
 7 -86 10 87 80 77 72 68 63 60 58 57 53
 2 -9 7 87 67 65 63 58 57 53
 8 -1 11 87 86 85 84 81 77 73 71 70 68 61
 10 -40 11 109 87 86 85 82 81 75 73 71 68 64
 5 -28 10 80 78 76 75 73 70 69 67 65 62
 2 -31 9 85 81 80 79 77 75 73 67 57
 10 -28 13 111 94 86 84 80 79 77 76 74 73 71 70 67
 10 -27 10 87 86 81 80 76 73 70 69 67 65
 8 -66 8 111 109 86 79 77 76 74 67
 1 -81 7 94 91 85 84 79 70 63
 2 -59 10 110 91 86 85 84 82 79 76 71 70
 3 -98 10 111 109 94 84 82 80 77 76 74 72
 2 -44 9 111 110 91 86 84 82 76 73 70
 9 -47 14 111 110 109 108 94 91 89 88 86 85 84 83 82 79
 10 -19 7 91 88 84 83 79 74 69
 4 -2 7 94 91 88 81 77 73 69
 2 -83 8 111 110 93 86 84 82 76 70
 2 -98 12 111 109 108 107 98 94 93 91 88 83 81 74
 4 -87 8 111 109 93 88 80 77 74 72
 9 -13 6 98 89 88 83 81 69
 9 -99 12 111 109 108 95 94 93 91 90 88 82 80 79
 6 -43 8 110 109 91 89 84 82 79 77
 1 -23 4 98 88 73 69
 8 -89 8 111 108 93 89 88 83 80 79
 6 -55 6 109 92 88 82 79 77
 3 -67 7 108 91 88 85 83 82 79
 7 -29 11 110 107 105 98 95 93 92 91 90 89 82
 7 -4 7 111 107 98 95 94 90 76
 5 -10 11 111 109 108 107 106 105 95 93 92 90 82
 4 -29 8 109 107 104 98 97 92 88 83
 10 -26 11 108 107 106 105 104 102 98 97 96 95 90
 5 -12 7 110 107 104 95 92 90 89
 10 -21 5 107 105 93 92 83
 8 -99 8 110 105 104 103 102 101 95 89
 3 -66 6 110 107 105 95 91 89
 3 -25 5 108 104 92 89 88
 6 -14 5 108 104 102 98 83
 7 -93 3 106 88 83
 6 -13 7 107 106 105 104 98 97 96
 2 -19 5 106 103 100 99 92
 1 -89 5 110 106 100 99 92
 7 -3 4 104 103 97 96
 5 -18 3 96 95 90
 4 -39 3 99 96 92
 2 -66 3 104 102 90
 6 -97 5 105 104 103 100 99
 4 -67 3 103 96 95
 9 -42 4 105 101 100 99
 7 -7 3 106 100 97
 8 -40 3 103 100 99
 3 -38 3 102 101 99
 9 -68 2 102 101
 7 -32 2 102 99
 10 -64 2 101 100
 1 -22 1 99
 8 -28 1 100
 2 -9 1 99
 2 -14 1 101
 4 -89 1 112
 1 -26 1 112
 5 -25 1 112
 8 -61 1 112
 10 -36 1 112
 9 -9 1 112
 3 -24 1 112
 10 -66 1 112
 5 -27 1 112
 5 -68 1 112
 7 -82 1 112
 10 -84 1 112
 5 -43 1 112
 0 26220 0
