112
 0 -35 27 2 3 4 5 6 7 8 9 10 11 12 13 14 16 18 19 20 21 22 23 24 25 26 28 29 33 34
 8 -51 14 67 55 54 49 48 47 43 41 39 38 32 30 27 17
 5 -93 11 72 61 55 54 50 49 37 36 27 17 15
 9 -50 19 111 76 72 67 61 60 59 55 52 51 49 48 43 42 41 40 38 37 36
 6 -92 15 72 67 61 60 56 55 54 49 48 41 40 39 38 37 17
 7 -16 12 72 68 67 61 55 53 46 45 43 32 31 27
 5 -50 11 67 61 56 54 50 48 47 41 39 37 17
 6 -73 19 111 72 68 66 65 63 61 60 59 56 55 54 53 52 51 50 43 41 37
 5 -9 11 111 70 68 67 61 60 55 54 41 32 27
 2 -74 18 111 86 77 70 68 66 61 60 59 57 56 55 54 52 51 50 45 41
 3 -19 14 75 70 68 67 61 60 56 55 53 52 51 47 45 39
 6 -55 12 72 68 65 58 52 51 50 46 45 41 37 35
 1 -24 14 86 80 77 72 71 60 59 57 56 54 51 50 49 35
 9 -68 9 72 67 65 60 56 51 45 39 35
 1 -71 18 111 109 87 86 75 74 70 69 68 67 66 65 63 58 57 56 45 41
 9 -30 11 77 72 71 67 66 52 51 50 49 48 35
 7 -64 13 89 86 80 77 76 71 68 66 65 53 52 51 35
 6 -14 13 111 77 75 72 65 60 57 56 55 49 48 45 41
 2 -2 11 111 89 74 70 67 60 56 54 51 44 39
 1 -59 23 110 109 88 86 76 73 72 71 70 69 67 66 65 64 63 62 60 59 58 57 55 53 50
 3 -58 18 111 110 109 86 80 77 75 70 69 65 63 62 61 60 56 52 50 45
 4 -27 13 111 86 75 72 70 68 67 60 57 56 51 45 41
 8 -50 21 111 110 109 86 83 80 79 78 77 75 74 71 68 66 65 64 63 60 56 55 50
 10 -43 14 111 110 86 80 75 71 70 65 63 56 53 52 51 50
 8 -79 17 111 110 109 87 86 80 79 75 74 69 66 65 62 61 56 55 45
 2 -100 18 111 108 87 86 84 76 75 72 67 66 65 64 61 60 58 57 52 49
 2 -40 17 110 108 107 89 88 86 83 80 75 73 71 66 65 63 62 59 51
 4 -77 14 105 86 80 79 75 74 70 69 66 60 57 56 55 45
 5 -68 10 89 88 87 76 70 69 67 65 52 39
 2 -38 9 86 80 75 70 65 60 56 51 45
 10 -60 10 111 86 71 70 69 64 63 58 56 41
 10 -81 13 109 104 86 85 78 77 76 75 71 65 63 52 50
 10 -87 18 109 107 89 88 87 86 85 84 82 77 76 75 71 70 69 65 64 59
 5 -86 15 110 108 107 104 89 88 86 84 83 78 72 71 65 62 51
 2 -12 20 111 110 109 108 107 105 104 101 88 87 82 79 78 75 74 73 70 69 63 62
 6 -62 13 109 106 105 102 87 82 77 75 70 69 63 57 53
 1 -31 19 108 106 105 104 103 98 89 88 87 86 84 83 82 78 77 75 71 69 64
 5 -66 11 109 102 88 83 78 75 74 68 65 63 50
 4 -3 15 110 109 107 106 103 100 94 86 83 82 80 79 66 62 59
 9 -35 11 109 106 105 86 81 80 78 71 70 66 53
 8 -42 17 110 107 105 104 103 101 100 99 97 88 84 83 82 80 79 73 62
 5 -100 14 109 108 107 101 97 88 85 84 83 82 79 78 73 65
 6 -95 8 108 106 87 79 75 69 58 57
 7 -22 14 107 103 102 99 85 84 83 82 81 79 77 76 71 59
 8 -31 14 108 107 104 98 97 89 84 83 82 81 78 76 71 64
 2 -88 10 105 104 89 86 85 76 74 71 69 62
 2 -22 11 108 107 104 97 96 88 87 82 76 72 65
 2 -94 13 107 105 104 103 101 97 96 95 94 86 80 73 69
 6 -63 12 109 107 105 104 102 99 98 97 89 85 78 70
 1 -77 15 108 106 105 101 100 99 98 97 93 91 90 89 87 84 82
 3 -24 10 109 106 98 97 94 91 87 82 69 64
 8 -62 11 107 105 103 101 99 98 94 92 83 74 73
 3 -7 9 104 103 100 98 96 95 84 83 79
 5 -43 8 105 102 101 96 85 84 82 75
 10 -98 9 106 103 102 96 94 93 91 82 81
 1 -29 7 108 106 101 98 88 84 76
 4 -56 7 107 101 100 94 93 85 78
 10 -52 8 103 102 98 96 94 91 90 82
 1 -34 7 104 98 97 92 91 90 78
 2 -3 7 107 104 103 102 97 93 91
 8 -16 7 102 99 97 95 94 91 90
 1 -34 6 98 96 95 93 91 81
 2 -3 6 100 99 97 91 90 84
 3 -78 6 101 99 95 93 92 90
 8 -33 6 105 103 100 98 93 91
 3 -94 6 101 99 98 97 92 91
 3 -100 5 104 100 94 93 83
 6 -33 5 108 99 93 91 90
 4 -7 4 100 99 92 81
 7 -21 4 100 94 93 83
 9 -50 4 101 95 91 90
 2 -18 4 99 95 93 92
 9 -88 3 106 102 81
 9 -2 3 100 91 81
 3 -87 3 97 91 90
 8 -57 3 95 94 93
 6 -77 3 101 97 90
 2 -12 2 96 95
 10 -65 2 93 91
 5 -70 1 85
 10 -62 1 90
 2 -1 1 92
 7 -59 1 90
 6 -8 1 94
 2 -33 1 92
 10 -24 1 102
 9 -95 1 92
 7 -68 1 90
 10 -45 1 96
 4 -100 1 112
 4 -54 1 112
 2 -22 1 112
 3 -18 1 112
 7 -21 1 112
 9 -14 1 112
 7 -94 1 112
 7 -85 1 112
 1 -21 1 112
 5 -58 1 112
 10 -2 1 112
 2 -68 1 112
 7 -86 1 112
 8 -14 1 112
 10 -99 1 112
 6 -1 1 112
 8 -74 1 112
 9 -99 1 112
 10 -8 1 112
 9 -31 1 112
 3 -70 1 112
 4 -7 1 112
 0 27400 0
