112
 0 -10 7 2 3 4 5 6 7 13
 10 -89 8 26 24 23 17 16 15 14 9
 5 -54 4 21 16 11 8
 5 0 6 25 23 16 14 12 10
 3 -79 8 27 25 22 21 19 18 16 15
 6 -73 4 24 21 15 9
 6 -88 5 27 24 16 14 12
 3 -6 5 27 26 24 15 14
 8 -15 2 22 11
 8 -75 5 32 30 27 24 20
 7 -96 4 32 27 25 19
 3 -42 3 31 26 15
 6 -100 7 39 34 33 30 29 26 25
 5 -26 5 32 31 30 29 20
 8 -1 3 30 29 20
 6 -48 3 32 29 20
 7 -92 8 39 37 36 34 33 31 29 28
 4 -37 6 39 36 34 31 28 26
 4 -21 2 31 20
 5 -24 8 43 40 39 37 36 34 33 28
 5 -4 6 39 37 36 34 29 28
 2 -36 6 42 39 32 31 30 29
 1 -79 4 39 34 32 29
 3 -80 4 37 31 29 28
 2 -21 5 43 42 37 36 31
 9 -42 5 46 44 42 40 32
 10 -88 1 29
 2 -100 5 46 45 42 38 35
 7 -12 4 43 40 38 35
 4 -99 9 55 50 49 48 47 45 44 43 41
 4 -91 4 50 45 41 35
 9 -84 4 45 43 41 37
 5 -84 4 55 50 41 35
 4 -98 7 55 50 48 46 45 44 42
 9 -25 5 56 49 48 47 44
 5 -38 5 50 48 47 44 41
 7 -20 5 55 54 50 49 48
 6 -54 5 56 55 50 48 41
 10 -80 5 62 56 48 47 45
 10 -34 4 56 51 50 45
 6 -67 9 66 65 63 62 59 58 57 53 52
 3 -70 7 66 62 58 56 53 52 51
 3 -14 5 58 56 54 53 51
 9 -31 9 66 65 63 62 60 59 58 57 53
 1 -44 7 63 60 59 58 57 54 53
 3 -78 7 68 66 65 61 58 52 51
 9 -75 6 63 61 58 57 54 52
 4 -72 5 68 66 61 52 51
 1 -23 8 70 68 66 64 63 62 60 57
 7 -22 5 65 63 59 58 53
 5 -91 5 70 64 63 60 57
 9 -85 6 73 70 69 67 64 60
 7 -88 5 71 68 67 64 61
 10 -53 6 71 70 68 67 66 65
 5 -31 5 73 68 67 64 60
 6 -9 4 71 68 67 63
 4 -38 7 75 74 73 72 71 69 67
 10 -42 5 75 72 71 67 64
 1 -88 7 84 81 78 77 75 74 67
 7 -52 6 83 76 75 74 72 71
 2 -98 6 83 81 74 73 72 70
 6 -55 7 85 84 81 76 74 73 72
 6 -78 6 85 84 83 74 73 72
 9 -71 7 89 84 81 80 79 78 74
 7 -72 5 85 84 76 75 74
 5 -10 5 90 89 84 81 72
 4 -99 6 95 90 85 83 80 76
 7 -66 6 101 95 89 84 78 75
 1 -6 9 101 95 90 89 86 83 82 80 79
 1 -64 5 90 85 84 82 76
 5 -74 7 97 87 86 84 82 81 77
 10 -60 5 101 82 80 79 78
 1 -72 7 101 97 95 91 90 89 79
 9 -61 8 101 97 96 95 93 90 86 82
 10 -50 5 97 90 86 82 79
 8 -49 5 101 91 89 86 79
 7 0 6 101 93 91 90 89 88
 5 -89 5 97 93 92 88 86
 4 -49 4 96 93 88 87
 7 -42 6 111 109 96 92 91 88
 2 -73 7 111 100 99 96 94 93 92
 8 -42 5 111 109 92 91 88
 3 -80 6 111 99 97 94 93 92
 4 -40 7 111 110 109 99 98 96 92
 6 -76 7 111 108 105 101 97 96 93
 8 -99 10 111 110 109 108 107 106 104 103 99 98
 5 -85 5 111 107 99 94 92
 10 -79 5 110 107 100 99 94
 10 -16 4 109 98 96 92
 9 -38 9 111 109 108 107 106 105 104 103 98
 9 -16 7 108 107 106 105 104 103 102
 2 -21 6 108 106 105 104 103 102
 10 -49 6 110 109 106 104 103 102
 7 -87 5 106 105 104 103 98
 2 -16 5 108 107 104 103 98
 9 -16 4 107 106 104 102
 9 -35 3 110 107 102
 7 -88 1 102
 10 -23 1 105
 10 -92 1 105
 2 -1 1 103
 5 -3 1 112
 3 -69 1 112
 7 -90 1 112
 3 -2 1 112
 9 -19 1 112
 1 -51 1 112
 6 -27 1 112
 1 -33 1 112
 2 -4 1 112
 2 -80 1 112
 0 29165 0
