112
 0 -38 15 2 3 4 5 7 8 9 10 11 14 15 17 18 19 21
 4 -30 9 40 38 35 29 28 25 16 13 12
 6 -65 5 34 33 31 28 6
 10 -36 8 42 41 40 38 35 33 24 12
 6 -95 7 46 42 41 40 33 23 12
 1 -69 6 42 41 40 38 25 12
 1 -54 11 42 39 38 37 36 35 34 33 31 30 29
 2 -91 8 46 42 41 39 34 32 30 20
 2 -91 10 63 46 42 41 39 37 34 30 28 27
 6 -26 8 57 41 40 37 35 33 30 24
 5 -100 9 63 52 48 47 41 40 37 30 27
 10 -22 8 63 52 48 47 39 37 30 27
 6 -16 8 60 56 46 42 39 37 33 30
 2 -6 4 57 33 30 22
 2 -56 12 64 60 58 57 47 46 43 41 39 37 36 33
 7 -60 11 64 60 57 54 49 47 42 41 37 36 33
 8 -40 12 63 60 57 56 54 52 48 43 42 38 37 36
 10 -66 8 64 54 52 49 43 42 37 26
 7 -74 14 64 63 60 56 54 52 50 49 47 45 44 43 42 39
 5 -17 7 63 54 53 49 44 43 27
 4 -96 11 64 63 60 59 58 57 53 48 43 36 34
 1 -19 10 64 63 60 55 52 49 48 42 36 34
 8 -16 11 63 60 59 57 56 49 48 47 39 38 36
 3 -11 9 63 60 59 58 56 48 46 43 36
 5 -82 12 77 64 63 60 59 57 55 53 46 45 44 39
 6 -50 7 63 60 59 48 44 41 36
 5 -31 9 77 64 60 59 58 57 56 55 36
 1 -23 8 64 60 58 55 54 52 48 36
 8 -42 9 76 64 63 59 52 51 47 43 41
 8 -14 8 64 61 54 53 49 45 44 43
 3 -93 7 63 60 56 51 44 43 41
 9 -4 6 75 59 52 48 47 36
 6 -28 9 75 69 63 62 59 52 50 48 45
 10 -8 6 77 73 65 50 45 44
 1 -90 8 77 73 69 59 55 53 50 44
 4 -36 8 79 73 69 68 65 62 50 45
 7 -42 8 76 73 69 67 61 59 51 44
 3 -53 13 84 82 79 76 75 74 73 69 68 67 64 61 51
 3 0 10 79 76 75 74 73 69 68 67 62 51
 2 -96 11 83 82 81 80 79 73 71 69 68 64 58
 6 -21 8 77 74 69 68 65 61 55 53
 2 -97 7 83 73 68 65 62 58 53
 5 -22 8 82 79 75 73 68 67 65 55
 7 -90 11 83 81 80 79 78 75 74 71 68 66 62
 8 -70 6 84 82 76 74 67 51
 6 -42 7 82 79 78 73 71 65 61
 2 -92 7 81 79 77 71 69 62 61
 9 -19 10 109 85 84 83 77 73 71 70 67 66
 8 -49 10 110 90 85 84 83 81 80 77 71 66
 10 -95 6 90 84 82 78 71 61
 7 -27 13 111 110 97 90 86 85 83 81 80 78 72 71 70
 1 -29 7 96 85 84 81 78 68 66
 5 -33 13 110 108 105 97 96 90 85 84 81 80 79 72 70
 9 0 13 110 109 95 90 87 86 85 84 80 78 77 75 72
 4 -97 11 110 109 97 86 85 84 80 78 72 71 70
 3 -93 7 111 96 85 80 78 68 66
 7 -62 8 111 110 90 81 72 71 70 69
 8 -2 8 110 109 108 90 85 84 75 66
 4 -60 7 86 85 84 80 79 72 68
 9 -84 10 111 108 107 96 90 86 85 80 78 70
 2 -39 7 110 109 105 96 85 80 66
 5 -16 12 110 109 105 104 97 96 95 86 85 84 82 72
 1 -93 5 110 81 72 71 70
 10 -47 7 108 97 96 85 78 72 70
 2 -71 13 110 106 105 103 100 97 95 93 92 90 88 84 81
 2 -90 8 106 104 97 95 94 87 86 72
 7 -47 8 111 110 104 96 94 90 86 72
 5 -29 12 110 109 108 106 105 104 103 101 100 95 93 90
 3 -36 11 108 107 106 105 103 101 100 91 87 86 85
 5 -99 8 106 103 101 100 95 89 88 87
 7 -50 9 108 106 105 104 101 100 96 92 88
 1 -7 8 107 103 102 101 100 93 89 88
 3 -46 7 108 101 100 93 90 89 88
 8 -38 7 109 103 100 95 92 91 86
 8 -59 5 105 102 97 92 88
 9 -93 7 105 104 101 100 99 94 93
 6 -11 6 108 104 101 100 98 89
 3 -37 6 105 104 101 100 94 93
 8 -6 4 102 100 92 88
 3 -68 4 106 103 99 91
 8 -55 4 109 104 99 94
 1 -96 4 103 100 94 93
 1 -92 2 92 88
 3 -33 4 111 107 102 98
 10 -79 2 102 92
 2 -40 2 99 98
 5 -92 2 102 99
 6 -84 1 91
 10 -67 1 92
 2 -90 1 91
 10 -64 1 98
 3 -85 1 99
 8 -55 1 98
 10 -79 1 98
 9 -13 1 102
 1 -88 1 98
 2 -13 1 101
 2 -27 1 112
 1 -48 1 112
 8 -81 1 112
 9 -67 1 112
 6 -9 1 112
 5 -96 1 112
 4 -87 1 112
 6 -96 1 112
 6 -91 1 112
 6 -75 1 112
 10 -97 1 112
 8 -28 1 112
 1 -47 1 112
 2 -50 1 112
 0 29880 0
