112
 0 -96 15 2 3 4 5 6 7 8 9 10 11 12 13 14 22 29
 6 -58 13 45 40 35 34 32 31 30 27 26 24 23 19 15
 6 -18 11 54 45 38 35 31 25 24 23 21 19 16
 3 -96 12 54 47 46 45 40 37 36 33 28 24 23 16
 1 -93 10 55 45 41 37 36 34 28 25 21 20
 5 -14 7 39 36 34 25 23 18 16
 3 -19 11 50 49 48 42 40 38 36 31 25 23 17
 6 -8 12 63 56 55 50 43 42 41 39 36 30 27 26
 1 -81 7 50 49 40 38 34 25 15
 7 -54 12 63 56 54 46 43 40 39 38 37 36 32 21
 5 -75 5 40 39 33 23 18
 9 -63 10 54 48 46 45 42 40 34 32 26 24
 2 -82 9 65 55 47 41 40 38 36 31 21
 1 -65 10 63 46 45 43 42 41 38 36 33 24
 1 -18 14 63 60 56 55 54 52 51 48 47 46 44 43 42 36
 4 -30 11 60 59 56 55 51 50 49 48 42 41 32
 2 -47 14 65 63 60 58 56 55 54 53 51 47 46 44 43 41
 10 -26 13 65 63 59 56 54 53 52 50 49 47 46 41 38
 7 -30 9 63 56 52 50 47 44 37 36 33
 5 -18 9 63 60 56 51 48 47 43 40 32
 5 -5 10 60 59 58 52 51 50 49 48 44 42
 6 -71 8 77 65 56 55 54 51 48 36
 3 -9 11 68 67 65 63 62 58 56 55 52 44 41
 5 -4 11 77 64 62 60 58 56 55 53 52 50 44
 2 -43 7 61 60 58 53 51 46 43
 3 -86 7 77 53 52 51 49 47 38
 2 -75 8 61 58 54 53 51 48 46 44
 8 -62 7 77 63 62 59 53 52 38
 4 -34 9 71 65 63 59 57 54 53 52 51
 7 -56 10 70 69 68 67 65 61 60 58 52 49
 7 -75 10 77 74 67 63 62 61 58 57 56 46
 10 -77 9 68 67 66 65 64 62 58 52 44
 9 -67 7 69 64 62 60 59 58 53
 9 -49 7 81 69 66 65 60 53 51
 5 -15 10 77 70 69 67 66 64 63 61 58 52
 7 -99 7 66 64 62 61 58 57 53
 9 -37 5 66 65 61 53 51
 9 -94 8 74 69 68 67 64 60 58 57
 6 -32 6 74 72 68 66 51 48
 8 -70 8 77 75 70 69 67 66 61 52
 5 -53 10 111 91 83 81 80 77 72 69 64 61
 10 -18 7 84 81 79 77 76 71 53
 4 -91 7 111 80 79 77 71 59 57
 6 -94 8 111 108 80 79 72 71 69 57
 7 -42 4 81 74 66 51
 6 -74 10 111 108 86 81 79 72 71 70 69 64
 5 -31 11 111 108 86 84 83 81 80 79 72 71 64
 6 -13 7 111 108 84 80 79 71 57
 7 -19 6 91 83 74 66 64 62
 8 -10 14 111 108 91 86 84 83 82 80 79 76 75 74 73 72
 10 -26 3 70 64 62
 10 -13 12 111 108 107 91 86 83 82 79 76 74 73 72
 2 -62 8 111 90 80 75 74 70 68 67
 10 -75 8 108 91 79 76 73 72 69 66
 2 -40 8 111 108 90 79 78 73 70 66
 7 -38 10 111 109 108 107 89 84 79 78 76 70
 8 -47 7 86 82 81 76 75 73 70
 6 -7 11 111 107 93 91 87 84 81 80 78 76 73
 10 -31 8 109 108 91 90 84 81 78 66
 10 -6 9 108 107 93 89 83 79 76 72 71
 2 -33 10 110 109 108 106 89 86 84 79 78 71
 4 -33 13 111 110 108 107 106 105 93 90 86 85 84 79 78
 2 -46 8 107 93 92 91 85 83 79 73
 1 -36 7 102 93 87 82 76 75 73
 9 -29 8 110 107 106 91 90 89 87 72
 6 -94 11 110 107 106 100 93 92 89 87 86 85 82
 7 -56 10 107 106 104 103 101 92 89 85 83 82
 2 -5 8 106 104 97 93 89 86 85 78
 6 -44 11 110 109 107 105 102 99 98 97 92 87 84
 3 -83 8 110 103 93 92 91 87 85 83
 8 -45 8 104 102 100 92 90 87 85 82
 10 -68 7 109 104 102 101 97 85 78
 5 -56 11 110 109 106 104 103 101 100 97 96 94 89
 4 -99 10 106 103 102 101 100 98 97 93 92 87
 5 -48 10 110 109 107 105 100 99 98 97 92 88
 6 -53 10 106 105 101 100 99 98 96 95 94 90
 6 -9 8 109 108 107 105 104 100 98 88
 4 -39 6 103 100 99 98 92 88
 10 -94 5 104 102 101 97 87
 3 -66 4 104 98 97 85
 3 -87 7 102 101 100 99 98 95 92
 7 -19 5 98 97 96 95 94
 2 -87 5 102 100 98 97 96
 10 -100 5 104 103 101 96 95
 2 -86 2 99 88
 1 -28 4 102 101 96 94
 3 -27 1 88
 8 -99 3 96 95 94
 4 0 3 105 99 95
 10 -53 2 103 97
 10 -34 2 95 94
 7 -42 1 94
 1 -83 1 94
 3 -13 1 112
 2 -64 1 112
 7 -61 1 112
 5 -89 1 112
 3 -78 1 112
 4 -39 1 112
 9 -58 1 112
 8 -80 1 112
 6 -29 1 112
 4 -83 1 112
 5 -95 1 112
 6 -83 1 112
 1 -80 1 112
 8 -13 1 112
 4 -7 1 112
 3 -29 1 112
 1 -8 1 112
 5 -43 1 112
 0 27870 0
