112
 0 -68 21 2 3 4 5 6 7 8 9 10 11 12 13 14 15 16 17 18 19 30 34 36
 6 -98 11 47 38 37 35 33 32 26 25 22 21 20
 3 -12 16 68 67 61 51 49 46 45 44 42 41 40 33 31 29 28 23
 1 -50 13 82 68 61 55 52 50 49 47 32 31 29 27 26
 4 -27 13 76 75 61 60 59 52 49 46 38 35 33 27 24
 8 -21 9 70 61 60 56 41 38 33 32 21
 9 -85 19 70 68 67 66 64 61 60 59 58 55 52 50 47 46 44 43 41 40 22
 1 -54 10 56 52 51 44 40 38 35 33 31 28
 4 -32 14 86 75 74 68 60 58 56 52 50 49 45 40 28 27
 9 -6 11 67 65 61 60 58 51 46 44 40 31 28
 6 -44 16 68 67 66 62 61 59 58 57 55 52 50 45 44 43 39 31
 5 -34 12 82 68 64 62 60 57 52 49 43 39 31 27
 10 -71 17 86 82 76 70 68 66 65 64 62 60 59 58 57 56 52 44 31
 9 -13 15 68 67 64 63 62 61 58 54 51 49 48 47 43 40 39
 5 -58 18 79 76 72 68 67 65 64 59 56 54 53 52 51 50 48 45 44 39
 1 -66 20 82 79 76 75 74 72 70 68 67 66 65 64 59 57 54 53 52 50 46 44
 7 -2 19 86 76 75 74 71 70 67 65 64 62 59 58 55 52 49 48 45 44 41
 1 -17 12 75 73 70 67 64 63 59 58 56 47 40 33
 10 -23 9 75 71 67 56 53 46 44 43 28
 2 -97 15 76 74 72 69 68 66 64 63 62 60 59 50 45 41 39
 10 -35 9 86 67 62 52 50 49 45 44 31
 10 -6 5 86 82 76 62 31
 4 -72 17 111 106 86 83 82 81 79 77 73 72 71 69 66 64 62 60 52
 8 -6 16 111 110 108 106 83 82 80 79 78 74 73 72 67 62 57 48
 4 -41 14 111 110 106 85 81 74 71 67 64 61 60 58 55 46
 4 -9 13 85 81 79 75 72 71 69 67 65 64 59 53 46
 1 -38 12 110 79 72 71 70 69 67 66 65 54 53 44
 10 -83 14 103 85 83 82 81 80 77 76 70 64 63 62 59 47
 6 -54 10 110 108 85 81 79 71 62 58 56 39
 9 -68 19 111 110 108 107 106 105 103 100 86 82 81 79 77 75 72 70 64 61 57
 5 -30 16 110 108 104 100 84 79 77 75 74 73 72 71 69 63 54 53
 3 -88 10 105 101 79 78 76 67 66 59 57 51
 7 -98 15 111 107 105 102 99 84 81 80 78 74 72 69 66 55 50
 6 -62 15 109 103 100 86 82 80 79 77 76 73 72 65 62 59 52
 10 -43 16 109 108 106 101 98 97 96 82 81 78 74 71 70 67 62 58
 6 -60 14 111 103 101 85 81 80 79 78 75 73 71 70 62 59
 2 -79 12 110 109 108 106 103 96 84 83 77 71 62 56
 5 -99 18 109 106 105 103 100 99 98 97 86 85 83 81 80 79 77 74 68 64
 7 -93 21 111 109 107 106 105 104 103 102 100 99 97 96 95 94 90 86 84 80 77 75 73
 1 -93 14 108 107 105 104 100 98 91 85 83 82 80 77 69 57
 8 -9 17 110 108 107 106 104 102 99 98 97 96 93 91 84 83 81 79 77
 4 -71 14 109 107 106 103 102 101 100 97 85 84 83 80 79 71
 6 -82 12 110 108 106 104 103 101 83 81 79 78 76 74
 1 -19 11 107 106 100 99 90 89 88 83 80 73 63
 2 -91 15 111 110 108 105 104 103 98 97 95 93 90 85 82 78 77
 8 -29 11 108 103 101 98 97 94 91 86 83 77 62
 5 -49 12 111 107 105 100 99 98 96 94 84 79 78 72
 4 -100 12 104 103 100 99 98 92 91 88 85 84 81 69
 3 -81 15 111 108 107 104 103 101 100 96 95 93 92 91 90 81 77
 7 -11 15 108 106 104 103 101 100 98 97 95 92 91 90 87 85 77
 7 -15 9 106 102 96 91 89 88 83 71 69
 10 -43 15 108 107 105 104 101 99 96 95 93 92 91 90 89 88 87
 6 -88 12 106 102 101 99 98 97 95 93 90 88 83 78
 6 -37 11 111 105 103 99 98 93 92 89 88 87 85
 3 -57 10 108 100 98 97 93 92 91 89 87 79
 9 -84 9 104 101 100 99 98 97 93 88 78
 3 -43 8 109 102 99 97 96 90 88 71
 7 -91 7 102 100 94 91 88 83 80
 9 -34 8 110 108 107 106 99 97 94 84
 9 -22 6 100 96 91 90 84 80
 5 -83 6 95 90 89 88 83 78
 6 -82 8 107 105 102 99 95 90 88 87
 6 -4 8 105 102 97 96 95 94 93 87
 9 -26 6 101 96 92 90 88 78
 5 -19 7 102 96 91 90 89 88 87
 1 -43 6 103 98 95 94 88 85
 9 -74 5 104 103 100 95 77
 4 -86 6 101 95 91 90 88 87
 6 -68 5 109 97 93 90 87
 4 -91 4 104 94 88 84
 3 -83 3 95 94 87
 1 -13 3 101 97 92
 10 -89 3 98 92 91
 8 -49 3 94 93 87
 3 -35 3 93 92 89
 2 -16 3 98 95 89
 7 -77 2 89 88
 6 -30 2 91 87
 8 -24 2 90 88
 6 -7 2 93 87
 10 0 2 94 87
 5 -43 2 94 87
 7 -33 1 92
 1 -87 1 89
 8 -78 1 96
 7 -5 1 88
 7 -50 1 112
 9 -18 1 112
 9 -38 1 112
 8 -10 1 112
 1 -87 1 112
 3 -16 1 112
 6 -18 1 112
 10 -8 1 112
 4 -73 1 112
 9 -6 1 112
 6 -46 1 112
 6 -36 1 112
 8 -55 1 112
 2 -1 1 112
 7 -92 1 112
 2 -97 1 112
 5 -77 1 112
 6 -66 1 112
 5 -9 1 112
 7 -48 1 112
 6 -12 1 112
 8 -53 1 112
 7 -53 1 112
 5 -28 1 112
 10 -5 1 112
 0 26690 0
