112
 0 -15 9 2 3 4 5 6 7 8 10 12
 4 -66 6 20 18 17 15 13 11
 5 -69 5 20 17 15 13 11
 9 -29 5 23 17 16 14 9
 4 -94 5 20 19 18 15 11
 6 -40 5 30 19 17 15 11
 5 -24 8 27 25 24 23 22 21 20 19
 3 -19 8 27 26 25 24 23 21 20 19
 7 -66 6 27 25 22 21 20 19
 4 -48 6 30 27 23 22 21 17
 5 -77 5 31 25 24 22 16
 7 -70 6 31 27 26 25 24 20
 4 -50 5 27 24 23 21 19
 4 -37 8 37 31 29 28 27 26 25 21
 5 -27 5 31 28 25 23 22
 8 -35 6 37 29 28 27 26 21
 7 -73 8 40 37 34 33 32 31 28 24
 8 -24 6 37 34 31 28 27 26
 3 -24 8 40 39 37 34 33 31 29 28
 8 -13 6 37 34 32 30 29 28
 9 -81 9 44 43 40 38 36 35 34 33 32
 9 -57 5 44 40 33 32 26
 9 -64 7 43 42 40 39 37 36 29
 7 -16 8 44 43 42 41 39 38 36 35
 3 -81 7 51 42 39 38 36 35 33
 1 -100 7 51 42 41 39 38 36 35
 7 -26 5 44 40 36 35 33
 2 -69 6 44 43 41 38 36 35
 8 -86 7 51 50 49 48 44 41 35
 10 -47 6 50 48 46 41 40 35
 3 -84 9 55 52 50 49 48 46 45 42 41
 1 -39 4 56 51 47 39
 2 -57 5 52 48 46 45 41
 2 -17 4 55 51 42 41
 2 -2 6 58 56 55 52 47 45
 6 -29 5 55 52 50 49 45
 3 -12 3 48 46 41
 9 -38 7 60 57 56 55 54 48 47
 5 -21 5 58 55 52 46 45
 2 -85 7 65 58 57 55 52 51 49
 9 -69 5 60 57 56 54 47
 9 -3 6 65 60 58 57 54 53
 6 -51 6 65 60 58 57 54 53
 8 -17 4 63 58 47 46
 5 -46 6 73 69 65 59 57 54
 5 -1 4 71 65 57 53
 9 -16 5 71 68 66 65 53
 3 -23 8 71 69 68 66 62 61 59 58
 7 -90 8 72 71 69 66 63 61 59 56
 4 -56 7 74 71 69 65 61 58 57
 6 -56 9 74 73 72 71 69 68 63 62 61
 1 -67 8 74 73 72 69 68 67 61 60
 2 -87 6 73 72 69 62 61 59
 6 -74 6 74 72 71 66 63 61
 2 -74 6 72 69 68 63 62 61
 3 -5 6 80 78 77 73 68 64
 10 -58 4 78 76 68 66
 9 -56 7 81 80 78 75 73 72 70
 4 -6 5 78 77 74 70 67
 7 -93 4 79 78 75 66
 2 -40 3 80 78 64
 10 -15 3 77 70 64
 2 -100 6 85 81 80 79 78 70
 4 -72 6 88 86 85 81 76 75
 8 -44 5 85 80 79 78 70
 3 -11 6 85 84 82 81 80 77
 3 -14 8 93 90 88 86 85 84 81 79
 6 -31 5 92 86 84 83 75
 1 -9 5 92 88 84 82 78
 9 -19 8 97 92 89 88 87 86 84 82
 7 -89 5 92 88 84 82 79
 8 -11 6 93 92 90 87 86 83
 9 -98 4 92 90 85 79
 6 -34 4 92 90 84 79
 6 -80 5 99 97 89 87 82
 3 -72 3 92 84 79
 9 -86 6 99 97 94 89 88 86
 9 -54 4 99 90 87 83
 7 -7 7 99 97 96 94 91 89 87
 5 -72 6 99 97 92 90 89 87
 10 -48 2 95 83
 9 -77 5 110 95 93 91 90
 3 -80 6 106 98 97 96 94 89
 1 -43 7 111 105 102 99 96 94 91
 4 -83 9 111 110 106 102 100 99 98 96 95
 10 -34 5 110 105 96 95 91
 4 -50 6 106 105 102 101 100 95
 1 -11 6 111 110 109 104 100 96
 2 -18 7 111 110 109 108 105 104 102
 10 -62 5 109 105 104 102 96
 2 -76 5 109 106 104 100 98
 5 -71 5 105 104 102 100 98
 8 -42 3 102 101 94
 3 -16 3 108 104 100
 4 -62 3 108 104 103
 10 -48 2 108 101
 1 -82 2 108 100
 8 -7 2 108 103
 2 -45 2 109 104
 7 -90 1 103
 4 -50 1 103
 3 -14 1 103
 1 -29 1 107
 1 -80 1 107
 8 -66 1 107
 1 -57 1 107
 7 -16 1 112
 3 -51 1 112
 1 -33 1 112
 9 -39 1 112
 4 -43 1 112
 0 26700 0
