112
 0 -34 26 2 3 4 5 6 7 8 9 10 11 12 13 14 16 17 18 20 21 22 24 25 30 32 33 37 41
 7 -27 13 59 57 54 50 44 43 38 36 35 31 29 26 23
 7 -44 14 68 61 59 55 54 53 51 50 48 42 38 34 28 23
 2 -14 12 81 75 62 54 53 52 49 46 44 43 26 15
 9 -88 13 68 64 63 61 60 56 53 52 51 50 47 42 23
 9 -75 9 66 62 61 51 47 43 42 36 19
 5 -52 12 110 86 75 67 66 62 58 54 47 40 36 31
 5 -66 16 111 81 75 72 68 67 64 62 61 58 57 55 53 45 44 40
 8 -27 11 80 68 64 63 61 59 51 50 47 42 23
 3 -33 11 68 66 59 58 57 55 51 50 48 35 27
 1 -75 9 68 64 58 55 50 49 44 35 26
 8 -10 12 80 79 69 68 67 64 62 55 50 49 44 38
 6 -22 13 86 72 71 62 59 58 57 55 53 51 50 44 39
 7 -19 13 105 86 80 75 70 68 67 64 61 59 58 47 44
 6 -51 12 111 80 69 68 67 66 60 59 58 55 50 31
 8 -18 10 111 75 72 66 64 55 53 50 45 43
 4 -33 10 111 81 75 69 66 63 58 56 54 36
 9 -11 14 111 109 86 79 75 72 71 70 69 67 62 58 50 44
 9 -28 16 108 104 85 80 75 74 73 72 69 68 67 65 64 59 58 55
 1 -73 12 109 108 79 72 71 70 67 63 58 51 50 44
 9 -26 20 111 110 109 108 106 105 104 81 80 77 75 74 73 72 71 70 65 62 59 58
 2 -25 13 111 81 73 72 71 70 69 66 63 61 60 58 51
 2 -2 22 111 109 108 107 106 103 99 86 85 79 77 75 74 73 72 71 70 67 66 65 62 58
 2 -84 17 110 106 105 104 103 100 85 80 79 74 73 70 68 65 63 58 49
 5 -27 12 110 109 108 106 105 80 79 75 70 64 63 47
 5 -87 13 111 110 109 106 105 86 79 73 72 70 66 63 51
 10 -24 13 111 110 109 102 99 97 81 77 75 74 65 60 53
 4 -65 9 108 107 105 86 80 73 67 64 44
 10 -31 18 111 109 107 105 104 103 102 99 80 79 77 76 75 72 67 65 61 60
 2 -65 7 111 79 73 70 69 68 44
 7 -47 11 109 108 106 105 100 85 73 72 71 63 51
 6 -69 11 109 106 105 103 100 85 74 65 63 58 49
 3 -89 10 111 109 106 85 74 72 64 59 58 50
 4 -7 15 111 107 105 104 102 100 99 81 74 73 72 70 65 60 58
 9 -18 14 110 107 106 102 101 99 85 84 75 74 73 71 67 53
 3 -51 12 109 107 106 103 101 77 74 73 71 68 65 53
 2 -11 15 110 109 105 104 102 100 99 81 79 76 74 73 72 61 60
 10 -86 8 110 108 102 99 77 76 70 47
 9 -93 20 110 109 108 107 105 104 103 102 101 99 93 83 80 79 77 76 74 73 70 67
 3 -75 9 109 108 104 102 76 74 69 60 50
 4 -87 17 111 108 106 105 104 103 101 99 98 85 77 76 74 73 70 67 62
 4 -16 14 106 104 103 102 100 86 83 79 77 75 72 71 69 58
 8 -48 11 106 103 93 86 83 74 73 70 67 63 58
 7 -7 10 110 102 99 92 77 76 74 66 65 60
 10 -2 18 110 109 107 105 103 102 101 100 99 96 95 92 90 85 82 73 71 65
 6 -30 10 104 103 102 99 78 74 72 65 60 58
 2 -44 12 111 104 101 100 95 92 81 74 73 72 71 65
 10 -12 14 107 105 101 100 99 98 92 86 84 83 78 74 72 71
 3 -49 16 108 102 99 98 95 94 92 91 90 86 84 83 78 76 72 71
 6 -68 13 107 105 103 101 100 99 95 92 90 89 82 73 65
 8 -13 12 104 103 102 101 99 97 96 92 78 76 74 65
 1 -22 9 110 106 104 100 96 78 76 74 59
 4 -14 13 108 105 104 100 96 93 91 90 80 79 78 76 70
 1 -99 11 104 102 101 99 97 96 95 90 82 77 65
 8 -88 14 110 109 106 105 103 102 99 96 95 91 84 82 77 70
 8 -95 14 110 107 103 102 100 99 98 92 91 90 89 85 78 72
 9 -17 12 109 105 99 98 95 94 93 91 85 84 77 76
 7 -81 8 101 98 97 94 92 91 90 76
 5 -64 8 107 102 99 93 90 89 82 79
 6 -30 9 106 101 95 94 93 91 88 85 83
 1 -89 9 108 101 97 96 93 91 90 88 84
 3 -42 8 102 100 95 94 93 92 89 78
 1 -4 6 107 99 95 94 89 77
 9 -10 6 103 100 98 95 88 76
 7 -32 7 98 94 93 91 88 84 83
 2 -3 6 104 100 97 96 90 83
 9 -19 5 100 96 90 89 78
 6 -64 5 96 94 90 88 87
 9 -28 5 105 99 97 92 87
 10 -35 4 92 89 88 87
 6 -78 4 93 89 88 87
 6 -99 3 97 96 82
 1 -31 2 97 78
 6 -7 3 94 91 90
 3 -94 3 96 89 87
 9 -82 2 89 82
 1 -1 1 78
 2 -56 2 88 87
 1 -12 2 95 92
 5 -61 2 98 89
 1 -15 2 103 87
 5 -60 1 87
 8 -6 1 87
 2 -53 1 87
 4 -49 1 87
 9 -32 1 89
 10 -56 1 112
 2 -93 1 112
 1 -81 1 112
 7 -62 1 112
 2 -83 1 112
 8 -71 1 112
 5 -34 1 112
 10 -5 1 112
 10 -1 1 112
 6 -18 1 112
 5 -45 1 112
 4 -65 1 112
 3 -52 1 112
 3 -17 1 112
 10 -57 1 112
 7 -20 1 112
 8 -97 1 112
 7 -38 1 112
 8 -52 1 112
 7 -78 1 112
 2 -27 1 112
 7 -97 1 112
 5 -39 1 112
 1 -5 1 112
 3 -86 1 112
 0 25045 0
