112
 0 -7 19 2 3 4 5 6 8 9 10 11 12 13 14 16 17 18 19 23 25 30
 2 -94 13 52 45 42 41 37 36 34 29 26 21 20 15 7
 5 -26 15 61 54 51 50 49 48 46 44 41 36 33 32 28 24 22
 3 -19 14 56 48 47 45 43 42 40 38 36 34 31 28 27 20
 6 -94 18 80 71 66 65 61 58 57 56 55 52 51 50 43 42 33 31 29 26
 9 0 16 80 71 65 60 58 57 56 55 53 52 48 47 44 40 27 20
 6 -96 17 80 70 68 64 61 60 58 55 53 51 48 47 43 38 35 32 27
 2 -30 21 81 80 75 71 70 69 66 65 62 58 56 54 53 51 49 48 47 46 43 42 33
 5 -16 11 71 68 65 57 56 48 47 44 42 36 20
 7 -68 10 66 61 58 53 45 44 39 35 34 21
 2 -80 11 71 58 51 50 48 46 45 39 36 34 27
 9 -53 17 111 81 80 75 73 71 70 68 64 63 58 56 54 53 48 44 32
 3 -80 16 81 70 69 66 65 64 63 60 58 57 53 46 45 44 43 39
 2 -85 16 111 81 80 75 74 73 70 67 64 63 60 53 50 49 42 32
 3 -50 16 85 81 80 79 75 70 69 66 65 64 57 56 54 46 44 43
 4 -22 14 85 81 80 76 75 73 69 66 58 53 47 46 42 33
 6 -74 18 110 80 79 75 74 73 70 69 66 62 60 59 58 53 52 51 49 48
 9 -53 14 111 84 79 73 68 66 63 62 61 60 57 50 49 40
 4 -69 12 111 80 79 76 75 73 71 59 58 53 49 33
 8 -46 9 81 75 70 64 59 54 51 46 32
 1 -47 20 109 108 104 85 84 80 78 77 75 74 71 70 69 68 67 65 64 62 60 47
 6 -85 9 107 70 64 63 62 52 43 42 38
 5 -59 11 111 109 80 76 74 70 67 64 59 53 32
 4 -3 11 85 81 79 74 71 66 65 64 59 47 43
 4 -89 10 111 109 84 77 70 66 65 64 59 56
 1 -100 9 81 79 76 74 64 62 53 48 46
 7 -62 18 111 109 108 106 105 104 101 86 84 83 78 77 76 75 74 63 62 49
 3 -99 15 110 108 106 105 99 85 83 78 77 76 75 74 70 58 57
 3 -60 16 111 110 109 108 106 105 101 86 84 83 78 77 76 75 74 49
 6 -91 14 111 110 108 105 104 101 84 79 78 77 76 74 60 49
 8 -87 10 86 85 79 77 75 74 73 72 70 44
 8 -24 16 110 107 106 104 102 100 85 84 82 79 78 77 72 69 66 62
 1 -98 14 109 108 107 104 102 99 86 78 74 72 68 67 64 60
 7 -30 18 110 109 107 105 104 103 102 100 84 83 81 79 77 75 74 73 70 69
 9 -9 16 111 107 106 104 103 101 100 99 85 78 77 75 74 67 65 62
 3 -41 9 111 109 105 104 79 76 74 60 53
 7 -67 18 110 107 106 104 103 102 101 100 99 86 85 84 83 82 77 76 72 62
 1 -93 10 111 102 100 98 84 82 72 71 66 59
 3 -2 10 110 106 105 104 101 83 77 76 67 49
 4 -10 18 110 109 108 106 104 103 98 97 94 85 83 82 81 77 75 74 69 67
 2 -85 18 107 106 105 104 103 100 99 98 94 83 82 80 78 77 76 74 72 71
 7 -26 12 110 105 102 101 100 98 86 82 79 77 72 59
 9 -47 18 111 110 109 106 105 104 103 102 100 98 92 91 86 84 83 78 77 76
 1 -11 10 107 106 105 102 100 98 97 93 82 59
 1 -74 16 109 106 105 104 102 100 99 96 92 89 88 84 82 80 78 74
 1 -58 14 111 110 107 104 102 98 91 89 88 86 84 83 82 72
 9 -28 16 111 110 107 106 105 103 102 100 99 95 94 91 89 88 82 72
 5 -15 19 109 108 105 104 103 101 100 99 98 97 96 95 94 93 92 91 90 88 82
 7 -60 14 107 103 102 100 99 98 95 94 91 90 88 85 82 72
 2 -78 9 109 108 105 98 95 78 76 72 69
 9 -15 16 109 106 104 103 101 100 98 97 96 95 94 93 91 89 78 76
 5 -35 11 111 101 99 98 97 96 94 85 83 76 67
 4 -49 11 102 101 100 99 98 91 90 87 83 77 72
 2 -52 12 108 102 101 99 97 96 95 92 91 84 76 74
 8 -56 11 101 100 99 98 95 94 89 82 76 75 72
 9 -91 7 107 106 102 100 98 72 67
 9 -48 10 109 107 103 98 95 94 89 88 82 72
 2 -76 13 104 103 102 101 100 96 93 91 90 89 88 87 84
 3 -22 12 108 104 103 99 96 95 94 92 91 89 88 78
 6 -9 12 106 103 98 97 94 92 91 90 89 88 83 82
 10 -71 11 110 107 99 98 94 93 92 91 88 85 82
 8 -55 12 98 97 96 95 94 93 92 91 90 89 88 87
 5 -42 8 100 98 95 94 91 90 88 72
 9 -42 11 100 97 96 95 94 93 92 90 89 88 87
 9 -67 6 102 94 91 90 76 73
 9 -85 7 105 94 93 89 87 86 83
 8 -16 7 93 92 91 90 89 88 87
 2 -75 7 106 105 101 97 90 88 87
 4 -80 5 101 99 92 91 89
 5 -84 5 101 98 92 90 88
 5 -93 5 101 97 90 88 87
 2 -56 4 97 96 93 92
 7 -46 3 89 88 82
 9 -97 3 93 90 87
 2 -43 3 96 88 87
 8 -67 2 88 87
 7 -66 2 89 88
 3 -40 2 90 87
 3 -21 2 89 88
 5 -10 2 95 91
 6 -49 2 91 87
 8 -31 1 87
 10 -42 1 95
 10 -18 1 94
 6 -74 1 89
 5 -43 1 90
 9 -46 1 112
 6 -18 1 112
 5 -87 1 112
 8 -44 1 112
 6 -59 1 112
 9 -71 1 112
 6 -11 1 112
 3 -22 1 112
 2 -84 1 112
 7 -51 1 112
 2 -18 1 112
 2 -32 1 112
 10 -58 1 112
 6 -84 1 112
 2 -11 1 112
 6 -20 1 112
 2 -9 1 112
 4 -15 1 112
 7 -30 1 112
 6 -52 1 112
 9 -75 1 112
 10 -81 1 112
 8 -75 1 112
 7 -44 1 112
 2 -28 1 112
 0 28455 0
