112
 0 -76 26 2 3 4 5 6 8 9 10 11 12 13 14 15 16 17 18 19 21 22 24 26 28 31 38 40 41
 5 -71 11 67 56 53 52 51 48 47 34 32 27 7
 3 -67 17 78 65 61 60 59 57 54 52 51 50 49 48 44 42 39 32 30
 3 -88 13 91 77 69 64 61 60 59 57 56 49 45 32 25
 10 -36 9 91 76 65 57 55 52 51 37 20
 2 -24 15 80 78 66 64 61 60 59 57 56 54 52 50 48 44 30
 1 -15 10 91 77 75 58 57 55 54 49 43 20
 5 -91 21 111 110 91 80 78 76 75 69 65 64 63 62 61 60 59 57 56 55 54 52 45
 10 -94 16 110 91 76 66 65 60 59 57 56 55 54 52 51 48 45 36
 6 -80 16 91 80 77 73 72 70 67 65 62 59 57 56 51 50 46 37
 10 -70 10 78 77 61 60 50 49 39 37 32 30
 2 -20 10 80 70 66 65 60 56 51 48 46 23
 9 -10 13 91 70 63 62 60 56 55 54 52 51 48 46 43
 8 -7 13 111 89 80 78 77 70 66 62 61 58 53 37 29
 1 -26 12 91 89 78 77 72 70 62 57 51 49 46 37
 8 -35 14 89 80 78 77 76 73 72 64 61 57 53 51 48 37
 4 -42 13 89 78 77 74 70 69 68 67 66 65 51 50 35
 3 -58 15 110 91 87 81 80 76 70 67 64 62 60 54 52 51 48
 5 -56 11 91 80 76 73 69 67 66 58 57 50 33
 4 -72 12 111 80 78 69 68 66 61 60 59 50 44 39
 3 -65 15 91 89 80 78 77 76 72 70 65 62 61 60 54 51 48
 10 -30 11 91 80 76 69 66 65 62 61 60 48 39
 5 -19 21 111 110 91 90 89 86 85 77 76 75 74 73 72 71 69 68 63 62 61 58 55
 5 -1 15 111 110 91 90 89 72 70 69 67 63 62 57 55 54 51
 1 -25 10 109 86 80 78 72 71 55 54 51 44
 4 -20 17 111 110 87 85 81 77 76 74 72 68 66 65 63 60 58 57 56
 5 -58 18 111 110 109 108 107 106 87 85 80 75 74 69 68 65 63 60 59 58
 10 -24 17 109 91 90 87 86 85 81 79 78 75 73 72 71 70 63 58 54
 10 -4 14 110 109 91 90 88 85 79 73 72 69 63 60 55 54
 8 -39 18 111 110 108 106 101 91 90 86 85 76 75 74 71 70 69 63 58 55
 5 -8 16 108 106 105 89 88 85 81 80 78 74 73 70 66 63 61 60
 7 -59 17 111 108 105 104 90 87 85 81 80 79 76 74 73 72 71 66 58
 2 -43 17 111 110 109 108 105 89 88 86 85 84 81 77 74 72 70 68 61
 7 -49 13 111 101 90 89 86 84 81 78 75 71 62 61 54
 10 -65 17 111 110 108 105 104 103 100 91 88 87 85 80 75 73 72 63 60
 6 -38 14 111 109 107 101 88 86 85 79 72 71 69 68 63 62
 3 -75 12 110 106 101 88 87 86 85 75 71 69 63 54
 8 -24 12 107 105 103 89 85 81 76 75 63 61 60 58
 2 -73 19 110 109 108 107 105 104 102 89 88 87 86 85 84 83 79 74 73 72 71
 8 -40 14 110 109 108 106 103 87 85 81 79 75 70 63 60 58
 1 -33 10 99 89 85 81 79 73 72 71 66 54
 9 -27 13 111 110 109 108 106 96 94 88 86 74 69 68 64
 9 -60 13 108 107 106 103 102 101 89 87 86 79 76 71 69
 4 -73 12 110 107 105 103 90 89 85 81 73 70 63 62
 8 -38 11 107 106 104 101 89 86 85 84 81 67 58
 8 -6 8 111 107 103 101 86 76 69 61
 2 -69 11 110 107 97 91 88 85 84 83 73 72 62
 4 -67 15 111 109 108 105 103 102 101 100 96 90 86 85 83 75 71
 8 -44 10 111 106 96 95 90 85 83 76 71 66
 2 -28 10 109 106 105 104 101 100 90 87 71 63
 1 -84 8 106 104 101 85 84 79 75 58
 10 -64 11 107 99 98 97 89 85 82 79 77 73 72
 6 -21 12 110 106 103 102 100 98 96 86 85 84 82 75
 3 -56 8 108 107 105 104 96 94 74 68
 5 -3 12 107 105 102 99 98 97 96 94 87 84 83 82
 9 -82 10 106 103 98 97 96 95 90 86 84 82
 6 0 12 109 108 107 105 103 101 98 96 95 93 92 86
 2 -8 10 102 100 99 98 97 95 94 88 83 82
 8 -37 10 104 101 100 99 98 95 94 92 89 82
 4 -84 5 101 96 86 83 71
 5 -64 7 104 102 98 94 87 82 79
 7 -18 8 108 104 100 99 98 96 94 82
 1 -85 7 102 99 98 97 96 84 82
 6 -39 7 103 102 101 100 95 84 82
 6 -31 3 102 79 71
 10 0 7 107 103 101 100 94 93 84
 6 -2 7 105 103 99 96 95 92 82
 7 -76 6 103 98 97 95 83 82
 7 -6 6 105 104 100 99 97 81
 9 -27 6 104 102 100 97 95 93
 9 -51 4 98 97 94 82
 5 -82 4 106 95 94 92
 5 -99 4 101 95 94 93
 3 -45 3 103 100 95
 4 -90 3 97 95 92
 5 -21 3 109 97 92
 9 -47 3 104 101 93
 8 -87 3 103 94 92
 1 -27 2 96 93
 10 -19 2 102 92
 1 -20 1 83
 9 -78 1 93
 8 -31 1 92
 5 -22 1 92
 7 -92 1 94
 8 -57 1 99
 6 -93 1 95
 9 -1 1 92
 6 -14 1 96
 4 -87 1 94
 9 -98 1 102
 3 0 1 112
 7 -43 1 112
 3 -35 1 112
 4 -80 1 112
 6 -72 1 112
 7 -58 1 112
 3 -81 1 112
 7 -65 1 112
 5 -12 1 112
 6 -99 1 112
 4 -89 1 112
 7 -30 1 112
 9 -68 1 112
 9 -15 1 112
 2 -86 1 112
 4 -56 1 112
 10 -14 1 112
 8 -26 1 112
 10 -16 1 112
 5 -63 1 112
 0 25990 0
