112
 0 -90 29 2 3 4 5 6 7 8 9 10 11 12 13 14 15 16 17 18 19 20 21 23 26 27 29 30 34 35 36 39
 4 -79 15 74 73 68 59 58 56 55 54 48 47 46 43 40 25 24
 6 -63 10 74 68 55 52 51 44 38 37 28 24
 2 -83 17 79 74 72 68 65 61 60 55 53 52 51 49 48 47 45 41 33
 2 -83 11 74 73 72 70 68 56 48 47 45 25 24
 7 -93 9 90 84 52 51 50 46 45 40 22
 4 -52 14 84 79 74 69 68 66 65 61 58 57 52 51 37 28
 7 -41 15 82 79 72 70 66 61 57 54 53 51 48 47 46 44 42
 2 -90 17 90 89 84 79 73 69 68 65 63 61 57 53 52 51 47 45 40
 6 -47 11 71 69 68 65 63 58 57 56 51 38 28
 2 -64 14 78 73 69 68 65 61 60 58 57 51 48 47 38 37
 5 -99 12 82 74 71 70 68 66 58 55 52 51 48 32
 9 -81 10 90 74 72 71 68 66 58 55 38 32
 1 -44 17 90 89 84 78 76 73 69 65 61 58 57 55 54 53 52 51 37
 10 -89 11 90 84 82 72 68 66 58 57 55 46 32
 8 -91 11 84 82 70 68 58 57 56 52 51 47 32
 7 -60 10 84 82 74 72 68 66 61 57 55 31
 8 -28 19 109 90 86 84 83 81 79 78 70 69 68 65 60 59 58 56 51 50 48
 6 -61 12 79 78 75 73 68 65 63 52 51 47 46 38
 10 -86 18 109 89 86 84 83 82 78 72 71 69 65 64 62 58 54 52 49 47
 7 -59 15 84 81 78 76 74 73 72 71 67 64 63 61 51 48 41
 6 -100 21 111 85 82 81 78 77 76 73 72 71 70 69 68 65 64 63 62 61 59 56 53
 3 -54 18 111 86 85 84 83 81 79 77 76 74 73 72 71 70 57 56 48 43
 5 -35 6 111 84 82 66 57 32
 7 -96 17 89 86 84 83 82 79 76 75 71 69 65 64 63 62 53 52 51
 4 -18 15 90 85 83 81 79 78 77 76 75 70 66 65 62 53 46
 5 -99 15 111 109 90 89 85 84 73 72 71 69 67 62 61 55 50
 8 -39 12 109 89 86 83 82 73 72 70 64 48 47 45
 6 -2 16 109 86 84 78 76 75 73 72 71 69 67 65 63 61 57 51
 1 -85 13 90 89 86 84 83 78 75 65 64 62 53 51 47
 2 -5 16 104 90 86 81 78 76 75 70 69 67 65 64 63 62 58 51
 1 -75 15 108 86 85 81 78 76 75 69 65 64 63 62 61 60 53
 4 -34 12 110 109 86 85 84 83 76 73 70 67 66 46
 8 -16 11 105 86 84 82 81 78 71 68 66 62 47
 9 -62 11 111 109 89 85 78 76 71 68 57 55 48
 7 -95 17 111 110 109 103 89 85 84 82 81 80 79 77 75 73 70 65 57
 1 -1 15 109 107 104 88 86 85 83 82 81 77 75 72 71 64 62
 6 -76 12 111 108 89 88 85 83 82 81 77 70 62 53
 7 -5 17 110 109 108 104 103 89 88 85 80 79 78 77 76 73 72 65 64
 3 -62 16 111 110 108 107 103 88 87 86 85 82 81 76 75 72 70 60
 10 -30 14 111 109 108 105 101 100 95 87 86 82 80 77 70 66
 1 -69 9 110 109 104 100 90 89 85 75 52
 4 -39 14 110 109 108 104 103 101 100 92 87 82 80 78 75 67
 9 -70 9 88 86 85 84 80 77 76 65 58
 10 -11 13 108 107 104 103 102 101 100 88 85 81 78 75 62
 8 -39 10 111 105 103 102 98 89 80 71 69 64
 8 -37 13 111 110 108 104 103 100 88 87 85 80 77 76 67
 1 -95 13 108 107 106 105 103 102 100 99 95 88 87 75 62
 7 -69 13 108 107 106 105 104 103 102 100 90 88 77 75 63
 8 -39 4 98 82 76 57
 1 -15 13 111 110 103 102 101 100 97 95 93 88 87 85 77
 6 -36 14 108 106 105 103 101 99 97 96 95 93 92 88 87 81
 10 -15 11 109 106 105 104 101 100 98 97 92 87 67
 9 -46 13 110 107 106 105 104 102 101 98 96 95 92 88 80
 7 -37 9 104 102 101 100 94 92 88 86 75
 6 -39 9 107 104 101 100 95 91 89 87 75
 6 -65 8 105 104 99 97 96 95 88 64
 9 -25 12 108 107 105 102 101 100 98 97 96 92 91 87
 6 -32 11 106 104 103 99 98 97 96 95 94 92 91
 5 -71 7 104 101 100 99 96 92 80
 3 -89 6 106 102 97 93 88 83
 2 -82 5 110 96 94 92 80
 1 -17 7 98 97 96 95 93 92 91
 5 -42 6 101 100 93 92 91 87
 10 -97 6 107 105 102 92 91 87
 4 -75 6 107 104 103 94 91 89
 5 -52 6 107 99 95 94 93 91
 10 -57 6 103 99 98 97 95 92
 10 -60 5 106 95 93 92 88
 2 -91 5 102 97 94 93 91
 7 -42 5 108 101 99 96 91
 1 -4 5 106 105 94 93 92
 5 -87 5 95 94 93 92 91
 5 -49 5 109 103 95 92 91
 2 -61 4 98 97 96 93
 3 -38 4 99 96 95 91
 3 -30 4 98 96 94 92
 1 -55 4 99 98 95 91
 4 -29 4 105 102 92 91
 3 -29 3 97 93 91
 9 -4 3 98 94 91
 6 -25 3 106 102 91
 3 -65 3 103 96 95
 3 -34 3 94 93 91
 5 -81 2 98 91
 7 -27 2 99 93
 2 -20 1 94
 3 -41 1 91
 7 -98 1 92
 8 -40 1 99
 10 -46 1 112
 4 -1 1 112
 9 -3 1 112
 3 -97 1 112
 9 -34 1 112
 5 -11 1 112
 3 -76 1 112
 3 -64 1 112
 1 -56 1 112
 2 -61 1 112
 7 -96 1 112
 8 -42 1 112
 7 -8 1 112
 5 -66 1 112
 4 -12 1 112
 7 -98 1 112
 7 -8 1 112
 4 -95 1 112
 4 -32 1 112
 3 -53 1 112
 6 -85 1 112
 0 29430 0
