112
 0 -50 8 2 3 4 5 6 7 8 9
 10 -25 5 18 17 13 11 10
 10 -86 5 18 17 15 12 11
 5 -95 5 21 20 17 16 12
 2 -35 5 20 19 16 15 14
 5 -31 5 22 20 19 18 16
 9 -32 5 23 19 18 17 15
 7 -76 5 24 20 18 16 15
 8 -68 2 15 11
 3 -29 4 23 21 15 12
 8 -88 5 26 24 21 20 16
 2 -81 6 32 30 29 28 26 19
 7 -81 6 32 30 28 26 25 21
 6 -48 4 32 25 22 21
 2 -45 8 38 37 36 34 32 29 28 22
 9 -30 7 34 32 30 28 27 25 23
 10 -8 6 38 37 36 34 29 22
 3 -30 4 32 30 26 21
 7 -10 4 38 31 25 24
 6 -38 7 46 37 34 31 28 27 25
 6 -95 7 46 38 37 34 31 29 27
 5 -82 4 52 30 27 26
 6 -32 7 52 41 38 37 33 31 29
 8 0 5 46 37 34 33 27
 8 -57 8 44 43 42 41 40 36 35 33
 2 -48 6 46 44 43 35 33 31
 5 -17 8 50 49 45 43 42 41 40 39
 6 -94 6 52 44 43 42 40 39
 7 -53 6 50 49 45 43 42 39
 8 -44 5 60 49 46 43 40
 2 -38 4 49 45 42 40
 4 -54 4 52 46 44 43
 1 -25 6 64 51 50 49 47 45
 3 -65 1 35
 6 -80 7 64 60 51 50 49 48 47
 10 -88 6 64 52 51 50 47 45
 4 -62 4 51 48 47 44
 4 -71 5 60 54 51 48 44
 3 -40 7 64 60 59 54 53 51 48
 9 -30 6 64 57 56 53 51 47
 2 -20 9 64 61 60 59 58 57 56 54 53
 6 -74 8 64 63 60 58 57 56 53 51
 2 -86 3 51 48 47
 1 -29 4 64 58 56 49
 1 -95 3 60 54 48
 9 -50 6 70 64 63 56 55 51
 10 -96 5 61 59 58 55 54
 9 0 5 70 69 61 58 56
 3 -72 5 72 69 63 57 53
 3 -72 7 69 67 66 62 61 59 57
 9 -97 7 71 69 67 66 65 62 61
 1 -55 9 74 73 72 71 70 69 67 66 62
 6 -21 2 67 55
 1 -51 10 85 77 74 73 71 70 69 68 67 63
 8 -5 4 71 66 65 62
 8 -89 5 85 74 67 66 62
 1 -70 5 86 77 71 68 65
 6 -5 4 86 71 68 65
 4 -1 7 86 85 79 78 74 73 68
 10 -21 4 85 81 70 66
 8 -8 7 86 80 79 78 76 75 72
 9 -49 7 86 81 80 79 77 76 75
 3 -51 7 86 84 83 80 78 76 75
 2 -35 7 86 85 84 83 80 76 75
 8 -98 4 85 76 74 73
 10 -35 2 86 68
 10 -19 5 86 83 78 76 75
 8 -80 4 83 80 76 75
 1 -69 4 86 80 76 75
 3 -82 5 87 86 82 80 78
 8 -81 5 88 87 84 82 81
 8 -56 6 97 91 87 85 84 82
 7 -96 2 101 75
 1 -64 5 97 88 87 84 82
 6 -64 6 97 93 91 88 87 82
 8 -60 6 101 97 93 92 87 82
 1 -9 8 102 96 95 91 90 89 88 84
 3 -75 9 111 102 101 97 93 92 91 89 88
 2 -89 9 111 101 97 96 95 93 92 89 88
 8 -10 8 111 101 97 96 95 92 89 88
 5 -65 8 102 101 100 97 95 92 91 89
 7 -38 9 111 110 109 102 100 96 95 90 89
 9 0 9 111 110 102 101 99 95 94 93 92
 5 -60 7 111 110 108 101 99 94 93
 9 -95 6 110 108 102 99 94 93
 9 -100 6 110 109 108 100 96 94
 9 -21 9 110 109 108 107 105 104 100 99 98
 5 -28 5 110 108 107 99 94
 10 -43 3 107 99 94
 3 -17 3 108 99 94
 6 -44 7 110 109 108 106 105 104 103
 7 -61 6 109 108 107 105 104 98
 3 -6 5 109 107 104 103 100
 2 -83 4 106 105 104 98
 6 -66 3 105 104 103
 2 -7 2 107 99
 9 -29 2 105 104
 1 -93 1 103
 7 -61 1 103
 8 -19 1 106
 6 -70 1 104
 10 -92 1 103
 4 -29 1 112
 3 -27 1 112
 3 -68 1 112
 5 -41 1 112
 6 -47 1 112
 3 -99 1 112
 9 -64 1 112
 8 -76 1 112
 10 -86 1 112
 0 29175 0
