112
 0 -26 24 2 3 4 5 6 7 8 9 10 11 12 13 14 15 16 17 21 22 24 25 27 28 32 43
 6 -55 16 71 67 66 64 61 56 53 45 42 41 39 38 35 31 29 23
 2 -72 12 74 65 64 54 52 51 48 44 41 36 33 18
 6 -38 16 76 70 67 64 60 56 54 53 52 48 46 45 44 41 40 30
 9 -80 11 70 67 66 65 58 53 47 41 31 30 20
 6 -55 8 71 65 46 38 33 30 26 19
 9 -63 13 75 73 71 66 65 63 60 58 54 52 46 45 26
 6 -56 7 65 59 58 53 52 41 18
 2 -56 11 76 71 58 54 53 51 46 45 37 36 30
 9 -20 14 84 78 76 75 71 64 61 59 57 53 52 51 49 48
 8 -30 12 110 108 76 75 69 67 66 62 55 46 39 30
 4 -27 12 76 75 70 66 65 62 61 60 59 53 35 34
 9 -3 10 66 64 62 61 55 54 44 39 37 35
 9 -68 13 110 108 76 75 74 71 70 67 64 59 46 45 30
 2 -14 10 110 76 70 65 63 59 56 55 46 31
 7 -25 10 111 75 74 71 67 58 46 41 37 30
 9 -89 9 110 71 64 57 54 53 47 45 38
 7 -23 8 75 71 70 67 55 50 46 30
 9 -68 14 109 108 82 76 75 70 69 66 64 62 57 55 54 40
 1 -60 12 103 102 84 75 74 71 68 64 62 57 55 50
 6 -70 11 106 102 101 84 75 66 65 62 61 57 50
 9 -70 10 110 108 107 106 70 69 65 61 47 46
 4 -38 10 111 108 76 73 69 63 59 58 55 46
 3 -31 15 111 108 106 101 84 82 78 74 73 70 68 67 61 57 52
 5 -6 18 110 108 107 105 104 101 97 83 78 75 73 71 70 69 66 64 59 58
 2 -17 9 110 109 108 82 70 67 64 57 40
 8 -94 8 111 110 108 74 73 62 59 41
 5 -40 22 110 109 108 107 106 103 102 101 100 99 84 83 82 81 80 77 75 74 72 69 68 63
 10 -48 8 110 108 100 82 73 63 59 46
 5 -37 14 109 107 106 102 101 100 82 78 77 73 68 63 61 57
 4 -41 11 109 108 104 102 101 84 75 74 68 57 52
 1 -59 21 110 109 108 107 106 103 100 96 95 86 83 82 81 80 78 77 75 73 72 70 63
 6 -78 10 110 102 96 84 82 78 76 72 62 56
 10 -47 16 108 106 104 103 102 101 97 95 84 82 81 78 77 74 71 57
 5 -80 13 110 108 103 102 101 100 82 81 78 73 68 63 57
 3 -58 10 109 102 98 84 83 82 69 67 59 55
 9 -84 14 110 109 108 107 103 102 101 98 97 82 81 69 68 57
 1 -64 13 108 106 102 101 98 94 83 82 80 72 69 63 59
 6 -56 13 111 106 105 104 101 100 98 97 94 83 70 59 58
 4 -26 11 111 106 101 100 84 83 80 77 72 61 59
 8 -64 16 104 102 101 100 99 97 84 83 82 81 80 79 77 72 69 68
 3 -2 14 111 102 101 99 86 84 83 82 80 78 75 72 68 63
 10 -44 12 108 107 106 101 100 98 83 82 80 73 72 59
 10 -94 11 110 107 100 97 82 80 77 75 73 72 59
 4 -70 8 103 99 93 83 82 69 62 55
 7 -30 11 109 104 103 102 101 97 95 84 78 77 57
 2 -85 12 111 109 104 101 100 98 97 84 82 80 73 59
 5 -27 15 108 106 102 101 100 98 96 95 94 89 86 82 80 72 63
 10 -36 16 109 101 100 99 97 96 95 94 93 92 88 82 81 80 70 69
 6 -35 15 111 110 109 108 107 100 99 94 92 83 82 79 78 76 69
 1 -31 15 110 105 100 97 96 95 93 89 88 86 82 81 80 73 70
 3 -37 8 103 100 97 93 83 80 69 62
 5 -77 14 111 109 107 106 102 101 99 90 81 80 79 74 72 69
 6 -11 15 102 100 99 97 96 95 94 93 90 89 87 86 81 79 77
 3 -57 17 107 106 104 101 100 97 96 95 94 92 91 90 89 88 86 81 80
 1 -11 14 111 106 104 103 101 100 97 92 90 88 87 81 80 69
 7 -68 12 99 96 94 92 91 89 87 86 83 80 79 72
 1 -94 11 103 102 99 93 90 89 88 82 81 80 68
 6 -79 10 103 99 92 91 90 89 86 81 79 68
 3 -24 12 102 100 96 94 93 92 89 88 87 86 83 81
 5 -42 11 104 103 99 97 95 93 90 89 86 81 79
 2 -93 10 107 95 94 90 89 87 86 85 79 77
 6 -25 8 104 97 93 92 90 87 85 79
 3 -7 7 106 96 93 92 87 86 85
 10 -53 5 99 93 87 86 82
 2 -11 3 91 87 74
 10 -72 5 94 93 89 87 85
 1 -53 4 96 95 87 85
 3 -8 4 91 89 86 85
 7 -11 4 102 90 87 85
 7 -94 4 100 98 86 85
 2 -52 3 105 93 88
 1 -58 3 94 92 91
 9 -21 3 88 86 85
 8 -9 3 91 89 87
 3 -3 3 88 86 85
 3 -11 2 98 92
 2 -67 2 98 87
 6 -43 1 88
 8 -36 1 85
 7 -21 1 85
 8 -15 1 91
 2 -86 1 90
 4 -4 1 94
 8 -28 1 112
 4 -79 1 112
 5 -87 1 112
 2 -31 1 112
 5 -21 1 112
 8 -86 1 112
 5 -28 1 112
 8 -94 1 112
 4 -55 1 112
 6 -96 1 112
 4 -12 1 112
 5 -63 1 112
 2 -21 1 112
 4 -52 1 112
 2 -28 1 112
 9 -19 1 112
 9 -57 1 112
 2 -41 1 112
 5 -51 1 112
 1 -99 1 112
 9 -48 1 112
 4 -1 1 112
 7 -9 1 112
 4 -94 1 112
 8 -13 1 112
 9 -34 1 112
 2 -77 1 112
 0 25835 0
