112
 0 -65 13 2 3 4 5 6 7 8 10 11 14 16 17 19
 8 -46 8 36 29 26 23 20 18 15 9
 8 -80 9 45 41 28 27 26 22 20 13 12
 6 -3 11 46 45 34 33 32 31 27 26 24 21 18
 1 -88 9 49 45 33 32 31 30 21 18 13
 1 -80 10 44 38 36 33 31 30 26 25 20 15
 4 -17 9 50 46 44 41 39 38 31 22 12
 3 -6 10 46 44 43 39 38 32 30 26 24 18
 7 -62 8 46 40 38 35 31 30 28 21
 9 -26 10 49 44 42 41 40 39 38 33 32 22
 2 -41 9 50 45 44 41 40 39 35 30 27
 6 -64 6 43 40 36 35 30 24
 8 0 10 51 50 47 46 44 43 39 38 37 34
 2 -78 6 52 50 48 35 31 30
 10 -46 5 50 46 40 35 24
 8 -43 11 74 59 57 54 52 50 49 47 46 45 35
 8 -12 11 71 57 54 52 51 50 49 48 44 43 33
 9 -1 9 66 61 59 54 52 47 41 40 35
 2 -83 9 61 59 54 52 48 46 45 41 35
 8 -78 8 66 61 57 54 46 43 39 35
 4 -51 11 66 62 61 57 54 52 48 47 44 43 39
 10 -35 9 66 64 62 57 55 52 47 43 30
 6 -37 6 71 50 48 47 37 34
 4 -12 13 71 69 66 65 59 57 56 54 51 49 48 47 42
 8 -87 8 71 62 55 51 48 42 40 37
 7 -65 10 71 65 64 62 59 57 55 49 48 37
 8 -91 8 66 62 54 53 49 48 43 36
 7 -40 9 71 69 68 65 57 50 48 42 37
 10 -3 15 94 74 73 72 71 66 65 64 61 60 58 56 54 53 52
 4 -97 8 77 74 71 69 68 65 59 37
 3 -94 7 79 71 64 61 57 55 47
 8 -40 14 94 79 74 72 71 68 67 64 62 61 60 59 56 50
 8 -33 13 94 82 78 74 70 68 65 64 62 60 58 55 53
 9 -77 11 94 79 75 66 65 64 62 57 56 55 52
 7 -91 8 81 71 62 60 56 55 51 42
 4 -4 10 94 79 75 72 71 67 64 61 56 52
 9 -7 9 94 73 72 61 60 58 56 54 53
 7 -7 8 80 77 71 70 68 65 57 48
 7 -83 12 94 86 78 74 73 72 71 70 68 64 58 53
 6 -75 9 82 81 77 73 68 65 60 57 56
 10 -61 13 94 82 81 80 75 74 73 72 71 69 68 65 63
 9 -86 12 94 86 82 79 78 75 73 72 70 67 64 63
 3 -76 10 80 77 73 72 70 69 68 65 59 58
 5 -25 10 94 86 79 78 77 75 72 67 58 56
 6 -17 10 82 77 75 73 71 70 68 67 58 56
 7 -87 8 82 80 78 73 72 68 65 53
 2 -20 7 94 80 78 68 60 58 53
 3 -89 9 94 86 82 76 75 74 73 72 58
 8 -56 8 94 81 80 78 72 68 63 61
 9 -46 10 91 86 83 81 78 77 75 70 66 63
 4 -2 13 99 94 91 88 86 83 82 80 79 78 77 75 73
 5 -67 10 91 86 85 83 81 80 78 70 69 68
 3 -56 7 101 92 91 81 75 67 63
 5 -97 10 111 100 91 88 85 82 79 78 76 67
 5 -41 8 93 86 85 80 73 72 69 67
 5 -33 5 101 91 83 80 63
 1 -62 9 111 100 93 91 89 85 83 78 76
 2 -25 14 111 109 108 100 97 93 92 91 88 87 85 84 83 81
 9 -11 9 99 93 92 91 90 89 88 81 78
 10 -31 6 101 98 92 85 83 75
 7 -72 7 100 97 96 93 83 82 70
 3 -18 10 111 109 108 93 92 90 89 88 86 85
 6 -10 9 111 110 100 95 93 88 85 84 76
 4 -38 8 111 109 100 91 89 88 87 77
 7 -96 6 101 91 86 85 84 76
 8 -8 9 109 108 97 93 92 89 87 85 84
 8 -10 8 109 108 107 98 97 89 84 83
 4 -61 11 109 108 106 105 99 98 97 95 93 90 87
 5 -24 9 109 108 100 99 97 96 95 90 88
 6 -24 8 111 109 108 106 95 92 90 88
 3 -65 8 111 109 99 97 95 90 87 84
 4 -34 9 111 110 109 108 107 106 95 92 87
 10 -70 6 107 97 92 90 89 84
 1 -45 10 110 109 108 107 106 104 97 96 95 92
 7 -63 9 111 109 108 106 100 97 95 93 87
 7 -16 8 109 108 107 106 99 98 97 87
 8 -22 8 110 107 106 105 101 97 95 93
 5 -56 6 109 107 104 101 97 84
 3 -25 8 109 108 107 106 104 96 95 92
 7 -85 6 109 107 104 100 92 89
 7 -38 5 107 105 104 96 95
 4 -28 5 110 106 103 102 101
 5 -41 3 105 102 90
 5 -20 4 106 105 103 96
 5 -96 4 107 105 102 99
 3 -84 4 110 103 97 96
 2 -69 3 104 103 96
 5 -24 3 107 105 98
 7 -77 3 106 102 95
 2 -28 3 110 104 103
 8 -63 2 102 95
 9 -11 2 105 103
 4 -37 2 104 103
 7 -90 2 104 102
 5 -7 1 103
 4 -27 1 102
 1 -42 1 102
 7 -11 1 102
 10 -69 1 104
 1 -92 1 103
 8 -69 1 108
 1 -4 1 112
 6 -5 1 112
 9 -53 1 112
 8 -47 1 112
 6 -87 1 112
 6 -17 1 112
 4 -68 1 112
 2 -44 1 112
 9 -31 1 112
 6 -15 1 112
 0 25860 0
