112
 0 -89 14 2 3 4 5 6 7 8 9 10 13 16 21 24 28
 8 -21 9 40 35 32 26 23 18 17 14 12
 6 -96 8 36 34 25 20 19 15 14 11
 9 -69 8 48 44 32 31 29 22 19 15
 3 -17 13 52 48 47 42 41 37 34 32 31 30 29 27 20
 4 -27 14 52 47 45 44 42 39 37 35 33 32 31 30 29 27
 6 -29 9 48 45 44 40 35 31 30 29 15
 2 -84 5 48 35 23 19 14
 2 -47 11 51 47 42 41 40 34 33 32 31 27 20
 7 0 5 44 37 31 19 15
 8 -40 12 52 48 47 45 44 42 38 37 35 33 29 27
 4 -7 8 52 44 38 34 31 29 27 19
 9 -42 8 52 47 39 34 33 31 29 26
 6 -55 10 51 47 46 45 41 38 37 33 31 27
 1 -10 9 52 51 50 47 46 42 41 38 27
 8 -4 10 64 54 51 49 48 44 42 39 38 35
 2 -12 8 64 59 57 56 47 45 44 29
 8 -36 4 51 42 31 20
 2 -42 10 58 57 55 51 47 46 45 43 41 33
 3 -59 9 61 58 57 56 50 46 45 43 39
 2 -17 11 64 61 59 57 56 55 51 50 47 46 43
 2 -24 10 58 57 56 55 54 53 51 50 46 40
 8 -40 7 58 51 46 44 43 41 39
 7 -92 9 70 64 60 58 57 56 47 43 39
 3 -14 12 81 72 70 64 62 61 59 56 51 50 45 43
 9 0 9 64 62 60 59 55 48 46 45 43
 6 -30 13 81 72 70 64 63 62 61 60 59 58 57 53 43
 8 -96 9 64 59 54 53 51 50 49 47 46
 6 -29 8 61 58 55 53 51 50 46 43
 5 -49 8 81 76 64 62 54 50 49 38
 6 -44 10 81 72 70 61 60 58 57 56 55 43
 8 -82 15 82 81 78 76 73 72 70 65 60 58 57 56 55 53 49
 6 -89 11 77 76 73 70 64 62 61 56 54 53 50
 4 -87 11 81 76 73 70 65 64 61 59 57 50 49
 5 -69 10 76 68 67 66 65 61 59 57 56 46
 8 -33 10 82 81 78 76 72 70 57 56 51 49
 4 -38 7 81 78 73 72 54 50 49
 9 -59 11 78 73 72 70 68 67 65 60 59 58 56
 1 -87 10 111 81 78 76 72 66 62 59 55 53
 10 -16 7 78 76 71 62 59 52 49
 9 -68 11 82 80 78 77 76 72 71 70 67 63 54
 1 -87 9 82 81 78 76 73 66 65 56 53
 10 -55 7 82 78 76 73 66 54 49
 1 -20 11 85 82 77 76 74 70 66 65 63 61 60
 1 -90 9 89 85 82 76 73 71 69 63 53
 3 -86 12 110 94 82 81 80 78 77 73 72 71 70 69
 6 -25 7 111 84 78 76 67 66 62
 10 -57 11 110 94 87 85 83 82 78 75 73 72 68
 4 -57 9 111 110 89 85 80 77 75 68 67
 2 -75 5 110 82 66 63 60
 8 -3 11 111 110 94 93 88 86 85 83 79 74 66
 4 -31 10 94 88 87 86 85 83 81 80 79 65
 8 -95 7 110 107 94 80 75 68 67
 5 -77 9 110 107 94 88 87 86 83 68 65
 4 -94 7 110 89 84 79 74 71 69
 8 -38 6 110 94 85 71 69 63
 6 -41 9 107 94 89 87 86 84 83 74 69
 2 -52 4 94 89 71 66
 6 -1 7 89 87 86 85 82 79 69
 8 -97 9 109 108 106 94 92 91 89 86 71
 4 -25 11 110 108 105 104 91 89 88 87 84 80 78
 5 -52 9 108 93 89 86 85 82 79 75 74
 9 -31 9 108 107 106 102 93 88 84 83 75
 7 -19 9 108 107 106 104 102 94 87 84 75
 10 -73 3 103 84 69
 6 -11 8 108 107 102 101 90 87 80 75
 6 -51 7 105 101 88 87 86 83 74
 6 -12 10 109 108 106 105 104 93 92 91 84 79
 2 -74 8 108 106 104 102 101 93 90 75
 6 -52 8 111 108 107 103 101 93 88 86
 3 -63 7 107 101 100 93 88 87 83
 2 -37 9 105 104 103 101 99 98 91 90 89
 5 -53 7 108 106 104 102 90 88 84
 2 -84 9 109 103 102 100 99 98 97 91 90
 3 -95 8 109 105 99 98 97 96 92 91
 8 -99 8 107 106 103 100 99 96 95 88
 8 -95 5 104 102 100 90 84
 4 -47 5 107 102 98 97 86
 2 -17 7 102 101 100 99 98 97 96
 10 -45 6 106 103 99 98 95 92
 10 -61 6 106 103 101 99 98 96
 9 -2 5 102 99 97 96 95
 10 -10 4 104 99 95 90
 3 -66 4 101 98 97 95
 10 -52 4 107 101 96 95
 8 -24 3 100 95 90
 4 -3 3 103 99 97
 8 -57 2 98 97
 2 -34 2 102 97
 1 -94 1 96
 7 -5 1 95
 1 -60 1 100
 8 -28 1 99
 10 -23 1 105
 4 -74 1 112
 9 -72 1 112
 6 -2 1 112
 10 -66 1 112
 2 -15 1 112
 4 -13 1 112
 1 0 1 112
 2 -72 1 112
 1 -1 1 112
 6 -72 1 112
 3 -18 1 112
 4 -18 1 112
 7 -43 1 112
 2 -4 1 112
 6 0 1 112
 2 -29 1 112
 2 -28 1 112
 0 25055 0
