112
 0 -58 11 2 3 4 5 6 7 8 9 10 11 14
 9 -61 7 31 23 21 19 18 17 13
 2 -98 7 32 25 21 20 19 17 15
 7 -83 5 23 21 19 16 12
 2 -99 5 21 17 16 15 13
 7 -56 7 33 31 25 23 21 19 13
 4 -89 7 33 31 23 21 19 18 13
 7 -28 9 33 32 29 28 25 23 22 19 16
 3 -94 9 33 31 29 28 25 23 22 21 19
 3 -71 8 33 32 29 28 25 23 19 16
 6 -97 6 33 32 28 21 20 19
 10 -28 10 34 33 32 31 29 28 26 25 24 22
 6 -31 7 34 32 29 28 26 24 22
 2 -84 5 37 33 29 25 19
 2 -57 6 34 33 31 28 26 23
 2 -50 6 41 37 34 31 26 24
 10 -46 6 41 37 34 33 26 24
 5 -38 5 41 34 29 26 24
 7 -30 4 41 34 26 24
 8 -28 2 29 23
 10 -14 3 41 37 24
 7 -23 7 46 41 37 36 35 30 27
 4 -40 2 41 24
 7 -23 5 46 36 35 30 27
 2 -38 5 47 41 38 35 30
 6 -96 4 47 46 43 30
 3 -63 8 57 54 48 47 43 42 39 38
 9 -95 12 57 55 54 51 50 49 48 46 45 44 41 40
 7 -3 8 57 50 49 48 44 43 42 36
 8 -33 9 62 57 54 51 49 45 44 42 39
 6 -88 11 57 56 54 51 50 49 48 46 44 42 40
 10 -52 10 62 54 50 49 48 47 45 43 42 40
 8 -54 8 62 57 56 54 49 48 42 39
 3 -82 9 62 57 56 54 49 48 47 44 40
 7 -72 6 62 57 56 54 48 39
 8 -94 6 62 56 55 54 51 40
 5 -63 7 65 63 62 54 51 45 44
 10 -14 6 65 62 53 51 49 45
 4 -74 3 55 50 40
 1 -89 8 71 68 65 63 59 58 53 52
 6 -2 7 71 68 65 63 59 58 52
 8 -68 7 71 68 65 60 59 58 53
 3 -47 7 72 67 65 59 58 56 51
 7 -21 5 71 68 59 58 52
 6 -26 5 68 61 59 56 52
 10 -95 8 69 68 67 66 65 64 62 61
 5 -51 9 72 71 69 68 67 66 64 61 59
 7 -11 7 72 71 69 68 65 64 60
 5 -81 6 71 69 67 64 63 58
 4 -15 4 72 71 68 53
 9 -59 5 71 69 66 64 61
 10 -5 4 72 69 64 60
 9 -34 4 69 67 66 64
 3 -44 4 71 66 64 61
 8 -23 4 71 66 64 59
 5 -1 5 75 73 71 69 66
 3 -7 3 71 66 64
 7 -97 2 66 61
 4 -48 6 84 76 75 74 73 70
 7 -64 3 84 70 67
 7 -52 5 76 75 74 73 70
 2 -14 5 83 77 76 72 71
 8 -68 2 78 66
 2 -34 5 84 76 75 74 73
 2 -89 5 77 76 75 74 73
 9 -98 4 84 76 74 70
 7 -43 3 76 75 74
 1 -98 2 76 70
 10 -30 6 82 81 80 79 78 76
 6 -65 8 88 85 83 82 81 80 79 77
 10 -38 8 89 88 85 84 82 81 79 78
 8 -52 3 84 78 74
 1 -87 7 89 88 85 81 80 79 78
 4 -59 6 91 89 85 81 80 79
 10 -68 5 88 83 82 81 78
 8 -62 8 97 93 91 89 88 87 86 85
 5 -11 7 97 96 94 91 90 87 86
 8 -73 8 97 96 95 94 93 92 91 87
 5 -15 7 102 101 97 94 93 90 86
 4 -61 9 105 102 101 98 96 95 94 93 92
 9 -61 7 105 102 101 95 94 92 90
 5 -59 7 102 101 98 97 96 95 93
 9 -89 5 105 101 96 94 90
 2 -12 2 100 86
 8 -9 2 96 90
 3 -10 6 111 109 105 99 98 95
 3 -24 8 111 110 108 104 103 102 101 100
 5 -21 7 110 108 104 102 101 100 99
 1 -30 7 110 108 105 104 102 100 99
 7 -26 5 111 104 100 99 98
 7 -78 5 111 108 105 101 99
 8 -80 6 111 110 108 107 104 100
 9 -26 5 111 110 109 104 99
 4 -66 5 111 110 108 107 106
 10 -84 4 108 107 104 103
 6 -47 4 110 109 107 103
 5 -75 4 108 107 105 103
 4 -65 3 110 108 103
 4 -16 2 107 103
 7 -34 2 109 106
 2 -72 2 109 106
 8 -83 2 107 106
 10 -56 1 106
 10 -5 1 106
 4 -100 1 106
 6 -25 1 112
 7 -5 1 112
 9 -92 1 112
 5 -11 1 112
 9 -93 1 112
 1 -79 1 112
 0 28925 0
