112
 0 -48 17 2 3 4 5 6 7 8 9 10 11 12 14 15 19 21 22 24
 5 -9 13 43 42 37 36 34 33 32 30 28 27 25 23 20
 6 -50 8 36 34 31 30 29 26 18 16
 1 -22 12 42 40 38 37 36 34 32 30 28 27 26 17
 6 -99 8 49 47 43 41 30 27 23 13
 6 -10 5 49 41 38 16 13
 10 -91 10 38 36 34 33 32 29 28 27 23 20
 6 -63 7 49 36 34 33 29 20 16
 4 -1 8 36 34 33 29 28 27 23 20
 3 -64 8 54 42 39 38 36 34 23 18
 9 -88 8 47 45 43 42 36 29 26 23
 10 -48 8 45 44 42 40 28 27 26 25
 9 -20 9 54 44 42 40 37 36 33 31 26
 5 -30 8 53 49 47 40 38 33 29 27
 9 -52 10 64 54 49 48 47 41 39 35 34 33
 10 -6 5 47 42 37 27 23
 8 -80 9 64 56 49 48 47 44 43 39 35
 7 -61 5 48 44 40 33 25
 3 -63 10 64 59 56 54 53 48 47 40 39 35
 4 -39 9 64 59 53 51 48 47 45 41 39
 8 -77 8 66 64 49 47 45 38 36 35
 7 -43 4 53 41 36 27
 6 -34 8 66 64 56 53 48 44 40 35
 4 -48 9 66 64 56 50 49 48 47 39 37
 8 -34 5 64 59 47 41 35
 1 -17 5 66 64 53 39 35
 8 -80 4 64 54 48 35
 1 -60 9 65 61 60 56 51 49 47 46 41
 6 -77 7 59 56 54 50 48 46 41
 6 -1 5 75 64 54 50 39
 1 -5 5 64 51 50 48 39
 6 -81 11 66 64 62 58 57 56 55 53 52 50 44
 6 -30 8 69 62 61 59 52 51 46 45
 4 -14 13 75 71 69 67 66 62 61 60 59 58 53 52 46
 1 -62 8 69 62 61 58 52 51 50 46
 10 -73 7 80 69 62 58 56 50 46
 2 -86 9 71 67 65 62 61 60 52 51 46
 2 -2 12 73 72 67 62 61 58 57 56 55 52 51 48
 6 -28 9 71 69 67 62 61 60 58 52 46
 8 -75 8 75 71 69 65 62 60 52 46
 6 -42 14 83 76 75 73 72 71 69 67 66 62 58 57 55 52
 4 -33 12 73 71 70 69 67 65 60 57 56 55 52 48
 3 -27 8 77 76 73 72 71 57 54 53
 8 -26 14 86 81 80 76 74 73 72 70 69 67 65 63 60 59
 2 -41 5 91 79 70 56 50
 5 -52 9 95 90 83 76 73 72 70 57 55
 2 -30 17 95 92 91 90 89 88 86 84 82 81 78 77 75 74 73 71 68
 3 -56 12 95 90 88 84 81 80 78 76 75 74 68 63
 9 -28 12 95 90 88 87 86 83 81 80 78 76 68 63
 6 -53 9 92 89 86 76 72 71 67 65 60
 1 -80 16 111 110 106 92 90 89 86 84 83 82 81 77 76 75 74 70
 6 -54 18 111 109 108 107 106 92 90 89 88 86 85 84 82 81 80 79 78 77
 5 -74 12 109 108 106 105 92 86 84 81 80 70 68 65
 5 -69 13 109 108 105 95 92 91 90 89 88 80 79 78 66
 4 -44 6 87 86 81 78 68 63
 4 -80 10 111 106 105 95 92 88 84 81 75 74
 10 -91 12 110 107 106 105 102 101 92 91 88 84 81 74
 5 -67 12 111 109 108 105 103 101 95 90 88 84 82 81
 10 -39 9 111 110 109 107 105 95 92 85 78
 8 -53 7 106 102 95 90 84 77 68
 4 -15 10 111 109 106 104 102 95 86 82 79 78
 8 -14 8 105 102 95 89 88 81 78 74
 7 -7 8 110 109 106 92 89 82 79 77
 4 -44 11 109 106 105 104 103 102 101 99 94 93 84
 8 -85 8 110 104 101 100 93 88 87 82
 6 -19 6 107 106 102 101 84 81
 2 -9 7 111 108 105 102 101 84 82
 2 -4 10 111 107 104 103 101 100 99 97 94 93
 7 -27 9 110 108 107 104 103 101 99 98 88
 9 -51 6 103 99 97 96 94 85
 7 -100 10 107 106 103 102 101 100 99 98 97 96
 8 -85 4 106 105 93 78
 2 -22 8 110 104 102 101 99 97 96 94
 9 -81 7 108 104 100 99 98 97 96
 6 -80 7 109 107 103 102 101 100 96
 9 -32 6 108 101 100 99 97 93
 1 -71 6 105 101 99 98 97 96
 10 -82 5 103 99 97 96 94
 10 -4 5 100 99 98 97 93
 9 -60 5 110 102 100 97 93
 2 -78 4 104 99 94 93
 7 -81 4 99 97 96 94
 6 -92 4 109 108 103 93
 3 -14 4 100 98 97 96
 1 -58 4 104 102 101 100
 1 -57 3 101 97 96
 3 -15 3 102 98 96
 8 -67 2 97 96
 3 -78 2 101 100
 1 -58 2 97 96
 6 -64 2 103 96
 6 -10 1 93
 5 -57 1 96
 10 -25 1 98
 7 -96 1 100
 5 -46 1 112
 8 -37 1 112
 4 -8 1 112
 8 -10 1 112
 9 -45 1 112
 7 -100 1 112
 8 -67 1 112
 4 -15 1 112
 10 -19 1 112
 7 -93 1 112
 9 -89 1 112
 10 -19 1 112
 3 -8 1 112
 10 -51 1 112
 6 -98 1 112
 2 -55 1 112
 0 27060 0
