112
 0 -50 7 2 3 4 5 6 7 10
 3 -65 6 19 15 14 12 9 8
 1 -69 7 23 22 20 17 16 14 11
 7 -9 7 23 22 19 16 15 14 13
 4 -20 3 20 14 8
 1 -89 6 23 22 21 20 16 11
 9 -72 5 22 20 17 14 13
 1 -9 5 24 23 22 21 11
 8 -58 3 35 21 11
 1 -83 3 35 21 11
 10 -28 2 32 13
 7 -62 4 33 24 22 18
 4 -94 6 33 31 29 26 25 18
 5 -99 6 33 32 29 26 24 21
 2 -19 5 35 33 31 25 18
 2 -28 9 45 37 34 33 32 29 28 27 25
 8 -1 7 45 36 34 31 30 28 25
 5 -23 7 45 43 37 36 34 28 27
 7 -25 6 40 37 35 34 27 25
 10 -75 5 48 38 36 29 24
 9 -69 6 43 39 38 34 28 27
 7 -93 4 34 29 28 25
 7 -37 11 55 48 46 45 44 43 42 41 39 38 34
 9 -2 6 45 44 40 39 37 35
 2 -93 8 55 51 48 44 43 42 41 38
 7 -95 6 60 49 45 40 39 37
 1 -96 3 42 41 30
 2 -4 8 60 53 51 50 49 48 47 40
 2 -63 7 53 51 49 46 44 42 39
 8 -41 7 60 55 54 50 49 46 44
 3 -59 6 60 57 55 53 43 42
 5 -58 5 57 53 50 49 38
 3 -88 6 55 54 53 49 47 46
 7 -50 9 63 60 58 56 54 53 52 50 49
 9 -6 5 71 60 58 49 43
 1 -63 2 49 39
 1 -78 7 56 55 54 53 52 51 50
 2 -82 7 71 63 62 60 58 54 47
 9 -64 6 71 63 58 57 54 47
 4 -38 4 57 55 54 46
 5 -27 6 71 63 57 54 53 49
 8 -97 4 62 54 50 47
 7 -74 4 63 62 54 47
 2 -6 6 66 63 59 57 56 52
 9 -34 6 63 62 59 58 56 52
 7 -12 7 71 69 68 67 62 59 58
 10 -85 4 66 59 56 52
 1 -18 7 68 66 64 63 62 61 56
 4 -51 6 75 68 67 66 62 59
 4 -83 6 75 71 68 67 66 59
 3 -39 6 75 71 68 66 62 59
 9 -60 7 70 69 68 67 65 64 61
 7 -17 6 69 68 67 66 65 64
 2 -2 7 87 75 70 68 65 64 61
 10 -11 4 75 70 64 63
 8 -76 5 87 77 75 70 65
 3 -58 3 67 64 62
 9 -76 5 87 77 75 72 66
 8 -63 4 79 65 64 61
 7 -73 4 74 69 68 64
 9 -76 5 83 80 77 74 72
 3 -2 4 87 77 76 70
 2 -52 3 80 78 67
 1 -97 3 83 77 72
 9 -47 3 83 80 72
 7 -10 2 76 70
 9 -41 6 87 83 82 81 77 76
 3 -15 5 85 83 79 78 73
 8 -43 4 81 77 76 75
 6 -86 5 84 83 79 78 74
 8 -73 5 84 81 79 78 76
 5 -52 3 81 78 73
 2 -46 3 86 84 76
 6 -40 3 92 88 81
 8 -100 2 90 78
 4 -25 8 97 94 93 92 91 90 89 88
 6 -28 4 88 86 85 84
 9 -67 3 92 86 82
 3 -95 3 90 86 82
 2 -51 3 86 85 82
 1 -91 5 97 93 90 86 85
 10 -7 6 97 95 94 93 91 88
 3 -68 3 98 97 86
 10 -9 7 104 102 100 98 97 94 93
 9 -23 6 102 98 96 95 94 91
 3 -74 5 111 102 95 94 91
 9 -48 5 102 101 95 94 92
 7 -66 9 110 109 105 104 102 101 100 99 98
 1 -13 5 111 104 100 98 95
 6 -39 8 110 109 107 105 104 102 100 99
 6 -14 7 110 109 108 107 104 101 100
 3 -86 5 111 110 109 100 98
 1 -75 3 108 101 96
 1 -58 5 109 107 105 103 99
 3 -6 5 110 109 107 103 99
 9 -30 5 111 110 109 107 106
 3 -66 3 108 107 101
 4 -83 3 108 107 106
 9 -22 2 108 106
 2 -96 1 103
 9 -83 1 103
 7 0 1 103
 8 -45 1 106
 10 -29 1 106
 8 -94 1 106
 1 -75 1 112
 6 -25 1 112
 4 -69 1 112
 8 -84 1 112
 10 -27 1 112
 2 -93 1 112
 0 28815 0
