112
 0 -4 17 2 3 4 5 6 7 8 9 10 11 12 14 16 17 21 23 24
 2 -80 13 45 43 37 34 31 29 26 22 20 19 18 15 13
 8 -13 14 56 45 44 43 41 37 35 34 31 29 28 27 25 19
 6 -46 16 56 55 54 50 47 43 42 41 40 39 38 37 35 34 27 22
 5 -44 9 56 55 54 39 37 34 33 31 18
 7 -80 9 54 45 44 42 32 31 30 27 19
 5 -3 15 56 55 52 50 47 45 44 43 42 41 40 39 38 35 27
 7 -46 13 56 54 52 50 43 42 41 38 37 35 32 31 30
 7 -29 9 50 47 43 42 41 37 35 27 19
 8 -48 11 55 54 53 50 43 42 41 38 37 35 22
 4 -86 12 70 55 54 52 50 45 44 43 39 35 31 30
 7 -8 11 55 54 52 50 44 42 41 40 37 31 27
 6 -36 11 54 53 52 50 49 44 42 38 35 32 27
 10 -84 9 55 52 50 44 41 39 37 31 27
 5 -37 7 58 52 42 35 32 30 28
 8 -58 12 58 55 53 52 50 47 44 41 37 35 34 33
 5 -31 9 63 54 52 49 47 43 42 39 27
 7 -85 8 53 52 50 44 41 40 38 27
 8 -91 9 63 55 52 49 48 40 39 38 36
 4 -76 10 64 62 58 56 52 48 47 42 39 38
 8 -77 14 70 67 64 63 62 60 59 55 53 52 50 48 47 43
 3 -98 11 70 63 59 58 57 52 51 49 48 44 36
 10 -9 11 70 64 62 59 58 52 51 48 47 46 44
 6 -48 11 67 64 63 59 58 55 53 52 49 47 43
 7 -22 8 67 62 59 54 52 50 40 33
 10 -27 11 70 69 65 64 63 62 59 53 52 49 42
 10 -8 9 70 69 65 59 58 57 51 48 36
 4 -56 8 70 67 64 61 54 50 47 39
 5 -30 8 78 70 63 54 53 49 47 42
 2 -30 10 69 65 64 59 57 53 51 49 48 46
 4 -52 9 67 64 62 60 59 58 51 48 47
 3 -6 6 69 65 59 55 51 46
 5 -41 7 74 69 65 60 57 51 48
 6 -40 14 88 84 80 78 76 74 72 71 70 69 67 65 61 60
 7 -68 11 86 83 80 76 71 69 67 63 62 61 59
 10 -37 8 86 80 76 74 64 62 61 46
 8 -21 7 76 74 70 66 64 59 49
 2 -21 13 88 84 80 76 74 72 71 70 69 68 65 61 60
 9 -5 8 84 76 71 69 65 60 59 53
 8 -21 8 84 68 66 65 64 58 57 51
 1 -65 9 80 72 70 69 67 65 63 61 60
 9 -6 8 86 84 83 71 67 66 57 51
 3 -54 8 88 84 83 69 66 65 57 51
 7 -89 12 88 83 80 78 77 76 72 71 69 68 65 61
 6 -14 10 111 88 84 83 80 74 68 66 59 57
 3 -26 9 90 88 84 82 73 72 71 67 60
 3 -41 8 111 85 84 74 71 69 65 57
 8 -37 11 111 90 84 82 80 78 77 72 71 68 66
 4 -97 8 88 86 84 82 72 71 68 60
 7 -1 13 111 95 94 90 88 85 84 83 82 78 77 72 71
 8 -67 8 97 90 80 79 77 76 72 61
 4 -42 9 111 89 88 86 82 80 77 72 66
 10 -58 9 111 90 89 88 83 82 77 68 66
 10 -18 6 83 80 76 73 71 65
 6 -6 11 111 92 90 86 85 84 83 81 78 76 71
 3 -17 5 111 85 75 66 65
 8 -11 9 97 94 93 90 89 79 77 76 72
 8 -12 8 111 94 90 85 81 77 75 71
 4 -71 8 97 95 94 90 85 78 77 72
 1 -75 12 111 110 97 95 94 93 92 89 83 81 79 77
 2 -79 12 111 110 109 106 105 95 92 91 89 85 82 73
 8 -36 10 111 110 109 97 92 91 85 84 79 73
 2 -86 9 111 110 109 94 91 88 85 79 74
 6 -78 7 111 109 108 95 83 81 71
 1 -81 11 110 109 108 107 97 93 92 91 90 86 81
 6 -50 8 110 109 105 97 95 91 79 73
 4 -5 3 97 95 68
 2 -56 10 109 107 106 105 104 94 92 91 87 85
 2 -58 10 110 106 105 95 93 92 91 89 87 82
 5 -76 10 109 106 104 103 95 94 92 91 87 82
 9 -53 9 110 105 104 97 93 91 89 87 79
 5 -23 5 110 109 102 81 75
 2 -90 4 107 102 94 81
 2 -45 3 92 90 81
 5 -7 8 108 107 105 104 101 100 92 91
 9 -95 8 106 105 104 103 102 99 96 95
 6 -78 7 109 106 105 104 102 91 87
 4 -97 6 107 104 103 102 101 87
 9 -76 7 107 106 102 101 100 99 96
 7 -78 5 104 101 99 96 93
 10 -84 4 104 103 101 87
 2 -44 6 108 107 102 100 99 96
 10 -30 3 102 101 87
 10 -43 6 108 107 106 105 103 100
 5 -30 3 101 98 93
 2 -55 4 105 103 102 101
 2 -89 3 100 99 96
 3 -64 3 106 100 96
 6 -49 3 101 100 99
 4 -4 3 106 105 100
 9 -82 2 99 96
 1 -63 2 99 96
 5 -73 2 103 102
 7 -78 2 108 99
 5 -17 2 101 100
 4 -24 1 98
 7 -30 1 98
 1 -4 1 112
 1 -33 1 112
 9 -15 1 112
 5 -30 1 112
 3 -90 1 112
 7 -25 1 112
 1 -66 1 112
 3 -77 1 112
 1 -27 1 112
 6 -40 1 112
 5 -22 1 112
 3 -3 1 112
 4 -54 1 112
 3 -31 1 112
 0 25660 0
