112
 0 -27 5 2 3 4 7 8
 6 -64 7 17 16 15 12 11 10 5
 10 -71 6 19 18 13 12 10 9
 8 -60 5 22 19 14 12 10
 6 -17 3 13 9 6
 5 -76 5 36 20 19 18 14
 6 -36 7 37 36 33 31 27 20 14
 6 -3 7 36 33 26 24 23 20 19
 8 -94 6 37 33 31 27 20 14
 2 -33 7 37 36 33 30 25 24 21
 5 -59 8 38 37 36 33 30 29 25 24
 2 -82 4 38 33 27 20
 6 -89 8 42 38 32 30 29 28 26 24
 3 -68 7 42 38 28 26 25 24 23
 5 -6 7 43 37 36 33 30 29 28
 4 -81 7 38 36 35 33 28 25 24
 5 -39 7 42 37 33 30 27 25 24
 6 -95 8 43 42 39 37 34 33 32 30
 1 -92 6 43 42 37 31 29 27
 5 -68 5 32 30 29 28 25
 8 -44 5 44 42 29 28 26
 9 -66 4 43 42 32 24
 2 -36 4 44 43 39 29
 9 -9 6 45 44 41 40 39 34
 10 -59 5 45 43 41 39 34
 3 -13 5 45 43 40 39 34
 5 -55 5 46 41 40 39 35
 5 -45 4 45 41 39 34
 5 -42 4 51 46 41 35
 1 -32 3 44 40 35
 3 -37 4 60 51 44 38
 10 -61 7 60 56 51 50 48 46 45
 9 -5 3 46 41 40
 2 -42 8 60 56 54 52 50 49 48 46
 1 -76 6 60 56 52 50 48 45
 9 -24 3 49 46 42
 8 -43 3 60 51 41
 4 -79 5 56 50 49 48 46
 8 -16 4 56 51 49 47
 10 -27 4 60 51 49 47
 9 -78 5 61 56 54 49 48
 6 -6 4 61 60 51 48
 6 -39 4 61 60 54 48
 1 -81 4 61 55 52 50
 7 -58 2 49 47
 10 -28 2 55 47
 7 -30 4 64 62 61 53
 6 -61 3 65 55 53
 10 -25 4 71 65 57 55
 1 -99 4 65 64 62 53
 1 -22 5 71 65 62 57 54
 5 -79 5 71 66 65 62 58
 6 -4 3 66 58 57
 5 -68 3 68 64 59
 7 -29 6 76 69 66 64 63 62
 8 -88 5 79 68 66 63 62
 2 -40 2 68 59
 3 -11 2 68 59
 5 -57 6 79 76 75 70 69 63
 4 -64 8 80 77 76 73 72 70 67 66
 9 -64 6 79 77 72 71 67 65
 7 -49 7 80 77 75 74 73 72 70
 8 -34 6 89 80 77 73 72 67
 9 -18 4 89 82 80 67
 7 -51 6 94 85 83 80 75 73
 9 -41 7 94 93 92 89 88 85 75
 10 -20 6 94 92 85 83 81 74
 5 -80 5 94 92 80 76 75
 5 -40 5 94 82 81 80 74
 10 -54 6 94 89 88 82 81 78
 8 -18 5 94 89 88 80 78
 4 -33 8 100 96 94 93 88 85 84 82
 2 -22 9 102 100 93 92 91 88 86 84 81
 9 -65 9 102 100 96 93 91 88 87 86 84
 4 -87 5 102 100 96 84 82
 3 -76 7 102 100 96 93 88 87 84
 6 -6 10 111 102 101 100 96 93 92 91 90 86
 8 0 9 102 101 100 97 96 93 91 87 86
 1 -32 5 102 101 96 94 82
 7 -58 3 102 96 84
 7 -66 6 111 101 98 97 96 90
 4 -22 4 97 91 87 86
 3 -40 7 101 100 99 98 97 96 95
 1 -96 5 111 101 98 97 90
 5 -11 8 111 110 109 104 103 102 101 98
 9 -42 4 110 99 98 95
 4 -5 4 111 110 99 95
 3 -88 7 111 110 109 107 104 103 101
 3 -84 6 111 110 109 104 103 98
 2 -28 3 110 99 95
 10 -1 5 110 109 107 104 103
 9 -43 5 109 108 107 104 103
 5 -72 4 109 106 103 98
 9 -26 3 104 103 98
 1 -99 4 108 107 104 103
 4 -36 5 109 108 107 106 105
 2 -92 3 107 104 103
 10 -10 3 108 107 105
 7 -56 3 109 107 106
 10 -69 3 110 106 105
 9 -61 2 108 105
 3 -2 2 106 105
 5 -18 1 105
 2 -44 1 106
 7 -96 1 112
 3 0 1 112
 3 -51 1 112
 9 -8 1 112
 10 -31 1 112
 5 -38 1 112
 4 -1 1 112
 0 25610 0
