112
 0 -90 6 2 3 4 9 10 14
 4 -47 6 23 21 17 11 7 5
 1 -95 4 26 21 8 6
 8 -16 5 26 20 13 12 11
 1 -75 4 19 15 13 12
 9 -33 5 25 23 19 18 12
 1 -31 6 27 26 25 24 22 16
 3 -83 4 30 27 25 15
 9 -37 4 27 25 18 16
 6 -72 3 25 21 15
 8 -40 2 25 15
 3 -42 8 47 33 32 31 30 28 27 22
 1 -44 3 27 25 18
 3 -51 6 47 32 31 27 25 21
 2 -17 2 47 18
 1 -4 8 47 41 37 33 32 31 30 28
 9 -26 6 38 33 31 28 25 22
 4 -81 5 33 32 31 28 22
 6 -95 8 41 39 38 37 33 31 29 28
 10 -15 8 49 47 39 38 37 34 30 29
 6 -67 7 49 41 39 38 33 30 29
 10 -89 6 49 41 39 37 34 29
 6 -50 6 49 47 37 35 33 31
 7 -43 5 49 39 38 33 29
 9 -99 7 49 45 41 39 37 36 35
 10 -6 6 45 40 39 38 37 35
 1 -43 5 49 45 44 37 36
 10 -14 3 49 35 34
 7 -71 3 45 36 35
 5 -13 3 45 36 35
 7 -93 4 45 44 42 36
 2 -78 4 40 39 38 35
 7 -90 2 44 36
 2 -13 6 53 45 44 43 42 40
 10 -9 7 56 53 51 48 46 44 42
 7 -2 6 54 53 51 46 43 40
 3 -31 4 53 52 51 42
 1 -45 6 57 56 54 53 52 50
 8 -44 2 48 46
 9 -51 4 57 56 52 50
 1 -5 4 57 54 52 50
 5 -17 4 58 57 54 50
 9 -23 3 61 55 48
 6 -22 3 58 57 50
 7 -20 5 61 58 57 55 54
 9 -1 2 57 50
 6 -30 6 66 65 63 58 56 55
 8 -73 3 60 57 52
 8 -89 3 62 55 52
 5 -98 7 78 66 65 63 62 61 55
 5 -92 8 78 71 69 65 61 60 59 57
 1 -59 8 75 69 68 66 65 63 59 58
 9 -14 9 83 78 75 71 69 68 65 61 59
 6 -46 9 83 78 71 69 67 66 65 64 60
 9 -66 6 83 73 71 69 60 59
 1 -97 7 83 78 75 71 68 67 61
 2 -67 7 83 81 79 74 68 66 62
 10 -75 11 86 83 81 80 79 78 74 73 71 70 67
 9 -48 5 86 80 79 67 64
 6 -43 6 81 80 79 72 70 68
 3 -22 4 80 79 73 64
 3 -93 5 86 80 75 73 72
 4 -32 5 86 84 80 79 72
 1 -55 4 84 81 74 72
 3 -95 4 92 86 72 70
 8 -45 3 92 73 70
 1 -46 3 92 84 72
 8 -2 8 92 90 87 86 85 84 82 77
 4 -25 5 90 87 84 80 76
 3 -88 6 90 87 85 84 82 76
 4 -96 6 92 90 85 84 82 76
 3 -19 5 90 87 85 82 76
 4 -70 5 90 87 85 84 77
 1 -31 5 111 92 87 85 77
 5 -35 10 99 98 97 96 95 94 93 92 90 88
 10 -79 1 77
 10 -51 9 99 98 97 96 94 93 91 89 88
 2 -36 6 109 95 93 90 87 84
 1 -98 7 99 98 97 94 93 89 88
 10 -80 3 96 92 82
 8 -82 5 111 110 99 98 85
 10 -67 6 111 101 99 94 93 91
 8 -63 9 111 110 109 108 106 105 101 99 98
 3 -88 7 111 110 106 100 97 96 94
 5 -6 6 109 101 100 95 94 93
 7 -12 7 110 109 107 106 105 98 94
 6 -35 6 110 107 105 101 98 94
 9 -50 7 109 108 106 105 104 101 100
 5 -16 5 110 109 108 104 95
 5 -83 7 111 110 107 106 105 104 100
 6 -12 7 110 109 107 106 104 103 102
 3 -47 6 109 107 106 104 103 100
 5 -99 5 107 106 105 103 102
 8 -50 4 108 104 103 102
 10 -91 4 106 105 103 102
 6 -84 4 107 105 104 103
 5 -68 3 105 104 101
 6 -72 2 104 100
 7 -22 2 107 102
 4 -73 1 102
 6 -13 1 103
 1 -60 1 112
 9 -69 1 112
 1 -41 1 112
 8 -58 1 112
 5 -10 1 112
 1 -76 1 112
 3 -34 1 112
 3 -74 1 112
 7 -68 1 112
 7 -14 1 112
 0 28325 0
