112
 0 -9 18 2 3 4 5 6 7 8 9 10 11 12 13 14 15 18 19 25 34
 5 -59 13 59 48 43 42 38 37 35 33 32 28 26 24 17
 3 -29 10 43 41 35 30 29 28 27 26 22 21
 9 -43 12 57 47 46 44 41 40 35 33 30 27 26 21
 3 -51 11 59 51 48 47 37 36 35 33 28 23 20
 5 -89 10 50 48 43 42 39 38 37 31 26 22
 8 -27 9 60 51 44 41 38 36 28 23 20
 5 -66 9 44 41 39 38 37 28 27 26 23
 10 -69 12 59 57 47 43 40 39 37 36 35 31 28 26
 1 -29 5 44 37 26 23 16
 7 -40 10 50 49 48 47 43 41 40 31 29 21
 3 -2 10 58 51 46 44 40 36 35 33 29 24
 7 -74 9 59 57 51 44 43 40 37 28 26
 2 -87 12 59 57 55 54 52 51 45 44 43 39 37 33
 1 -21 11 60 59 57 54 52 51 49 47 44 39 31
 4 -36 12 70 60 58 56 55 52 51 50 46 45 41 40
 10 -62 11 80 58 57 56 52 50 47 44 40 39 36
 6 -10 8 80 79 60 59 57 53 52 33
 7 -66 6 57 51 46 40 39 38
 5 0 4 57 54 39 31
 4 -37 9 69 61 60 58 54 52 51 45 39
 1 -43 9 60 58 57 52 51 49 46 44 40
 3 -38 9 80 79 70 65 57 52 49 46 43
 9 -12 9 70 69 67 62 57 56 53 49 45
 1 -14 5 60 58 49 45 39
 6 -39 9 70 62 61 58 55 54 53 52 45
 1 -59 6 81 80 79 60 52 36
 4 -35 7 70 67 56 50 49 46 45
 7 0 10 81 80 70 65 63 62 61 54 53 52
 7 -55 10 81 70 65 63 62 61 58 54 53 52
 5 -64 6 69 61 58 56 55 45
 1 -65 7 81 69 65 63 52 51 49
 3 -88 8 70 67 66 65 62 56 50 49
 3 -9 5 83 65 63 52 43
 9 -91 9 80 71 68 67 66 64 63 60 55
 4 -16 8 70 69 67 66 65 62 53 49
 8 -46 8 79 70 69 68 66 61 60 56
 3 -83 6 81 69 68 62 61 45
 9 0 9 81 79 71 70 66 65 63 62 53
 2 -69 6 81 67 66 61 54 53
 2 -49 7 68 67 66 65 62 61 59
 7 -12 4 79 66 60 49
 9 -15 6 81 78 69 64 62 58
 4 -91 10 83 79 78 75 74 71 68 66 64 62
 10 -36 11 83 80 79 78 76 74 73 71 66 65 64
 1 -51 8 89 82 81 76 73 68 64 61
 5 -17 8 79 76 73 72 68 67 66 61
 10 -32 7 79 73 69 68 64 63 61
 6 -1 7 89 82 76 73 68 64 61
 2 -4 7 89 82 81 76 73 64 61
 2 -31 7 79 78 74 71 66 64 62
 4 -96 8 82 78 76 74 73 67 66 64
 2 -83 9 89 82 78 76 75 74 73 68 64
 4 -19 14 110 91 89 88 86 83 79 78 77 76 75 73 72 71
 1 -48 10 89 84 83 82 81 79 78 76 74 65
 2 -82 9 110 89 83 81 78 76 74 71 63
 3 -76 7 110 89 82 78 73 71 63
 8 -35 7 89 76 74 73 71 68 67
 10 -2 10 110 92 91 89 86 78 75 73 71 69
 5 -94 6 89 82 77 74 73 65
 7 -61 10 111 110 88 84 83 78 77 75 74 71
 3 -4 8 93 88 86 85 82 76 73 72
 8 -18 10 111 109 93 92 91 88 86 77 75 72
 7 -28 8 110 109 93 92 88 86 77 72
 5 -3 11 111 110 109 108 102 93 91 88 86 85 75
 6 -48 10 110 104 102 101 91 89 88 87 85 84
 4 -17 9 111 109 105 102 100 92 90 88 75
 4 -59 15 110 107 106 105 104 103 102 101 100 99 95 93 91 90 87
 9 -75 7 108 107 106 101 90 88 76
 2 -27 5 110 101 93 90 76
 2 -89 13 109 108 107 106 103 102 101 100 98 97 95 93 90
 10 -70 10 108 106 105 103 102 101 99 95 90 87
 6 -31 6 111 103 100 95 87 84
 9 0 6 103 99 98 91 86 85
 2 -44 8 107 106 103 101 99 97 95 87
 8 -59 8 105 104 102 100 99 97 95 87
 9 -50 7 108 107 104 103 102 96 85
 7 -49 7 107 105 104 103 98 97 85
 1 -63 5 108 103 101 92 85
 2 -99 8 109 108 106 102 101 99 96 90
 7 -45 5 104 101 97 96 85
 8 -71 7 107 105 102 98 95 92 91
 4 -26 7 102 99 98 96 95 94 92
 7 -84 6 106 105 99 98 96 90
 2 -90 3 100 95 90
 4 -2 3 104 101 90
 2 -47 3 98 96 94
 1 -64 2 95 94
 6 -68 2 99 94
 7 -92 1 94
 9 -11 1 97
 3 -83 1 97
 6 -47 1 96
 4 -56 1 112
 7 -60 1 112
 7 -61 1 112
 3 -89 1 112
 1 -41 1 112
 10 -35 1 112
 6 -29 1 112
 10 -33 1 112
 8 -32 1 112
 6 -7 1 112
 2 -53 1 112
 3 -15 1 112
 10 -16 1 112
 5 -48 1 112
 2 -20 1 112
 8 -76 1 112
 9 -88 1 112
 1 -43 1 112
 0 25160 0
