112
 0 -53 9 2 3 4 5 6 8 9 11 12
 10 -99 5 17 14 13 10 7
 8 -38 7 34 21 19 17 16 14 13
 3 -93 4 34 24 19 7
 2 -14 9 24 23 22 21 20 19 18 16 15
 9 -56 7 34 27 24 22 21 20 13
 8 -19 7 29 23 22 21 20 18 15
 6 -54 7 29 27 25 24 23 21 14
 5 -66 7 29 27 23 22 21 20 15
 2 -43 5 34 24 19 16 15
 1 -12 4 20 18 16 13
 10 -36 6 34 28 27 25 22 20
 8 -79 5 35 31 29 25 23
 9 -74 3 28 22 20
 9 -9 6 35 33 31 30 28 25
 10 0 6 35 30 29 28 27 25
 7 -67 3 31 28 22
 10 -20 5 41 33 30 27 26
 4 -56 3 35 31 25
 3 -34 5 41 33 32 31 30
 7 -88 6 43 41 39 35 31 30
 1 -41 5 44 41 36 35 26
 5 -64 5 44 39 33 30 28
 6 -73 3 33 28 26
 6 -75 4 44 41 36 26
 5 -7 5 54 43 38 37 32
 6 -15 8 54 53 45 44 40 39 38 37
 3 -34 6 51 48 41 38 37 36
 8 -59 7 54 51 47 43 39 38 36
 6 -67 5 54 48 40 38 36
 5 -72 5 48 45 44 38 37
 2 -6 7 56 53 50 47 45 40 39
 1 -75 4 51 46 43 42
 10 -14 6 61 56 55 49 46 42
 2 -32 7 60 54 53 52 51 50 48
 8 -29 8 60 56 55 53 52 50 46 45
 6 -4 4 61 56 55 42
 7 -7 6 67 61 56 55 49 46
 3 -48 5 60 57 55 52 48
 7 -56 4 61 57 51 46
 2 -8 4 57 54 52 46
 8 0 3 52 50 47
 2 -29 7 68 67 63 61 60 58 56
 10 -3 4 72 58 57 51
 5 -67 8 73 71 68 67 65 64 62 59
 4 -57 7 71 68 65 64 62 59 58
 6 -64 7 68 67 65 64 62 60 58
 2 -48 6 71 65 63 61 59 58
 1 -22 6 72 70 68 63 60 57
 10 -20 4 72 67 58 57
 3 -92 4 73 70 67 55
 4 -18 5 73 67 65 64 59
 7 -42 8 73 72 71 70 69 67 66 65
 2 -68 4 71 70 63 61
 6 -40 4 71 68 64 62
 6 -59 3 71 65 59
 2 -31 6 73 71 69 66 65 64
 2 -94 6 80 74 73 70 69 66
 5 -85 4 72 70 69 66
 8 -46 4 75 73 71 66
 10 -23 3 73 66 64
 8 -85 2 66 63
 4 -92 4 88 80 74 69
 1 -85 8 88 87 86 83 80 78 75 74
 5 -40 8 88 86 83 82 80 78 77 74
 1 -15 9 87 86 85 83 82 81 78 77 76
 5 -70 8 88 87 86 83 82 81 78 75
 3 -63 8 87 86 83 81 78 77 76 75
 10 -53 6 87 83 82 81 78 75
 10 -34 6 88 85 82 81 78 76
 3 -96 3 88 80 74
 4 -37 3 88 77 74
 2 -14 4 88 86 85 79
 10 -71 3 85 81 76
 3 -46 3 93 85 79
 10 -68 2 99 79
 3 -96 8 100 99 96 95 92 90 89 84
 7 -2 1 79
 2 -7 7 100 96 95 92 90 89 84
 9 -25 12 111 110 109 101 100 99 97 96 94 93 92 91
 6 -62 10 111 109 100 99 98 96 94 93 92 89
 7 -1 9 111 110 101 97 96 95 94 92 90
 2 -63 6 111 99 95 94 92 91
 7 -12 8 111 109 108 107 101 98 97 94
 9 -89 8 110 107 101 99 98 97 96 94
 5 -12 6 108 107 105 97 96 95
 9 -95 5 108 107 96 95 91
 6 -62 4 110 98 96 93
 2 -7 5 110 108 105 102 97
 5 -95 1 91
 4 -28 5 106 105 104 103 102
 3 -31 4 108 107 104 102
 3 -33 4 107 106 103 102
 4 -57 3 106 103 102
 8 -1 3 109 104 102
 6 -37 2 106 104
 4 -87 2 104 103
 3 -62 2 105 102
 9 -1 2 103 102
 1 -91 2 105 102
 6 -27 1 103
 2 -33 1 112
 10 -36 1 112
 8 -98 1 112
 2 -63 1 112
 2 -55 1 112
 5 -24 1 112
 6 -35 1 112
 1 -42 1 112
 4 -19 1 112
 9 -54 1 112
 0 25575 0
