112
 0 -73 7 2 3 4 5 6 9 10
 2 -97 5 27 19 12 8 7
 2 -67 9 27 21 19 18 15 14 13 12 11
 5 -7 6 27 21 18 13 11 8
 4 -15 6 27 24 21 13 12 11
 3 -31 6 29 27 24 23 21 11
 1 -44 4 21 15 13 11
 5 -52 3 26 16 15
 5 -100 3 23 15 11
 6 -35 6 31 28 27 26 25 20
 9 -49 3 28 26 17
 5 -5 3 28 23 17
 2 -49 5 31 29 28 25 20
 10 -71 5 31 28 26 23 20
 2 -29 2 24 17
 3 -30 4 31 28 23 20
 6 -74 3 31 25 20
 9 -17 2 28 20
 9 -65 6 34 32 31 28 26 22
 5 -41 6 47 41 40 34 32 22
 1 -40 7 47 40 38 37 35 34 33
 5 -81 4 42 38 35 30
 3 0 6 48 45 42 39 37 33
 5 -18 4 39 36 35 31
 6 -41 3 47 45 30
 5 -58 5 48 47 45 37 33
 2 -54 6 55 50 45 39 36 35
 2 -73 3 38 37 33
 5 -99 7 55 49 47 46 45 43 40
 8 -77 3 48 37 33
 7 -17 6 63 50 45 44 43 37
 7 -94 6 55 50 46 44 42 39
 8 -19 5 55 50 49 43 36
 9 -19 7 55 51 50 49 48 45 43
 2 -73 7 63 56 52 49 48 46 44
 10 -50 6 63 56 53 52 46 44
 5 -54 7 75 56 55 52 51 49 46
 8 -94 7 57 55 53 52 50 46 45
 2 -17 4 63 54 51 43
 9 -38 4 63 50 48 44
 9 -2 3 63 50 44
 8 -10 9 75 70 63 59 57 56 53 52 51
 5 -43 7 75 70 59 57 56 53 52
 2 -52 6 75 68 59 57 54 51
 10 -97 9 82 75 71 70 67 65 59 58 56
 1 -61 10 71 70 69 68 65 64 62 60 59 58
 3 -45 6 70 69 62 59 57 53
 7 -53 9 71 70 69 68 67 62 60 59 58
 8 -9 5 69 64 59 57 54
 7 -10 7 82 75 70 65 61 59 56
 1 -55 9 82 76 71 69 67 65 64 60 58
 10 -96 7 79 71 69 68 67 62 58
 9 -81 12 82 81 79 76 74 73 71 67 66 65 64 61
 2 -98 5 79 74 70 62 58
 3 -35 10 82 81 79 77 76 74 73 69 66 61
 10 -96 9 86 81 79 76 73 69 68 66 64
 9 -90 8 82 81 79 76 73 66 65 61
 9 -77 5 81 77 73 66 61
 5 -16 6 86 80 77 76 74 72
 3 -46 6 86 83 79 74 73 72
 10 -29 6 86 85 83 80 78 72
 9 -38 6 86 82 80 77 76 73
 3 -93 6 86 85 84 83 79 74
 9 -87 5 85 83 80 78 72
 9 -43 5 85 84 83 78 77
 3 -71 3 85 80 72
 4 -87 3 78 77 72
 6 -87 3 83 77 74
 8 -22 5 91 87 84 80 78
 9 -61 5 91 87 84 80 78
 9 -16 4 91 87 84 78
 9 -96 5 95 91 89 87 84
 2 -99 5 99 95 91 89 87
 10 -100 2 91 78
 2 -38 2 86 80
 7 -70 3 91 89 84
 9 -40 6 111 99 95 92 91 87
 9 -5 4 99 95 89 88
 10 -96 5 111 94 92 91 87
 5 -54 3 99 89 88
 1 -57 3 99 89 88
 4 -5 2 91 84
 7 -95 5 111 99 92 91 88
 4 -23 4 111 99 94 88
 9 -98 4 111 94 92 88
 8 -42 3 99 94 87
 9 -38 1 88
 1 -94 5 101 98 96 93 90
 9 -72 5 111 101 94 93 92
 1 -68 8 110 108 107 106 105 104 102 100
 1 -58 6 109 108 107 106 101 97
 1 -54 5 110 107 104 100 97
 1 -19 4 106 104 100 97
 10 -60 6 109 108 106 104 103 102
 6 -41 3 106 100 97
 5 -48 4 109 108 102 100
 7 -56 3 105 103 102
 6 -66 3 107 104 102
 8 -47 3 104 103 102
 6 -99 1 103
 9 -25 1 102
 2 -21 1 112
 9 -72 1 112
 4 -93 1 112
 2 -55 1 112
 8 -63 1 112
 1 -59 1 112
 7 -98 1 112
 7 -63 1 112
 6 -57 1 112
 8 -69 1 112
 0 30430 0
