112
 0 -6 13 2 3 4 5 6 7 8 9 11 12 13 16 25
 6 -23 12 45 44 43 40 37 34 31 30 29 20 19 18
 9 -8 11 52 37 34 31 29 27 24 22 21 18 17
 7 -89 10 52 45 44 43 37 34 31 28 21 10
 9 -44 12 52 49 48 47 45 36 34 33 31 28 27 14
 9 -38 10 52 44 37 36 34 32 31 22 21 17
 3 -50 10 52 43 37 36 34 32 31 29 23 15
 6 -46 14 52 47 46 45 44 41 40 36 32 31 30 27 23 22
 10 -60 12 52 47 44 43 41 37 36 33 31 27 26 21
 3 -50 9 47 41 40 39 36 35 32 23 22
 6 -9 13 55 48 47 46 45 43 41 38 37 34 33 31 27
 2 -72 9 46 42 41 40 38 36 35 31 23
 7 -97 4 47 38 27 17
 6 -13 10 51 44 41 40 38 37 35 32 30 26
 5 -12 10 54 49 47 46 45 40 39 35 33 22
 3 -50 10 52 46 45 43 40 39 36 34 32 23
 10 -61 9 63 62 55 45 43 40 39 35 23
 3 -59 11 63 53 51 49 48 47 42 41 39 38 36
 2 -24 7 58 55 52 46 36 32 23
 10 -71 7 64 59 55 54 51 39 27
 3 -91 12 75 70 68 67 56 55 53 51 50 48 46 38
 4 -94 10 75 70 63 62 56 53 51 50 42 38
 6 -76 7 64 54 53 50 49 48 33
 1 -37 9 75 68 63 56 55 49 48 47 40
 6 -33 6 69 63 59 55 36 31
 5 -97 9 70 69 64 58 56 54 53 46 39
 7 -3 9 69 68 66 63 62 61 56 50 35
 4 -95 9 75 69 68 63 61 60 56 53 40
 8 -19 7 62 61 57 56 54 50 49
 9 -14 8 75 71 68 66 60 56 53 42
 9 -21 5 75 70 61 53 39
 7 -80 9 71 70 68 67 66 63 60 56 53
 5 -50 7 71 70 67 65 59 56 51
 1 -39 10 80 74 73 71 70 68 67 65 60 59
 3 -23 9 80 76 75 71 70 67 60 58 53
 3 -39 8 75 71 70 68 66 65 60 56
 7 -32 7 80 75 70 68 60 57 50
 1 -61 7 74 69 64 61 60 59 58
 10 -98 5 80 68 67 60 50
 8 -7 5 71 67 59 58 57
 4 -54 4 68 62 60 50
 1 -21 4 67 58 57 55
 5 -68 14 111 95 87 86 81 80 79 78 76 74 73 72 70 69
 7 -83 7 111 86 77 75 69 61 57
 3 -18 6 95 79 74 65 61 60
 7 -78 10 110 95 87 78 77 76 73 71 66 63
 3 -74 10 110 87 84 79 77 76 74 73 71 60
 8 -66 7 95 80 76 69 66 65 61
 6 -48 7 110 87 76 71 67 66 60
 5 -31 13 111 109 95 86 82 81 79 78 76 74 73 71 65
 4 -36 8 111 110 93 86 85 80 77 57
 10 -39 6 95 89 76 73 65 60
 2 -37 9 109 87 86 81 79 74 73 72 65
 1 -39 9 110 95 92 85 81 75 74 68 66
 10 -36 14 111 110 109 108 93 87 86 85 82 81 80 78 76 74
 9 -69 10 109 95 85 81 80 79 76 74 73 72
 2 -72 9 109 95 87 81 78 76 74 73 72
 3 -23 9 111 109 95 92 89 86 82 79 65
 5 -38 5 109 87 85 76 66
 9 -36 11 111 109 108 94 93 92 86 85 81 78 72
 7 -93 12 110 109 106 105 91 89 87 85 84 82 81 73
 4 -43 12 109 108 106 94 93 92 87 86 81 80 78 77
 7 0 11 109 108 105 94 93 92 88 84 82 81 74
 1 -99 12 111 106 105 95 94 93 92 89 83 82 81 79
 5 -23 10 110 108 106 94 93 91 88 85 84 77
 5 -6 10 111 108 105 93 89 88 84 83 82 79
 1 -40 8 108 106 95 94 89 88 84 78
 9 -1 11 108 107 106 105 99 90 88 87 84 83 82
 3 -30 11 110 109 108 107 105 103 93 92 88 85 82
 5 -31 8 108 106 105 93 85 84 82 77
 3 -85 12 108 107 106 105 104 103 99 98 94 93 89 85
 4 -17 8 107 106 105 102 91 90 83 82
 10 -61 9 108 107 102 99 97 92 90 88 83
 9 -36 6 106 103 97 91 89 83
 10 -33 5 109 99 90 83 82
 4 -1 6 106 100 94 92 91 90
 10 -6 7 107 104 103 100 99 98 97
 3 -66 6 105 103 102 100 97 91
 4 -31 5 103 102 97 91 90
 7 -10 5 105 102 101 99 89
 6 -12 5 107 101 99 98 96
 8 -17 4 104 100 98 97
 1 -15 4 101 100 98 96
 10 -56 4 104 102 98 97
 4 -29 3 101 100 90
 9 -21 2 97 88
 10 -84 3 103 98 96
 8 -36 2 101 96
 7 -64 1 90
 6 -85 1 96
 8 -93 1 99
 7 -50 1 98
 5 -76 1 102
 2 -57 1 97
 9 -59 1 96
 1 -61 1 112
 3 -20 1 112
 8 -63 1 112
 6 -45 1 112
 8 -61 1 112
 7 -23 1 112
 2 -27 1 112
 8 -61 1 112
 4 -91 1 112
 10 -74 1 112
 9 -30 1 112
 6 -88 1 112
 8 -69 1 112
 3 -59 1 112
 7 0 1 112
 1 -64 1 112
 0 25795 0
