112
 0 -2 26 2 3 4 5 6 7 8 9 10 11 12 13 14 15 16 18 19 20 21 23 24 25 26 28 36 43
 2 -75 13 67 65 60 51 48 44 42 41 35 33 32 27 17
 5 -57 10 53 52 51 45 42 32 31 30 27 22
 5 -82 17 75 68 64 63 62 61 60 58 57 56 55 53 52 47 41 37 34
 2 -85 12 65 64 63 60 56 53 52 49 40 38 33 29
 4 -42 12 71 68 64 59 57 53 52 47 41 39 35 30
 8 -92 21 85 82 74 70 69 67 66 65 64 63 62 61 60 59 57 56 51 48 47 45 42
 1 -25 14 85 75 73 70 66 61 55 54 52 51 49 46 44 27
 9 -54 12 85 71 65 62 61 60 56 55 53 45 40 27
 10 -43 11 75 70 68 66 56 49 48 46 39 31 29
 6 -90 14 111 82 75 65 64 61 57 56 54 53 49 48 41 33
 6 -13 17 85 74 72 70 69 68 67 66 65 62 61 60 57 54 47 46 45
 10 -46 13 111 82 69 65 63 61 60 53 51 49 47 40 38
 10 -16 13 85 75 73 71 70 69 67 66 60 59 48 44 27
 10 -72 18 111 85 82 76 75 74 72 68 65 63 62 61 56 54 53 51 48 47
 6 -11 13 82 74 68 67 63 61 56 54 53 48 47 45 41
 9 -6 15 82 74 72 71 70 64 63 62 61 56 55 54 53 47 45
 2 -90 12 106 82 75 72 71 70 61 59 53 50 48 33
 7 -32 16 111 110 105 85 82 81 76 68 66 65 62 60 59 52 49 47
 2 -1 8 108 80 66 65 60 47 40 35
 5 -73 14 85 84 82 75 73 72 70 67 66 61 59 55 54 44
 1 -1 11 111 69 67 63 62 61 59 48 47 41 38
 5 -31 11 81 77 73 70 69 66 64 61 49 46 45
 5 -70 21 111 110 109 108 103 85 84 82 77 75 74 73 72 68 66 65 64 59 56 55 54
 2 -8 14 111 108 105 85 81 76 71 69 68 62 61 59 53 47
 1 -46 16 109 108 107 105 104 103 102 81 77 74 73 72 71 67 64 61
 1 -53 9 111 84 74 72 68 64 63 58 57
 3 -62 8 109 108 84 82 74 70 61 42
 6 -85 14 111 109 103 101 99 85 84 83 82 73 72 67 61 54
 8 -6 13 110 109 108 103 96 84 82 77 75 74 60 56 54
 5 -45 11 110 108 102 101 82 81 80 72 64 60 47
 2 -27 10 110 101 85 81 80 75 72 64 59 47
 8 -96 14 109 108 107 103 85 84 81 79 77 74 73 69 66 55
 10 -1 10 110 109 104 103 84 74 73 69 59 49
 6 -57 11 111 109 104 103 84 81 74 72 69 61 55
 9 -23 9 111 106 101 96 83 77 66 54 48
 4 -25 12 111 110 103 101 99 83 82 79 77 76 59 54
 2 -72 17 110 105 104 103 102 100 98 93 92 84 83 80 79 76 74 73 72
 1 -57 12 110 109 107 105 98 85 79 74 73 72 69 67
 7 -89 11 107 105 104 102 76 75 74 73 70 68 59
 10 -100 17 109 108 107 105 104 103 102 101 100 97 93 85 84 81 77 72 70
 9 -27 13 111 106 103 101 100 99 97 96 93 78 77 76 54
 6 -90 12 110 109 108 106 103 99 97 96 84 78 69 54
 2 -59 13 111 109 108 104 103 98 93 83 78 77 76 74 68
 3 -96 19 111 109 108 107 106 105 104 103 99 98 96 95 94 93 84 80 78 76 75
 6 -69 9 110 103 102 99 83 82 76 71 59
 6 -42 17 107 106 104 103 100 99 98 96 94 93 92 84 83 79 78 77 73
 4 -62 15 110 108 107 104 103 100 99 97 94 93 92 89 80 79 78
 3 -37 7 108 100 88 83 72 71 67
 2 -66 13 111 108 107 105 103 101 100 99 96 95 93 79 73
 7 -8 12 108 104 102 99 97 94 92 89 88 86 78 71
 7 -11 11 104 103 94 93 92 89 88 84 80 78 74
 9 -54 10 102 100 96 95 94 93 88 83 80 66
 7 -11 12 107 105 104 102 98 94 92 90 89 88 81 80
 2 -100 12 105 100 99 98 96 95 94 92 91 87 83 76
 9 -40 12 102 101 100 99 97 94 92 89 88 87 86 78
 9 -93 12 109 105 104 103 98 94 93 92 89 88 87 81
 4 -83 8 109 108 105 98 97 82 78 77
 8 -4 11 100 97 95 94 93 92 89 88 87 86 78
 1 -66 10 106 99 98 94 93 92 89 87 83 78
 4 -97 10 110 100 97 96 92 91 90 89 86 79
 9 -69 10 109 102 96 94 93 92 89 88 87 78
 1 -68 8 109 108 102 97 93 89 87 81
 10 -90 6 100 96 95 90 83 76
 3 -40 8 100 97 91 90 89 88 87 86
 5 -51 6 98 92 89 87 86 78
 1 -32 6 106 96 95 91 90 80
 5 -68 6 106 101 96 94 92 79
 8 -52 7 102 95 93 89 88 87 86
 6 -60 5 94 90 89 86 79
 3 -80 6 101 98 96 93 91 87
 9 -30 4 96 94 86 78
 4 -21 4 97 90 89 86
 9 -21 4 101 99 97 95
 7 -50 3 92 91 83
 7 -3 3 89 88 86
 6 -77 3 91 88 87
 5 -63 2 91 90
 4 -62 2 88 87
 4 -3 2 87 86
 6 -53 2 95 86
 8 -63 2 93 92
 9 -78 1 86
 4 -20 1 86
 3 -59 1 92
 1 -83 1 112
 9 -56 1 112
 7 -65 1 112
 6 -69 1 112
 1 -33 1 112
 3 -60 1 112
 9 -27 1 112
 6 -25 1 112
 7 -79 1 112
 1 -55 1 112
 8 -71 1 112
 2 0 1 112
 5 -76 1 112
 1 -29 1 112
 9 -18 1 112
 3 -71 1 112
 10 -67 1 112
 1 -78 1 112
 2 -56 1 112
 3 -97 1 112
 10 -90 1 112
 2 -15 1 112
 2 -5 1 112
 5 -70 1 112
 8 -24 1 112
 1 -59 1 112
 0 28335 0
