122
 0 -63 11 2 3 4 6 7 8 9 11 12 14 16
 10 -19 7 22 20 19 18 13 10 5
 7 -30 6 27 24 22 19 17 10
 8 -28 4 27 26 24 10
 2 -83 8 32 31 29 28 27 24 21 17
 9 -1 6 32 29 28 25 17 15
 4 -21 5 25 24 21 19 18
 6 -27 4 24 21 19 13
 9 -91 6 32 31 27 24 23 17
 3 -99 4 32 28 25 15
 3 -85 6 44 32 31 30 24 20
 8 -89 5 34 32 31 25 17
 10 -68 7 36 32 31 30 29 26 23
 6 -26 4 30 26 25 19
 4 -59 4 38 34 31 21
 3 -98 5 44 34 32 31 26
 7 -82 6 44 40 38 36 30 26
 5 -23 4 36 32 31 26
 7 -73 7 48 44 43 42 33 32 29
 7 -43 3 34 26 25
 2 -47 4 39 36 30 23
 1 -47 6 44 42 40 31 30 29
 5 -98 9 49 48 46 45 44 43 41 40 33
 4 -34 8 53 46 45 40 39 36 34 33
 9 -39 10 53 48 46 45 42 40 38 37 36 35
 1 -56 9 53 49 48 46 45 43 42 39 33
 10 -91 8 48 46 45 43 41 40 38 33
 3 -15 8 46 45 42 41 40 38 37 35
 4 -60 8 53 50 46 45 41 39 37 35
 1 -69 9 58 56 53 51 50 47 45 43 41
 8 -79 5 51 50 49 39 37
 9 -49 4 60 41 40 38
 7 -72 3 50 37 35
 10 -78 5 58 50 48 47 42
 8 -28 9 62 60 59 58 56 55 54 52 51
 10 -16 8 66 61 59 58 56 54 51 50
 3 -22 5 68 60 58 56 47
 4 -69 5 65 59 55 50 49
 6 -46 4 62 61 54 47
 8 -96 5 62 61 59 56 52
 4 -71 9 70 67 66 65 62 61 59 57 55
 3 -20 6 66 61 59 57 56 54
 2 -97 6 68 65 62 60 59 52
 6 -55 6 68 67 66 59 55 53
 5 -70 5 66 65 62 59 54
 1 -97 5 68 65 62 59 54
 10 -92 3 59 55 52
 2 -33 9 75 70 69 67 65 64 63 61 57
 3 -32 5 69 68 58 57 54
 3 -45 8 75 74 72 70 69 67 64 62
 2 -39 7 72 70 69 68 67 65 63
 8 -82 6 75 70 67 66 64 57
 5 -51 6 75 72 70 69 65 62
 9 -54 6 75 74 70 67 64 63
 4 -43 8 86 84 80 75 74 73 72 64
 4 -45 5 80 72 71 67 65
 4 -4 8 86 79 77 76 74 73 72 71
 8 -72 7 86 80 79 76 75 71 70
 3 -58 4 77 72 69 63
 10 -69 4 86 80 71 64
 6 -91 5 86 74 73 71 68
 3 -59 6 86 83 80 79 73 71
 9 -19 6 83 81 80 79 78 71
 4 -46 7 96 94 82 81 79 77 76
 10 -91 6 94 86 84 79 76 74
 3 -34 6 94 82 80 79 76 74
 7 -90 8 96 94 86 85 84 83 78 73
 8 -99 11 100 96 94 87 85 84 83 82 81 78 77
 9 -67 9 96 94 91 86 83 82 81 80 78
 7 -49 9 100 96 91 87 85 84 83 81 77
 5 -16 11 100 96 95 94 91 90 89 87 85 84 82
 1 -13 9 100 96 94 91 90 89 87 82 81
 4 -26 7 100 91 90 89 88 87 81
 5 -6 7 97 96 93 92 87 85 83
 2 -77 5 100 97 96 87 78
 4 -12 4 101 87 83 78
 1 -40 6 104 101 98 97 92 89
 2 -100 5 99 95 90 89 88
 9 -13 6 100 99 93 91 88 85
 2 -24 4 101 93 92 88
 9 -18 5 105 104 101 97 92
 5 -57 5 111 110 107 97 88
 8 -79 3 110 90 88
 4 -92 7 121 110 105 103 102 99 98
 9 -54 8 121 111 110 108 106 105 104 103
 9 -47 8 121 111 109 108 106 104 103 100
 8 -81 7 121 110 106 105 104 103 102
 8 -43 6 121 105 104 103 102 98
 9 -41 4 111 108 107 93
 10 -64 8 121 120 111 109 108 107 103 98
 5 -20 8 121 120 111 110 109 106 103 102
 10 -97 2 99 95
 5 -42 7 121 117 114 113 110 105 103
 8 -4 6 121 112 108 106 103 101
 3 -10 7 121 120 119 116 112 110 102
 7 -29 4 111 109 103 98
 6 -24 5 120 114 113 109 103
 10 -85 7 119 118 116 115 114 112 106
 4 -93 5 115 112 111 108 106
 1 -26 6 120 118 117 114 112 110
 2 -61 6 120 119 118 117 116 114
 1 -44 5 118 117 115 113 108
 6 -23 4 119 118 116 115
 9 -55 3 116 113 112
 3 -76 2 120 109
 3 -21 2 117 113
 9 -89 2 116 112
 6 -27 1 114
 8 -11 1 112
 10 -80 1 115
 5 -60 1 113
 9 -45 1 122
 7 -10 1 122
 1 -22 1 122
 5 -12 1 122
 3 -92 1 122
 1 -56 1 122
 8 -39 1 122
 1 -56 1 122
 6 -99 1 122
 9 -92 1 122
 0 31980 0
