112
 0 -29 14 2 3 4 5 7 8 9 11 14 16 17 19 21 22
 8 -88 7 41 34 29 26 20 12 6
 4 -69 8 41 34 30 29 28 26 24 6
 5 -95 11 43 41 36 34 31 30 27 24 23 15 13
 7 -25 7 41 39 33 24 23 15 10
 3 -60 8 43 39 37 36 27 23 18 13
 10 -8 10 44 43 39 38 33 31 30 27 26 25
 4 -86 11 67 44 43 42 39 38 36 33 31 30 26
 9 -5 9 61 47 41 36 35 33 31 29 25
 1 -44 8 56 49 43 42 40 36 27 18
 10 -55 10 45 44 42 40 39 38 36 34 33 27
 1 -9 8 49 46 42 40 38 35 27 24
 4 -66 7 63 62 50 47 33 32 25
 5 -83 7 64 61 57 46 40 39 23
 7 -67 9 57 55 52 49 46 42 40 32 29
 10 -2 9 57 55 49 47 42 39 34 33 31
 2 -45 14 67 64 62 57 54 53 52 50 49 46 45 44 42 32
 8 -87 11 74 67 61 57 55 54 47 46 44 38 31
 5 -37 13 76 70 64 63 62 60 56 52 48 45 41 40 36
 8 -94 8 63 62 57 56 45 44 39 30
 4 -5 5 52 49 42 32 29
 2 -35 7 67 63 52 49 48 36 30
 3 -39 8 70 66 55 52 45 44 42 35
 4 -83 13 63 62 61 60 59 57 56 55 54 52 50 47 45
 3 -100 11 70 67 65 57 56 55 52 49 45 42 40
 8 -4 9 76 66 64 60 55 49 48 40 35
 4 -67 14 77 71 68 67 65 63 61 60 59 58 57 54 52 47
 1 -15 8 70 61 57 53 49 48 44 39
 9 -19 8 74 71 64 62 59 54 50 38
 1 -67 8 77 61 60 59 54 53 50 47
 4 -21 10 77 70 63 62 60 59 53 50 48 45
 10 -91 14 81 78 77 76 75 74 70 69 68 66 65 61 56 51
 4 -32 13 80 77 76 73 70 69 68 65 60 59 56 54 53
 10 -98 11 81 70 66 65 64 62 61 59 54 52 48
 5 -67 7 69 62 56 54 53 51 50
 8 -3 9 86 81 78 74 66 58 57 51 50
 4 -66 11 86 78 75 74 69 68 66 65 62 60 51
 9 -40 9 78 77 76 73 65 63 60 53 48
 7 -20 9 78 77 71 69 60 59 58 52 50
 6 -74 10 87 80 77 73 72 71 69 59 54 53
 1 -55 11 85 81 77 74 73 72 71 67 59 58 57
 4 -60 7 77 76 73 72 71 60 48
 8 -53 7 85 75 72 68 65 54 52
 7 -72 5 88 81 75 65 51
 7 -87 11 87 86 85 81 80 79 78 73 72 71 58
 5 -74 9 87 85 82 81 80 79 71 63 58
 5 -29 10 83 82 81 80 78 76 70 69 66 64
 6 -19 12 90 88 87 86 85 84 83 82 80 75 69 68
 4 -33 11 97 96 87 86 85 82 79 78 75 74 73
 10 -39 8 85 83 80 79 73 72 68 65
 7 -7 8 87 85 82 80 73 72 71 59
 4 -92 9 97 96 92 87 82 80 79 74 73
 4 -87 5 97 85 81 79 58
 6 -24 11 97 95 92 89 88 86 84 83 82 79 78
 10 -61 11 97 96 95 92 89 87 84 83 82 81 77
 7 -5 6 92 88 86 82 72 71
 5 -90 6 100 90 84 82 80 69
 1 -44 9 110 99 98 96 91 90 88 84 75
 8 -88 10 109 108 100 97 96 90 89 84 83 79
 9 -44 10 111 97 96 95 94 93 91 89 88 81
 7 -42 7 110 96 92 90 87 84 72
 6 -2 8 108 100 96 92 89 84 83 79
 6 -15 5 91 88 86 75 72
 4 -95 6 110 92 90 87 85 72
 9 -82 10 110 100 99 97 94 93 90 89 87 82
 8 -73 7 111 108 92 90 89 88 79
 10 -74 7 107 95 94 93 92 86 80
 8 -19 10 108 107 100 99 97 96 93 92 91 89
 4 -25 7 111 108 95 93 92 89 79
 3 -81 10 110 108 105 100 99 97 95 94 93 90
 10 -35 8 109 108 100 97 93 90 89 83
 8 -33 10 111 109 108 105 100 99 98 95 94 89
 9 -78 8 109 108 107 105 103 100 98 84
 1 -73 7 111 106 100 99 95 90 83
 7 -74 7 108 107 95 94 93 92 89
 1 -31 8 111 110 109 108 105 98 91 90
 6 -6 10 110 109 108 107 106 105 103 102 101 100
 5 -8 7 110 109 107 106 105 98 91
 7 -16 6 110 106 105 99 98 91
 5 -3 6 110 106 105 98 91 89
 2 -37 6 110 108 105 99 98 90
 2 -89 8 109 107 106 105 104 103 101 98
 3 -97 6 110 107 105 103 101 98
 5 -70 4 111 102 94 93
 7 -82 5 104 103 101 99 98
 3 -40 5 108 105 104 101 99
 10 -100 4 108 106 101 98
 9 -29 4 109 103 101 100
 7 -41 4 104 103 102 101
 6 -95 4 107 103 102 101
 6 -92 4 104 103 102 101
 8 -70 4 109 106 105 103
 3 -63 2 106 101
 10 -19 2 106 104
 3 -97 2 103 101
 8 -80 2 105 104
 4 -83 1 98
 7 -32 1 102
 7 -53 1 102
 5 -43 1 104
 2 -17 1 112
 5 -26 1 112
 9 -34 1 112
 5 -33 1 112
 1 -48 1 112
 4 -56 1 112
 5 -94 1 112
 1 -44 1 112
 2 -82 1 112
 10 -88 1 112
 3 -55 1 112
 0 29085 0
