112
 0 -54 14 2 3 4 6 7 8 10 11 12 13 15 17 22 24
 7 -64 8 48 33 28 25 23 20 18 5
 10 -8 7 45 43 27 26 25 20 9
 3 -47 13 52 48 45 43 41 38 37 36 35 33 29 25 18
 6 -75 13 52 45 44 41 40 38 37 36 35 32 30 29 21
 5 -11 6 48 45 36 20 16 14
 1 -92 12 52 51 45 44 43 37 36 35 34 33 29 19
 3 -10 8 45 44 37 36 34 30 28 18
 10 -70 12 55 52 51 44 41 40 38 37 35 34 33 29
 4 -78 9 52 51 50 42 41 40 38 36 20
 4 -48 11 56 55 52 48 46 44 41 40 39 38 37
 3 -92 10 63 55 54 49 47 44 42 35 34 31
 5 -71 7 62 59 54 46 42 36 28
 8 -72 9 63 62 57 52 46 44 43 39 33
 5 -59 9 63 59 58 56 54 49 44 39 37
 10 -52 8 65 62 54 50 49 47 41 35
 1 -96 13 72 70 65 62 59 58 56 55 52 51 49 42 39
 8 -23 12 75 67 63 62 61 59 55 51 50 49 46 40
 4 -49 11 63 61 60 59 56 55 50 48 47 42 40
 4 -66 4 55 37 35 34
 4 -13 7 57 54 47 43 42 39 34
 3 -35 7 63 62 61 55 51 41 33
 10 -82 9 67 62 59 57 56 51 47 46 39
 7 -28 11 75 67 63 62 61 59 57 53 51 47 46
 2 -89 11 72 67 65 63 62 61 59 58 56 53 44
 2 -34 8 72 70 62 54 52 51 42 39
 7 -4 8 72 65 63 61 58 57 44 41
 3 -41 4 70 58 47 35
 1 -7 12 77 72 70 64 63 62 61 59 58 54 53 42
 5 -16 10 77 65 63 62 60 56 54 53 47 42
 4 -85 8 72 70 59 57 53 50 45 43
 6 -71 12 78 77 75 72 70 67 65 64 62 61 54 53
 2 -48 9 77 72 60 59 58 56 54 53 42
 2 -26 7 78 75 67 66 60 56 46
 4 -36 5 77 67 57 56 39
 9 -31 10 75 72 70 68 66 65 63 57 56 55
 3 -38 7 70 67 65 62 60 57 47
 3 -2 9 75 72 71 70 68 63 59 58 49
 8 -82 9 88 86 80 78 75 64 61 60 53
 10 -86 8 86 78 77 72 71 65 54 53
 2 -15 7 80 77 71 70 64 59 53
 3 -75 10 88 80 78 75 74 71 69 68 67 66
 1 -90 6 78 68 66 64 60 56
 5 -21 11 88 86 82 80 78 77 75 71 70 68 60
 3 -61 10 88 81 80 78 77 74 71 69 67 66
 7 -68 9 86 77 76 72 71 70 68 65 58
 5 -86 9 92 88 86 80 72 71 68 66 64
 9 -28 8 86 81 77 71 70 69 66 58
 4 -73 6 88 86 80 74 64 57
 3 -34 8 86 81 77 76 74 71 69 58
 10 -6 12 111 88 86 83 82 79 78 77 76 73 71 69
 7 -71 6 95 80 78 74 69 67
 7 -89 4 109 92 68 66
 4 -32 9 111 95 88 87 83 80 79 73 69
 8 -6 9 85 83 82 80 79 77 76 74 71
 1 -21 12 111 95 92 91 90 88 87 86 83 81 80 73
 4 -100 8 111 95 83 82 79 78 76 69
 7 -89 10 111 109 95 92 91 84 83 80 79 73
 8 -77 7 95 90 88 86 82 73 69
 4 -44 6 87 85 83 79 74 69
 2 -91 7 111 91 87 82 79 73 71
 5 -53 14 111 105 103 95 94 93 92 91 90 89 86 85 84 83
 10 -80 10 95 94 93 92 91 86 84 83 78 74
 8 -20 9 110 109 95 91 83 82 81 79 73
 1 -38 10 109 94 93 92 90 88 87 84 83 74
 6 -67 9 111 106 95 91 89 84 82 79 76
 6 -88 7 110 91 90 87 86 83 73
 1 -47 8 110 105 95 87 85 83 81 79
 6 -73 13 109 107 106 105 104 103 102 100 93 92 91 89 84
 9 -58 14 110 109 108 106 105 104 103 102 100 99 95 93 91 90
 2 -49 13 110 109 106 105 103 102 101 100 99 98 95 93 90
 7 -60 9 109 105 104 103 101 95 94 89 83
 2 -93 9 108 107 105 103 100 94 93 89 85
 6 -37 12 111 110 107 106 104 103 102 101 100 98 97 89
 8 -94 11 109 108 107 106 104 103 101 100 98 94 89
 9 -78 8 105 104 103 102 101 98 93 87
 8 -11 7 106 103 102 100 95 93 84
 9 -80 11 110 108 106 105 103 101 100 99 98 97 96
 2 -48 8 104 103 100 99 98 96 94 90
 10 -30 8 110 108 106 105 102 98 97 89
 9 -34 6 104 102 100 98 93 89
 10 -36 7 105 104 102 101 100 99 98
 9 -58 5 107 102 100 98 96
 4 -12 5 110 101 98 97 96
 4 -58 5 106 104 101 97 96
 6 -6 5 109 102 101 97 96
 4 -6 3 108 100 99
 1 0 3 105 99 97
 1 -15 2 99 96
 7 -26 2 107 97
 1 -68 2 101 98
 2 -40 2 108 96
 4 -41 1 96
 1 -69 1 97
 3 -80 1 97
 7 -32 1 112
 1 -67 1 112
 2 -64 1 112
 2 -29 1 112
 2 -4 1 112
 7 -94 1 112
 1 -17 1 112
 1 -43 1 112
 3 -18 1 112
 10 -1 1 112
 10 -65 1 112
 8 -39 1 112
 10 -96 1 112
 2 -79 1 112
 10 -89 1 112
 8 -40 1 112
 0 27990 0
