112
 0 -56 7 2 3 4 6 8 11 12
 10 -28 6 20 16 15 10 9 5
 1 -44 7 24 22 20 16 15 14 13
 2 -35 5 33 25 24 15 7
 5 -51 10 33 30 27 25 24 23 21 19 18 17
 10 -1 7 27 25 23 20 19 18 16
 3 -24 6 30 27 22 19 18 16
 9 -65 7 33 28 27 25 24 22 21
 5 -74 7 37 33 30 27 26 25 18
 8 -34 5 30 27 25 21 18
 3 -57 6 35 30 28 27 22 21
 4 -59 3 23 21 17
 9 -34 4 37 30 26 18
 4 -83 7 39 37 33 32 28 27 26
 3 -43 6 39 35 32 30 28 26
 8 -31 4 39 35 29 21
 3 -1 5 39 35 32 28 26
 5 -54 8 47 41 39 35 34 32 31 28
 6 -86 6 38 37 35 32 29 26
 3 -91 11 44 41 40 39 38 37 35 34 33 32 31
 1 -32 4 38 37 32 26
 5 -68 9 48 47 43 41 40 39 38 34 31
 3 -25 9 48 47 44 43 41 40 38 37 31
 2 -96 9 48 47 43 41 40 38 37 36 34
 5 -24 8 53 47 44 41 39 36 35 34
 2 -99 6 48 47 44 41 34 31
 2 -69 6 48 47 41 40 38 34
 10 -19 3 43 38 29
 5 -15 8 50 49 48 46 45 44 42 40
 5 -52 8 50 49 48 46 45 44 42 40
 2 -55 4 53 49 45 36
 10 -35 7 58 52 49 48 46 45 43
 2 -30 6 53 50 49 46 45 42
 8 -75 5 50 49 46 45 42
 7 -35 5 51 50 48 45 42
 1 -12 6 59 57 56 50 46 42
 5 -92 5 53 50 49 46 45
 2 -70 7 63 59 58 57 56 49 46
 4 -89 4 57 50 49 42
 8 -86 8 68 59 58 57 54 53 52 51
 8 -51 3 56 52 46
 8 -32 7 68 63 61 58 55 54 52
 10 -76 6 68 62 60 54 53 51
 6 -36 5 68 58 54 52 51
 10 -84 6 70 63 60 59 57 56
 1 -88 5 68 62 60 54 51
 2 -9 5 62 60 58 54 51
 6 -26 7 70 68 64 63 62 60 59
 9 -7 3 68 62 51
 2 -84 7 68 67 64 63 62 60 55
 7 -39 4 65 64 61 55
 2 -91 5 71 70 67 62 60
 6 -38 4 71 69 67 63
 3 -66 7 84 79 75 73 71 65 64
 1 -55 5 84 71 70 69 66
 10 -12 2 68 61
 4 -91 3 67 64 62
 1 -69 6 84 79 77 74 67 66
 3 -21 6 84 79 77 73 71 65
 10 -39 4 84 72 69 66
 8 -13 5 84 77 71 67 66
 7 -54 4 84 74 72 66
 3 -63 4 84 80 74 66
 4 -98 6 89 87 82 77 74 72
 2 -88 2 74 67
 7 -30 5 87 85 78 75 73
 6 -56 4 89 87 82 72
 7 -49 4 87 82 74 72
 3 -43 6 87 86 79 77 75 74
 8 -17 6 87 86 81 80 77 76
 7 -76 2 82 72
 1 -40 6 88 86 83 81 80 78
 7 -27 5 90 89 88 86 76
 8 -89 4 94 90 83 78
 7 -48 9 104 100 97 95 94 92 91 90 89
 9 -62 5 95 93 92 83 82
 2 -57 7 100 99 94 93 91 90 83
 10 -18 8 104 100 99 97 95 93 92 91
 10 -17 4 93 91 90 82
 2 -92 7 104 99 97 95 92 91 90
 5 -86 4 104 94 91 85
 3 -35 6 104 103 100 99 96 94
 9 -38 6 111 109 104 101 97 96
 9 -62 4 111 109 94 91
 5 -68 5 110 103 101 99 95
 9 -96 4 111 110 104 91
 5 -85 5 109 104 103 96 94
 3 -31 3 103 99 94
 4 -48 3 102 99 93
 7 -98 4 109 103 101 96
 9 -93 3 103 101 96
 1 -3 6 111 109 108 107 103 102
 5 -39 5 111 110 109 105 98
 9 -17 3 110 102 98
 7 -82 3 111 105 98
 1 -86 2 102 98
 4 -60 3 110 103 102
 3 -79 3 108 107 106
 5 -50 3 109 107 105
 10 -82 1 101
 7 -87 1 102
 10 -57 1 105
 5 -24 1 106
 9 -79 1 106
 4 -87 1 112
 8 -58 1 112
 3 -16 1 112
 10 -13 1 112
 9 -88 1 112
 3 -44 1 112
 7 -17 1 112
 0 29440 0
