112
 0 -74 17 2 3 4 5 6 7 8 9 10 11 12 14 16 18 20 23 27
 8 -32 11 48 37 34 29 28 26 24 22 19 15 13
 10 -51 9 42 36 34 30 28 21 19 17 13
 10 -67 8 48 42 31 29 24 22 21 13
 3 -56 6 48 40 24 21 19 13
 9 -49 13 56 51 45 40 39 38 36 35 34 31 30 26 25
 7 -88 9 51 50 48 40 34 33 25 21 19
 10 -35 10 56 55 51 48 45 40 39 33 26 21
 3 -88 8 48 42 40 39 37 32 31 21
 7 -58 8 56 48 39 34 33 30 29 21
 6 -52 13 62 54 53 51 50 49 48 44 39 38 37 35 31
 10 -89 14 68 63 56 51 48 46 45 44 43 40 38 35 33 29
 5 -28 12 62 57 56 50 49 45 43 39 38 35 33 25
 7 -62 15 63 62 61 60 57 56 55 47 44 43 42 41 40 33 30
 4 -37 6 56 51 50 45 40 21
 9 -21 8 78 62 53 49 42 37 35 31
 7 -28 13 61 57 55 54 53 49 48 47 46 44 43 41 39
 10 -91 11 62 60 57 54 53 51 49 46 43 38 35
 3 -91 7 78 62 60 53 49 35 31
 3 -35 6 62 57 49 48 43 25
 6 -98 11 78 62 61 60 57 53 49 46 43 38 35
 5 -47 7 62 60 57 51 47 35 30
 5 -62 11 68 63 60 57 56 53 51 47 46 43 35
 1 -98 9 60 56 55 54 53 51 50 46 35
 4 -32 7 60 54 53 47 46 44 41
 7 -55 11 78 73 70 68 65 62 58 54 53 50 47
 2 -22 11 73 68 66 63 61 60 58 57 55 54 46
 5 -5 13 91 78 73 68 67 66 65 64 61 60 58 57 50
 3 -28 8 78 64 62 61 57 52 47 41
 4 -89 10 73 70 68 66 65 58 54 53 50 46
 2 -25 7 68 61 57 55 47 46 43
 1 -34 8 73 67 65 64 58 57 52 51
 3 -71 7 78 73 66 58 54 53 52
 3 -27 6 78 70 67 53 52 49
 6 -43 5 67 66 64 59 41
 8 -72 8 71 68 67 66 63 58 53 52
 3 -47 6 71 70 68 60 52 47
 3 -80 5 71 70 65 52 47
 9 -21 8 92 91 78 68 67 64 58 52
 3 -26 7 92 91 78 66 65 58 52
 10 -74 14 92 91 90 85 82 76 75 73 72 71 70 69 65 58
 6 -13 7 92 85 75 70 69 58 54
 6 -48 11 92 91 85 82 75 72 71 70 69 65 58
 7 -67 11 92 82 78 76 75 74 72 70 67 65 64
 7 -20 9 92 91 89 85 78 70 67 60 59
 1 -32 5 92 74 71 67 52
 5 -30 14 111 97 92 91 89 85 81 79 77 76 75 72 67 66
 2 -84 8 97 91 89 76 74 67 60 59
 1 -3 7 90 77 72 69 68 64 63
 9 -95 3 92 71 52
 7 -95 10 97 93 91 85 79 78 77 76 74 61
 10 -95 7 97 90 85 79 76 69 59
 10 -97 7 97 92 91 90 89 82 59
 8 -21 7 91 82 77 76 74 67 64
 1 -87 12 111 93 92 91 90 89 85 83 77 75 72 71
 4 -68 6 97 89 82 79 71 59
 9 -46 8 111 96 95 90 83 82 76 70
 6 -26 11 111 110 109 97 96 95 83 81 79 77 74
 5 -97 10 111 96 95 93 83 81 80 77 75 72
 1 -31 10 107 96 95 94 90 87 82 80 79 75
 5 -3 10 111 106 96 95 92 90 89 83 81 80
 5 -86 10 111 110 97 95 94 93 91 87 79 74
 8 -79 8 109 96 95 93 91 82 81 76
 9 -78 7 111 109 97 88 83 79 71
 8 -31 10 111 107 106 105 96 95 89 87 83 81
 9 -73 7 96 94 93 87 83 82 74
 5 -53 10 110 107 106 103 95 94 90 88 87 83
 7 -46 11 109 108 107 106 105 97 96 94 87 86 84
 7 -24 10 111 108 106 103 100 99 98 93 89 87
 6 -4 8 108 106 97 94 93 87 86 84
 10 -61 6 107 104 96 95 81 80
 9 -63 8 110 109 108 107 106 88 87 84
 8 -83 8 110 107 106 96 95 94 87 86
 6 -15 4 106 104 88 80
 10 -30 6 109 106 105 104 86 84
 1 -92 4 106 105 104 80
 8 -96 3 107 87 86
 7 -89 3 95 86 84
 3 -92 8 108 106 103 102 101 100 99 98
 9 -31 2 86 84
 9 -19 4 108 100 94 86
 7 -55 4 110 106 98 88
 8 -21 1 84
 6 -12 5 102 101 100 99 98
 5 -39 4 105 104 100 95
 4 -88 3 103 99 98
 5 -69 3 104 102 101
 3 -99 3 105 101 100
 2 -64 3 110 109 104
 2 -45 3 109 99 98
 9 -67 3 108 106 98
 6 -19 3 107 105 103
 7 -14 2 107 105
 3 -50 1 98
 4 -59 1 99
 3 -93 1 100
 7 -64 1 98
 1 -47 1 112
 3 -1 1 112
 4 -21 1 112
 8 -100 1 112
 5 -29 1 112
 6 -19 1 112
 4 -30 1 112
 7 -19 1 112
 5 -96 1 112
 10 -18 1 112
 8 -49 1 112
 6 -69 1 112
 2 -35 1 112
 1 -49 1 112
 0 29155 0
