112
 0 -22 12 2 3 5 6 7 8 9 10 13 14 16 22
 6 -38 5 28 26 19 11 4
 6 -42 12 37 31 29 27 26 25 24 21 20 18 12 11
 8 -74 13 39 37 36 35 29 25 24 23 21 20 18 17 15
 10 -95 7 43 40 37 34 31 26 12
 7 -54 12 47 41 40 38 36 35 34 33 29 28 25 24
 7 -5 12 51 49 47 45 43 40 35 34 33 31 28 24
 5 -36 6 52 41 36 23 20 17
 9 -14 8 58 52 49 41 34 33 31 20
 5 -64 8 49 47 44 40 38 35 23 21
 9 -78 14 54 52 51 49 48 47 45 44 41 40 39 38 36 32
 7 -78 10 52 49 45 41 39 38 36 35 30 23
 8 -18 6 52 49 43 37 36 18
 5 -12 8 64 42 41 38 35 30 29 25
 7 -62 11 54 52 49 47 45 44 42 41 40 38 30
 8 -92 8 54 52 47 45 42 40 39 24
 6 -86 9 64 55 48 44 43 38 34 33 32
 8 -78 10 64 61 58 51 50 48 45 41 40 33
 1 -73 9 64 61 52 49 45 42 41 40 35
 2 -21 10 61 55 54 51 50 48 47 45 42 40
 5 -26 8 64 55 51 50 45 43 42 34
 7 -84 8 66 64 61 60 51 45 41 33
 10 -5 9 69 66 61 60 58 53 51 50 33
 2 -65 6 61 56 55 48 44 32
 4 -72 11 68 63 62 61 58 55 51 50 49 46 45
 2 -84 8 66 60 53 50 48 47 46 41
 1 -35 7 58 54 53 51 42 41 38
 7 -30 12 69 66 63 62 61 60 57 56 53 52 50 46
 4 -24 11 70 69 68 66 63 62 61 57 54 49 46
 1 -51 10 75 69 68 61 60 58 55 53 48 46
 4 -61 5 66 61 56 44 38
 1 -38 10 69 68 66 62 60 58 57 53 50 46
 4 -82 5 70 62 54 46 42
 6 -11 8 77 75 69 63 62 61 53 46
 4 -9 8 79 70 69 68 60 58 54 48
 10 -29 9 77 75 73 71 69 62 61 60 46
 3 -36 10 85 79 77 74 69 62 61 59 57 51
 5 -22 13 85 79 77 76 75 74 69 68 67 62 60 59 57
 9 0 9 79 75 74 69 62 61 60 59 53
 3 -63 7 77 75 73 70 66 60 46
 2 -59 10 85 80 79 71 70 68 67 65 56 55
 6 -100 9 91 85 79 68 67 65 63 57 56
 8 -74 9 91 77 75 74 73 60 59 58 53
 6 -70 5 77 75 73 70 46
 9 -42 7 80 79 77 75 69 59 53
 1 -36 11 91 90 85 80 79 78 76 74 67 65 59
 3 -39 12 108 90 84 83 77 75 74 70 69 67 65 64
 2 -70 11 91 88 85 80 77 76 74 67 65 63 62
 10 -22 7 91 80 74 73 65 60 56
 10 -51 12 110 108 92 91 90 79 78 77 76 75 73 65
 10 -55 13 111 108 92 91 90 88 87 81 76 75 73 71 67
 8 -62 12 111 107 91 90 89 87 84 81 80 79 72 70
 10 -16 11 108 105 92 90 87 85 78 76 71 70 65
 6 -22 11 92 91 90 88 83 81 80 77 75 71 67
 4 -49 10 111 110 92 91 87 84 82 78 76 72
 3 -73 11 111 110 108 104 90 86 84 81 77 76 75
 6 -30 12 111 107 105 92 90 88 84 83 82 80 78 71
 6 -4 10 110 108 105 103 90 85 83 82 76 65
 9 -93 10 110 104 102 92 89 88 87 84 82 72
 7 -84 14 110 107 106 105 104 102 98 93 90 89 88 87 86 84
 9 -37 11 110 107 106 105 93 91 89 87 83 82 80
 3 -96 13 111 110 109 107 106 105 104 102 99 93 89 87 83
 10 -71 6 108 104 103 84 78 73
 4 -73 7 110 104 93 87 82 81 76
 10 0 9 111 107 104 102 101 93 89 86 81
 7 -42 8 109 107 105 104 93 89 86 82
 3 -30 14 110 107 106 105 104 103 102 101 100 98 97 96 95 93
 6 -60 9 110 108 104 103 102 95 93 89 83
 4 -98 6 102 93 92 91 87 81
 3 -74 10 110 106 104 103 102 100 99 98 96 88
 5 -57 8 109 104 103 99 98 93 89 86
 2 -66 8 109 108 105 99 97 93 86 83
 4 -76 7 106 105 100 95 93 83 82
 5 -11 9 107 106 105 103 102 101 100 97 86
 1 -34 6 105 102 96 95 89 82
 3 -28 9 109 107 106 101 98 96 95 94 89
 9 -59 7 102 100 98 97 96 93 87
 6 -37 6 106 102 101 99 98 86
 8 -93 4 100 96 95 82
 2 -46 7 103 102 100 99 98 95 94
 3 -34 6 99 98 97 96 95 94
 3 -24 5 101 99 98 97 94
 1 -44 4 101 98 96 94
 7 -28 4 101 99 96 95
 1 -45 4 97 96 95 94
 3 -70 3 96 95 94
 9 -46 3 103 95 94
 8 -13 3 97 95 94
 9 -96 2 100 97
 1 -41 2 96 95
 5 -32 2 104 96
 3 -49 2 95 94
 1 -69 1 94
 6 -73 1 112
 10 0 1 112
 2 -89 1 112
 5 -66 1 112
 10 -85 1 112
 10 -39 1 112
 8 -35 1 112
 7 -27 1 112
 1 -72 1 112
 4 -15 1 112
 1 -56 1 112
 2 -17 1 112
 2 -78 1 112
 3 -36 1 112
 6 -77 1 112
 8 -63 1 112
 9 -80 1 112
 5 -78 1 112
 0 27925 0
