112
 0 -82 26 2 3 4 5 6 7 8 9 11 12 13 14 15 16 17 18 19 21 22 23 24 25 26 30 35 37
 1 -27 11 64 55 54 53 47 45 43 36 29 20 10
 7 -82 15 74 64 63 60 59 57 56 53 52 47 46 43 42 38 27
 6 -59 16 68 66 64 63 61 60 59 57 55 54 51 48 45 42 36 32
 1 -20 13 77 74 68 66 58 57 53 52 51 47 44 42 31
 7 -28 15 111 89 74 65 63 61 59 57 56 55 52 51 47 42 33
 5 -85 11 77 68 64 54 52 50 46 45 44 42 31
 5 -10 11 64 63 59 57 52 51 47 45 44 42 29
 9 -42 13 74 70 67 59 56 53 50 48 47 44 43 39 28
 6 -34 13 89 86 74 70 68 67 62 59 52 50 44 40 38
 10 -62 13 89 74 67 66 61 57 52 51 50 48 44 42 40
 6 -87 11 74 66 63 62 56 54 48 45 44 38 34
 1 -63 18 111 89 74 73 72 71 69 67 65 60 58 56 55 54 51 49 48 39
 6 -12 20 111 77 74 73 72 70 69 67 65 64 63 62 61 60 59 56 53 52 51 48
 3 -36 15 89 74 73 71 70 69 67 63 62 59 57 52 48 47 41
 3 -14 12 77 76 73 70 68 67 62 57 50 48 40 32
 2 -19 15 77 76 74 73 70 68 67 64 60 59 57 53 51 48 40
 5 -22 18 111 89 88 86 76 73 71 70 69 68 67 64 61 60 57 53 51 46
 1 -82 11 85 77 76 73 70 67 62 61 60 51 32
 8 -43 18 111 109 87 85 76 73 71 70 67 66 65 63 62 61 60 59 57 56
 7 -82 15 110 89 87 77 73 69 65 64 63 60 59 52 51 50 48
 6 -97 13 89 88 87 76 73 72 70 69 67 61 50 48 41
 3 -41 12 84 72 70 68 62 61 60 55 54 53 48 45
 7 -66 10 72 68 65 61 57 56 54 48 45 44
 8 -87 12 88 78 74 72 68 65 62 61 54 51 48 45
 2 -68 13 110 88 87 78 77 76 75 72 69 65 62 48 45
 7 -30 9 108 75 72 71 68 65 55 54 45
 10 -85 17 109 108 107 105 89 88 87 86 78 75 73 72 71 65 60 52 51
 7 -82 15 111 109 106 89 88 87 81 78 72 68 67 65 62 61 48
 9 -37 12 110 108 106 89 87 76 70 65 62 51 50 47
 8 -32 12 111 110 109 89 78 73 67 65 61 60 59 48
 6 -70 22 111 110 109 108 107 106 105 89 88 87 86 83 82 81 79 78 75 74 72 71 69 65
 5 -81 9 86 84 82 77 72 68 67 62 44
 2 -86 17 106 89 88 87 86 85 83 82 81 79 75 73 72 69 68 67 65
 6 -29 14 108 106 88 87 85 76 74 72 71 70 68 65 62 51
 9 -7 15 111 110 109 108 107 106 104 98 88 86 83 82 78 70 52
 5 -59 13 108 107 105 87 85 79 78 76 75 72 69 60 51
 7 -42 12 111 109 108 105 85 78 77 73 72 65 61 51
 9 -81 17 110 109 108 107 106 88 86 84 83 82 81 80 78 76 75 68 62
 4 -30 14 110 109 108 107 105 104 103 82 81 78 72 69 65 63
 6 -96 9 108 106 103 86 78 68 65 64 51
 5 -72 15 108 106 98 88 87 86 85 84 80 78 76 72 70 69 62
 4 -36 15 110 108 107 106 105 104 103 92 86 85 81 78 76 72 65
 8 -54 12 110 109 107 87 85 83 81 79 78 73 71 60
 4 -47 15 111 109 106 103 99 95 94 93 92 89 82 81 80 73 67
 5 -76 11 109 108 105 104 101 94 92 81 79 72 65
 10 -20 15 104 102 101 98 96 95 92 86 85 84 83 82 80 79 72
 5 -12 16 108 105 102 101 100 99 98 97 96 95 92 86 85 83 82 79
 9 -31 13 109 106 105 104 102 99 97 96 93 92 83 79 70
 5 -86 14 111 109 107 99 98 96 95 94 93 92 83 81 80 78
 3 -7 15 104 102 101 100 99 98 96 95 94 92 84 83 82 81 80
 1 -45 11 100 96 95 94 92 85 84 81 80 79 76
 2 -95 11 108 106 103 98 97 92 87 85 82 81 78
 5 -26 11 102 100 98 97 92 87 86 85 83 82 81
 8 -24 13 110 109 106 104 100 99 98 95 94 91 90 88 80
 9 -82 11 108 105 99 98 93 92 91 90 86 80 78
 4 -53 12 110 107 99 98 97 96 94 93 92 91 90 78
 3 -33 10 103 100 96 95 94 93 92 91 82 78
 8 -92 7 107 106 101 91 88 82 75
 10 -60 11 106 103 102 101 99 97 95 94 93 92 91
 2 -55 8 103 100 99 98 96 95 93 75
 8 -46 9 105 103 100 99 96 95 93 92 90
 4 -62 8 106 100 98 95 93 92 91 83
 9 -16 8 109 107 105 101 99 98 92 90
 7 -1 7 102 98 96 95 93 84 80
 4 -81 5 98 94 92 90 79
 3 -47 5 107 105 96 91 90
 1 -49 5 105 98 97 92 90
 9 -38 5 100 96 95 94 93
 2 -64 4 100 95 94 81
 7 -40 4 101 96 93 80
 8 -88 4 100 99 93 90
 9 -39 4 104 101 100 98
 7 -70 4 100 99 95 91
 4 -2 3 104 94 92
 7 -93 3 101 99 93
 9 -26 3 107 94 90
 10 0 2 102 101
 8 -75 2 103 91
 9 -81 1 97
 5 -37 1 91
 6 -10 1 90
 2 -95 1 90
 7 -82 1 97
 1 -39 1 93
 9 -3 1 94
 5 -43 1 95
 4 -69 1 96
 9 -31 1 102
 3 -97 1 112
 10 -87 1 112
 9 -45 1 112
 5 -7 1 112
 6 -83 1 112
 5 -84 1 112
 2 -7 1 112
 5 -34 1 112
 2 -61 1 112
 5 -30 1 112
 10 -77 1 112
 4 -25 1 112
 5 -86 1 112
 3 -7 1 112
 5 -20 1 112
 7 -31 1 112
 4 -75 1 112
 10 -56 1 112
 6 -79 1 112
 1 -67 1 112
 2 -73 1 112
 8 -56 1 112
 0 28585 0
