112
 0 -98 8 2 3 4 5 6 7 9 12
 9 -88 6 22 20 18 15 13 10
 3 -83 6 21 20 15 14 13 11
 8 -99 4 21 15 14 13
 7 -22 9 26 24 22 21 20 19 18 17 16
 9 -82 4 22 21 19 13
 10 -34 3 25 19 8
 6 -36 7 26 24 23 22 21 20 18
 3 -26 6 27 26 24 22 21 17
 9 -37 5 26 24 21 19 16
 7 -73 5 26 24 19 17 16
 9 -64 5 26 24 21 19 17
 9 -23 5 27 26 24 17 16
 8 -66 4 26 22 19 17
 2 -77 6 38 30 26 25 24 19
 3 -43 7 44 36 34 30 28 25 23
 8 -71 6 44 34 30 28 25 23
 2 -53 9 44 37 35 32 31 30 29 28 27
 9 -89 8 44 41 37 36 35 34 28 27
 4 -33 7 44 42 37 35 34 32 27
 7 -85 9 40 39 38 36 34 33 32 31 30
 3 -33 9 44 43 41 39 36 35 34 33 28
 5 -46 9 49 43 40 39 38 37 35 33 32
 10 -96 8 44 43 42 40 39 36 34 32
 10 -69 6 42 40 35 33 31 29
 10 -22 7 48 46 45 44 40 39 34
 8 -57 5 49 43 40 39 33
 10 -78 6 61 50 48 45 42 40
 7 -62 6 54 51 48 46 45 39
 9 -94 6 61 54 50 48 45 42
 8 -24 5 54 53 46 45 41
 2 -69 5 57 54 53 51 41
 5 -20 7 61 55 54 53 48 47 45
 3 -95 6 55 54 53 50 49 47
 3 -47 6 61 54 53 50 47 45
 4 -93 6 61 55 53 48 47 45
 8 -41 8 57 56 55 53 52 51 50 47
 2 -57 4 57 53 50 46
 7 -87 6 61 56 55 53 50 47
 7 -64 6 56 54 53 52 51 47
 7 -50 5 61 56 55 48 47
 2 -99 3 53 51 46
 2 -31 6 62 57 56 55 53 50
 1 -88 9 67 65 64 62 61 57 56 55 52
 3 -28 8 67 65 64 62 59 57 56 52
 4 -35 7 67 65 64 62 56 55 52
 6 -79 11 76 73 71 68 67 66 65 64 62 60 59
 7 -85 5 68 67 59 58 52
 4 -99 4 62 61 56 52
 1 -50 9 76 74 73 71 69 67 64 60 58
 8 -79 9 76 74 73 69 68 67 64 60 58
 5 -3 7 74 73 72 71 69 66 60
 6 -94 8 73 71 70 69 68 66 64 63
 5 -12 6 76 73 71 68 67 65
 5 -56 5 77 73 72 68 59
 1 -12 7 77 76 72 70 69 68 63
 8 -98 7 79 76 72 70 69 66 63
 5 -8 5 82 79 72 66 65
 3 -32 5 79 74 70 69 63
 10 -93 4 79 77 70 63
 9 -75 4 79 74 70 69
 8 -65 4 82 78 77 70
 8 -80 5 87 82 80 78 75
 8 -55 5 87 80 78 77 75
 1 -8 2 78 70
 2 -47 5 87 84 80 78 77
 6 -96 3 84 78 72
 6 -21 9 91 89 88 87 84 83 82 80 79
 9 -38 4 87 85 78 75
 5 -11 3 87 80 75
 2 -16 4 87 84 78 77
 1 -11 9 99 94 91 89 88 87 83 81 80
 8 -23 6 88 87 86 84 79 78
 4 -68 9 99 91 89 88 87 86 84 83 82
 5 -100 9 99 94 91 89 88 86 84 83 81
 2 -32 4 88 87 85 78
 4 -82 6 99 89 88 86 83 81
 8 -60 6 99 98 94 91 89 83
 9 -84 11 111 102 99 98 97 96 95 94 93 92 90
 5 -15 5 111 98 97 86 85
 4 -99 7 111 102 100 98 97 96 93
 10 -50 7 111 102 101 98 97 95 94
 7 -22 6 102 101 97 96 95 90
 4 -55 6 102 101 100 96 95 92
 7 -36 5 101 100 96 95 92
 8 -85 4 100 95 93 92
 8 -50 4 106 100 98 92
 7 -60 6 111 110 109 104 101 96
 9 -92 5 111 107 101 100 95
 6 -45 5 108 107 106 104 100
 1 -48 5 108 107 105 104 100
 1 -46 5 110 109 107 105 104
 3 -98 3 107 106 101
 7 -48 3 106 105 100
 4 -93 3 105 104 103
 3 -27 3 108 106 105
 4 -78 3 110 104 103
 5 -17 2 108 107
 9 -77 2 106 103
 8 -73 1 103
 10 -91 1 103
 10 -88 1 109
 9 -82 1 112
 2 -70 1 112
 3 -74 1 112
 5 -71 1 112
 9 -10 1 112
 10 -87 1 112
 6 -63 1 112
 4 -65 1 112
 1 -14 1 112
 0 32340 0
