112
 0 -93 23 2 3 4 5 6 7 8 9 10 11 12 13 14 15 17 18 19 20 21 23 24 27 29
 4 -25 17 71 68 61 60 55 54 53 50 46 44 42 38 36 35 33 32 31
 6 -21 20 75 71 69 68 67 62 61 59 58 57 55 53 52 50 49 47 42 38 35 31
 7 -52 18 78 75 71 69 60 57 56 54 52 49 47 45 42 41 40 35 34 32
 8 -21 11 71 69 59 57 56 50 42 40 32 22 16
 2 -19 17 79 75 71 69 61 58 57 56 55 50 49 46 40 32 31 30 26
 2 -93 11 75 60 59 54 53 51 50 42 39 28 25
 5 -40 10 75 61 59 55 54 50 39 34 26 25
 6 -82 12 110 78 69 62 60 55 54 49 44 43 34 32
 9 -49 16 111 78 75 71 69 64 62 60 56 54 53 49 47 46 40 32
 3 -45 18 111 110 79 78 75 74 72 69 68 63 62 60 56 54 53 51 47 45
 4 -53 8 111 77 71 61 59 56 34 22
 7 -6 21 111 90 89 76 75 74 73 72 69 68 67 66 65 64 62 59 58 57 56 52 51
 9 -91 19 111 110 89 79 78 77 76 74 72 71 69 68 66 64 62 58 53 52 46
 10 -26 16 110 90 80 78 76 74 71 69 68 67 64 63 62 53 52 35
 9 -10 13 89 78 77 76 75 74 72 68 67 62 54 37 34
 8 -65 13 111 110 78 76 75 74 68 62 58 57 56 53 35
 7 -48 23 111 109 107 90 83 82 79 78 77 76 75 74 72 71 68 66 65 64 60 59 58 57 52
 10 -50 16 110 90 89 78 75 73 72 69 67 64 59 58 55 51 49 48
 1 -13 14 111 89 83 79 73 72 67 64 62 61 54 49 46 40
 9 -72 9 75 71 69 68 64 62 59 58 32
 1 -31 16 110 109 89 81 80 79 75 74 72 68 67 65 64 62 53 49
 9 -63 15 111 89 88 83 79 78 77 76 74 69 67 66 59 57 46
 9 -94 13 111 110 83 79 78 76 74 71 70 69 63 52 41
 9 -9 15 111 90 88 81 80 79 77 76 72 71 69 68 66 56 45
 1 -23 16 111 110 104 90 89 88 81 80 77 76 74 67 66 63 62 53
 9 -65 15 111 90 83 82 80 78 76 74 73 70 66 65 64 63 51
 7 -8 13 110 90 89 88 80 79 77 74 68 66 62 58 55
 4 -37 11 111 110 109 81 72 67 64 62 56 53 49
 6 -12 18 109 108 107 105 103 88 87 83 82 81 78 77 76 73 72 70 68 63
 10 -62 16 109 107 89 88 87 83 81 78 77 76 74 73 66 65 64 63
 7 -94 22 109 108 107 106 105 104 103 101 100 99 90 89 88 86 83 81 80 77 76 73 72 67
 3 -98 16 109 107 106 104 89 88 85 83 82 80 75 70 69 66 65 64
 2 -83 10 109 108 105 104 88 81 80 64 63 53
 6 -88 9 102 89 83 79 72 70 66 65 51
 2 -36 14 110 109 106 105 104 101 90 88 81 80 73 72 70 62
 1 -78 12 110 109 108 106 102 90 88 82 80 79 66 58
 5 -26 11 110 109 108 106 105 102 89 82 72 63 56
 1 -25 20 110 109 107 106 104 103 101 100 99 88 87 86 85 83 82 81 73 70 67 64
 7 -93 18 110 108 107 106 105 104 102 101 100 96 90 88 87 82 81 74 70 63
 9 -67 10 109 104 102 89 88 85 80 68 65 62
 8 -83 14 111 110 108 107 104 100 88 87 83 82 81 66 64 63
 2 -37 11 111 109 104 99 88 81 77 75 74 68 59
 1 -25 9 109 106 102 97 89 85 75 65 56
 8 -61 14 109 107 106 104 103 101 94 87 86 83 82 70 65 64
 6 -64 11 109 106 104 103 102 90 82 81 80 65 63
 7 -95 12 106 103 100 99 90 89 83 82 81 76 73 66
 10 -64 14 107 106 102 101 100 99 96 88 86 85 83 82 81 70
 5 -100 12 108 107 106 104 102 99 88 87 85 82 76 66
 10 -9 11 110 103 102 101 88 85 83 81 78 76 70
 9 -99 15 109 107 106 105 104 103 101 100 96 92 88 86 85 81 77
 6 -64 15 106 105 104 103 102 100 99 96 92 88 87 86 85 84 81
 4 -39 12 107 106 103 101 100 97 96 94 83 82 73 70
 2 -28 10 107 105 104 101 100 99 88 81 80 70
 7 -72 13 111 107 106 104 102 101 99 98 96 91 85 83 82
 8 -84 11 107 104 103 101 100 99 96 94 87 83 70
 5 -28 9 105 103 102 100 99 95 81 80 70
 3 -40 6 104 101 100 81 70 63
 6 -29 13 106 105 102 101 100 98 96 95 93 92 87 85 84
 4 -5 11 106 103 99 96 95 92 87 86 85 84 81
 9 -20 7 108 103 99 95 94 84 66
 7 -18 10 108 107 103 99 98 96 94 87 86 82
 5 -33 7 99 97 95 92 86 85 84
 5 -42 8 102 98 97 96 95 93 92 91
 8 -7 7 108 105 100 99 96 93 84
 3 -46 6 105 101 96 92 91 86
 10 -51 6 98 97 96 93 92 84
 1 -23 5 106 101 96 92 86
 5 -53 5 103 100 94 93 84
 8 -61 4 98 93 92 84
 3 -95 4 102 96 91 85
 10 -7 3 92 85 84
 7 -90 4 102 98 92 91
 10 -73 4 103 94 93 92
 3 -98 4 103 95 92 91
 9 -19 3 97 94 92
 1 -39 3 98 93 91
 3 -100 3 104 100 96
 2 -68 3 95 94 92
 5 -52 2 97 87
 2 -26 2 97 94
 1 -57 2 93 92
 3 -47 2 95 93
 4 -26 1 91
 1 -14 1 94
 1 -46 1 93
 2 -47 1 91
 9 -94 1 95
 2 -76 1 95
 3 -20 1 97
 2 -15 1 112
 5 -7 1 112
 5 -67 1 112
 1 -9 1 112
 2 -44 1 112
 2 -42 1 112
 3 -97 1 112
 3 -44 1 112
 6 -17 1 112
 4 -88 1 112
 1 -69 1 112
 3 -80 1 112
 8 -70 1 112
 5 -44 1 112
 3 -32 1 112
 8 -3 1 112
 1 -45 1 112
 8 -23 1 112
 7 -75 1 112
 2 -98 1 112
 5 -14 1 112
 0 27615 0
