112
 0 -12 5 2 3 4 11 12
 10 -39 4 14 7 6 5
 3 -29 4 22 14 13 8
 1 -34 4 19 16 13 10
 9 -86 6 25 23 22 18 17 16
 2 -74 3 19 16 10
 10 -55 3 17 15 9
 1 -54 5 25 23 18 17 16
 3 -4 7 38 36 33 28 23 22 16
 5 -53 6 28 25 24 23 20 17
 5 -56 6 25 24 23 21 20 17
 8 -40 5 24 23 22 18 17
 7 -3 4 30 23 18 17
 2 -10 4 30 23 18 17
 5 -80 7 38 36 30 28 23 22 20
 8 -16 4 29 24 21 20
 6 -55 7 42 38 36 33 32 31 27
 7 -5 7 42 40 39 36 35 28 26
 10 -86 5 37 32 31 29 24
 1 -14 6 42 40 39 35 31 26
 1 -49 4 42 39 35 26
 6 -13 4 44 35 31 27
 9 -95 8 49 44 43 42 40 39 34 32
 4 -50 6 49 47 44 43 42 30
 4 -60 5 49 44 42 37 29
 3 -75 6 49 44 43 37 34 32
 8 -46 4 51 49 43 29
 2 -79 8 53 51 50 49 47 44 37 34
 6 -96 7 53 50 48 47 40 39 34
 3 -62 8 55 53 51 50 48 41 40 39
 9 -24 5 53 48 47 45 34
 2 -86 9 57 55 54 53 52 51 50 48 47
 6 -60 5 55 53 50 44 41
 7 -14 5 63 58 55 54 41
 1 -85 5 63 60 58 48 41
 4 -87 4 60 52 46 44
 7 -44 6 68 63 58 52 46 45
 1 -18 6 68 58 52 48 46 45
 9 -68 7 68 63 61 60 58 52 46
 6 -2 5 63 59 58 52 45
 6 -70 4 68 61 52 46
 8 -16 4 68 61 52 46
 6 -89 6 63 60 57 56 54 52
 4 -34 4 68 63 58 48
 9 -64 5 64 61 60 57 56
 5 -7 5 65 64 59 57 56
 6 -43 8 74 69 68 67 64 63 62 61
 5 -51 6 74 70 69 64 61 56
 3 -19 5 74 65 58 57 56
 7 -59 4 70 60 59 56
 6 -88 4 70 63 60 56
 9 -15 7 74 70 69 67 65 64 62
 10 -20 6 76 69 68 65 63 58
 2 -63 6 70 69 67 65 64 62
 4 -55 5 78 70 69 66 65
 9 -39 4 73 71 67 62
 7 -23 3 70 69 62
 4 -81 6 78 73 71 70 67 66
 10 -8 8 84 79 78 76 74 73 71 66
 5 -34 6 79 78 76 74 69 67
 5 -16 4 78 73 66 65
 2 -9 7 84 79 78 77 76 75 66
 6 -4 6 84 79 78 73 71 66
 9 -78 6 85 80 79 76 75 73
 8 -76 6 84 81 80 77 75 71
 1 -4 4 87 82 80 72
 3 -85 6 91 84 83 81 77 75
 5 -47 6 91 84 83 82 81 75
 9 -5 5 87 85 84 81 73
 5 -15 4 95 91 79 77
 1 -21 8 95 91 90 89 88 86 85 82
 1 -39 7 95 91 89 88 85 83 81
 4 -13 3 91 82 77
 4 -83 5 90 89 88 87 80
 5 -45 7 96 95 94 89 88 87 86
 4 -88 6 101 96 95 89 88 86
 10 -56 5 101 90 89 88 86
 7 -64 4 97 90 88 81
 6 -1 3 90 88 81
 5 -43 3 101 94 86
 6 -63 7 103 102 101 96 94 93 92
 5 -63 7 103 102 101 96 94 93 92
 2 -9 3 101 92 90
 4 -53 5 102 98 96 94 92
 6 -75 7 108 105 101 100 98 97 96
 10 -12 6 103 102 99 98 97 92
 4 -78 8 111 108 105 102 101 100 99 98
 9 -36 7 111 108 105 102 100 99 98
 3 -14 3 105 98 93
 9 -75 4 103 102 100 96
 6 -98 5 110 108 105 99 98
 5 -85 5 111 110 108 105 104
 2 -19 4 111 110 100 99
 6 -70 3 105 100 99
 5 -74 3 110 104 99
 1 -21 2 110 99
 9 -5 3 111 110 106
 6 -80 2 107 104
 10 -78 2 107 106
 6 -86 2 107 106
 9 -40 2 107 106
 3 -28 2 110 109
 3 -4 2 111 109
 8 -73 1 106
 1 -92 1 107
 3 -65 1 109
 9 -30 1 109
 4 -84 1 109
 8 -94 1 112
 5 -29 1 112
 3 -29 1 112
 0 26250 0
