122
 0 -54 10 2 3 4 5 6 7 8 9 10 12
 1 -53 10 27 26 23 22 20 19 18 17 14 11
 1 -59 7 26 18 17 15 14 13 11
 7 -37 8 26 24 23 22 20 18 16 11
 5 -38 8 27 26 24 23 22 21 20 18
 3 -41 7 27 26 25 24 22 21 20
 4 -67 5 36 33 26 15 14
 10 -81 5 36 27 24 18 16
 4 -71 5 36 33 31 25 14
 7 -10 8 36 35 33 30 29 27 26 24
 3 -94 6 36 35 32 31 28 21
 5 -29 6 37 35 33 31 29 24
 9 -93 6 36 32 31 30 28 25
 5 -60 5 37 35 30 29 24
 9 -44 5 41 40 35 32 27
 4 -76 3 32 29 25
 10 -10 6 38 37 34 33 32 29
 7 -81 5 41 35 34 33 28
 9 -46 5 41 35 34 32 28
 10 -25 6 42 40 37 34 32 30
 4 -66 5 40 37 34 33 29
 4 -95 5 40 38 36 34 29
 7 -71 4 35 32 30 28
 6 -72 4 38 34 32 28
 6 -100 5 55 42 37 35 34
 5 -80 10 55 46 45 44 42 41 40 39 38 37
 3 -66 5 55 42 38 37 34
 5 -60 9 55 48 47 46 45 43 42 40 39
 10 -91 8 55 51 46 45 44 43 42 41
 9 -69 8 64 60 55 49 47 45 43 38
 6 -90 6 55 48 45 43 42 39
 4 -98 7 60 55 49 48 46 44 39
 5 -25 10 64 60 56 55 51 49 48 45 44 43
 8 -52 6 49 47 46 45 43 39
 8 -68 5 60 52 44 43 38
 5 -29 10 66 60 57 56 55 53 52 51 50 49
 6 -5 6 66 60 51 49 48 43
 5 -97 7 66 57 56 54 51 50 48
 6 -36 8 66 64 62 59 57 56 53 51
 2 -88 8 67 66 65 62 60 59 54 50
 3 -67 6 59 58 56 54 52 48
 7 -13 6 66 61 60 59 58 49
 4 -66 7 65 62 61 59 58 57 54
 8 -49 7 68 65 62 58 57 54 53
 9 -83 6 65 62 59 54 52 50
 2 -67 4 66 54 52 50
 1 -65 5 80 66 58 54 52
 7 -100 4 73 68 62 53
 6 -82 4 68 67 62 54
 7 -19 7 80 75 73 69 63 61 58
 1 -36 7 80 73 69 68 63 61 58
 10 -23 7 76 75 73 72 68 63 61
 1 -66 5 75 69 67 63 61
 2 -21 6 75 73 72 70 69 63
 8 -91 6 80 76 75 71 68 61
 5 -24 5 80 76 74 71 61
 7 -60 7 83 80 78 76 73 72 67
 9 -39 8 90 85 83 78 77 76 74 70
 4 -49 6 83 82 80 78 76 68
 7 -71 6 90 83 78 76 75 68
 6 -14 8 90 89 85 84 83 78 77 70
 10 -62 8 89 86 84 83 80 78 77 72
 3 -47 7 86 83 82 79 78 74 71
 6 -72 6 87 82 78 74 71 69
 10 -98 7 89 87 86 82 78 77 71
 7 -59 4 90 84 78 68
 4 -35 6 89 87 86 85 84 77
 7 -9 5 89 86 85 79 77
 3 -91 5 90 89 88 85 76
 1 -87 5 88 86 82 81 79
 4 -65 7 94 92 90 88 85 84 81
 8 -94 5 104 88 85 81 79
 1 -47 7 96 94 90 88 87 85 84
 3 -5 6 113 92 89 88 84 81
 7 -58 3 89 84 79
 6 -43 7 113 102 96 94 93 86 84
 5 -3 5 113 94 92 88 81
 10 -73 10 113 104 102 100 96 95 94 92 91 88
 2 -77 8 113 102 97 95 94 93 92 87
 6 -89 7 104 100 95 93 92 90 88
 6 -91 10 121 107 101 100 99 97 96 95 93 91
 6 -64 9 113 107 103 102 100 99 97 94 92
 4 -39 7 113 104 103 101 100 94 93
 2 -93 6 104 101 99 98 95 91
 10 -79 6 121 113 102 100 99 93
 7 -48 5 107 104 100 97 92
 3 -36 5 121 107 100 99 98
 4 -6 7 121 120 112 110 107 103 97
 5 -78 5 112 106 102 101 94
 7 -68 7 121 120 119 113 112 110 99
 7 -42 7 120 119 112 110 108 105 103
 2 -66 5 119 112 111 106 101
 9 -2 4 120 111 105 98
 8 -92 6 121 120 119 109 108 105
 6 -81 4 119 106 105 103
 4 -27 5 120 119 115 110 108
 9 -86 4 119 109 108 105
 7 -93 5 119 117 116 112 108
 3 -69 3 111 108 106
 7 -44 5 120 118 115 114 110
 5 -26 3 115 108 105
 10 -55 5 118 117 116 115 111
 6 -98 4 117 116 111 109
 9 -46 5 120 119 117 116 115
 3 -26 4 118 117 116 114
 2 -16 2 116 109
 9 -64 3 117 115 114
 5 -85 2 118 114
 4 -77 2 115 114
 4 -21 2 117 116
 4 -93 1 114
 2 -17 1 115
 4 -6 1 114
 7 -54 1 122
 6 -61 1 122
 6 -64 1 122
 8 -82 1 122
 7 -88 1 122
 10 -32 1 122
 8 -8 1 122
 7 -92 1 122
 0 -30731 0
