122
 0 -82 7 2 3 4 5 6 7 18
 5 -65 6 17 16 14 13 9 8
 3 -19 6 22 17 16 13 12 11
 2 -85 7 34 26 25 22 21 15 11
 4 -18 5 24 22 21 17 10
 5 -24 6 27 26 25 24 23 20
 3 -37 5 26 25 24 21 12
 3 -13 6 37 30 28 22 21 19
 2 -47 8 34 32 30 28 26 25 23 21
 7 -66 10 44 40 37 35 34 32 31 30 29 28
 10 -90 6 32 30 29 28 24 23
 2 -73 6 49 34 30 29 27 23
 6 -34 6 34 31 30 29 24 23
 8 -37 5 31 30 28 24 23
 2 -1 9 44 40 39 38 37 35 30 28 27
 1 -57 8 40 39 37 34 30 29 28 27
 6 -82 5 38 31 28 25 23
 9 -74 7 44 38 37 31 30 28 27
 2 -86 6 40 35 34 32 31 25
 2 -62 6 44 34 31 30 29 28
 3 -16 6 44 43 42 35 31 29
 9 -68 5 48 44 43 33 27
 8 -86 10 48 45 44 43 41 40 39 37 36 35
 3 -4 11 52 49 48 46 45 44 43 42 41 40 38
 6 -26 8 48 47 46 44 43 42 36 33
 1 -93 9 51 49 46 45 43 42 41 38 36
 3 -26 4 46 45 42 32
 6 -93 5 57 52 48 47 33
 7 -66 6 51 50 45 41 38 36
 4 -50 8 67 57 54 51 47 46 45 43
 9 -16 8 67 61 54 53 52 49 48 39
 9 -5 6 58 51 50 47 41 36
 5 -77 5 54 50 49 45 41
 1 -86 5 58 52 47 42 41
 1 -47 11 74 67 66 62 58 57 55 54 53 52 47
 2 -51 11 74 67 66 62 61 60 56 55 54 53 52
 4 -89 9 66 62 61 60 59 56 53 51 46
 7 -84 8 74 69 66 58 57 55 54 47
 4 -18 7 69 66 60 59 51 50 46
 4 -61 8 74 67 62 61 60 58 55 53
 4 -75 7 74 67 61 60 59 55 53
 8 -17 10 79 78 74 67 66 62 61 60 59 57
 9 -54 5 66 61 60 56 50
 5 -33 7 69 67 65 62 61 59 55
 9 -53 9 79 78 74 69 68 66 61 59 56
 6 -37 6 82 74 72 71 58 55
 8 -67 7 79 78 68 63 61 60 56
 2 -88 5 82 78 66 63 51
 10 -53 8 81 80 78 74 71 69 62 58
 5 -53 4 82 65 62 55
 1 -66 9 80 79 76 74 73 71 70 65 64
 6 -80 8 82 80 78 73 72 70 68 64
 10 -24 8 80 78 72 70 69 68 65 64
 1 -74 5 80 73 68 64 59
 9 -18 5 80 79 78 73 63
 7 -28 6 80 76 73 71 65 64
 2 -20 5 80 73 70 68 64
 1 -51 5 79 70 68 65 64
 5 -72 6 81 77 76 75 71 70
 3 -6 4 80 76 71 65
 7 -95 5 82 77 76 75 70
 4 -67 3 77 72 68
 7 -68 2 70 64
 7 -65 6 87 86 85 83 77 75
 2 -57 6 87 86 85 83 77 75
 1 -28 5 89 86 81 75 72
 9 -56 4 89 83 80 70
 8 -97 4 89 87 76 75
 8 -86 4 87 85 84 76
 4 -3 6 92 91 87 86 85 84
 1 -9 6 92 90 89 88 86 85
 3 -9 6 92 91 90 88 87 85
 10 -84 5 88 86 85 83 81
 10 -33 5 92 88 87 86 85
 2 -95 6 100 98 94 92 91 84
 6 -11 5 92 91 90 86 83
 5 -36 7 100 99 97 94 90 89 88
 7 -51 5 102 96 92 90 87
 6 -47 5 102 96 92 90 87
 6 -61 5 100 99 96 90 88
 2 -95 7 102 100 98 96 94 93 92
 1 -23 7 102 100 98 97 96 95 92
 3 -42 6 102 100 99 98 96 95
 9 -44 4 105 97 96 88
 1 -25 7 110 105 102 98 97 96 94
 8 -47 7 121 120 108 104 100 99 95
 3 -81 7 121 120 108 104 101 100 97
 3 -76 5 121 108 102 95 93
 7 -45 4 108 102 96 95
 10 -73 3 98 95 93
 4 -72 7 121 120 110 108 104 101 97
 2 -32 6 121 120 107 104 101 99
 7 -49 7 120 117 110 107 106 104 103
 2 -30 7 121 120 117 107 106 104 103
 7 -57 4 110 107 106 101
 8 -21 7 121 120 117 114 109 104 103
 2 -62 6 119 117 109 107 106 103
 9 -31 7 120 119 118 112 109 108 107
 10 -1 5 117 114 109 106 103
 10 -100 5 117 116 110 107 105
 6 -55 4 117 115 109 103
 3 -64 6 119 117 114 112 111 109
 6 -16 5 118 116 113 112 111
 9 -61 4 119 116 113 111
 1 -72 1 106
 1 -35 3 115 112 111
 4 -21 2 114 111
 8 -39 2 115 114
 7 -86 1 113
 9 -13 1 111
 9 -44 1 122
 9 -96 1 122
 2 -71 1 122
 9 -48 1 122
 9 -49 1 122
 6 -88 1 122
 10 -33 1 122
 3 -46 1 122
 4 -100 1 122
 9 -76 1 122
 3 -51 1 122
 0 31555 0
