112
 0 -54 7 2 3 4 5 6 8 15
 7 -94 10 23 21 20 18 17 16 14 13 12 9
 5 -21 6 23 17 14 10 9 7
 1 -32 8 23 21 18 17 14 13 12 9
 3 -71 7 21 20 18 17 16 13 9
 1 -2 7 23 21 17 16 13 12 11
 8 -20 4 31 19 16 11
 4 -99 8 31 30 29 27 25 22 20 18
 3 -52 2 19 11
 1 -7 7 31 30 29 27 21 20 18
 5 -16 9 38 32 30 29 28 27 26 25 22
 3 -46 8 32 29 28 27 26 25 22 19
 1 -56 8 38 32 31 28 27 26 25 22
 4 -29 9 40 38 35 32 31 30 27 26 24
 4 -31 8 38 35 32 29 27 26 25 24
 9 -57 9 42 40 38 35 32 30 27 26 24
 1 -12 8 45 42 38 35 32 29 26 24
 9 -47 5 38 35 32 28 26
 3 -91 6 45 42 40 38 34 24
 1 -8 5 46 45 38 32 26
 6 -97 6 45 40 37 35 33 32
 9 -25 3 35 34 24
 2 -13 6 52 46 42 40 37 33
 4 -25 5 52 46 41 37 33
 2 -85 5 46 42 40 34 33
 9 -24 4 52 41 34 33
 3 -68 6 52 47 45 41 39 36
 2 -28 6 47 46 42 40 37 36
 8 -11 3 52 40 33
 8 -91 2 52 33
 2 -12 4 47 42 39 36
 3 -75 5 52 47 44 41 39
 9 -79 3 47 39 36
 5 -21 3 47 39 36
 10 -62 5 56 53 49 44 39
 8 -27 9 65 58 57 56 55 53 51 49 44
 6 -51 9 65 60 58 57 55 51 50 49 48
 4 -33 8 60 58 57 56 55 53 50 49
 10 -39 6 65 64 59 58 55 43
 4 -2 5 58 55 53 49 43
 8 -33 8 65 62 60 58 57 56 51 49
 9 -17 4 64 58 49 43
 3 -8 6 66 62 60 57 51 48
 10 -84 3 60 50 48
 6 -10 5 66 64 62 51 48
 6 -99 6 66 64 63 62 59 55
 8 0 7 70 68 67 65 61 60 57
 1 -99 4 67 63 61 54
 5 -14 4 66 61 59 54
 9 -28 7 87 67 66 64 63 62 61
 8 -62 7 87 73 70 69 68 67 61
 4 -16 3 64 59 58
 8 -62 7 87 71 70 69 67 66 63
 3 -6 8 87 76 75 73 71 70 69 68
 4 -25 6 87 82 73 69 68 61
 6 -30 5 69 67 64 63 61
 8 -47 8 87 82 78 76 75 73 71 69
 10 -71 6 87 84 75 73 72 67
 3 -97 5 84 76 75 70 68
 5 -67 3 82 71 63
 4 -77 6 78 77 76 75 72 71
 9 -84 4 84 82 80 68
 3 -77 6 79 78 77 76 75 72
 1 -31 7 91 82 80 79 78 76 72
 8 -18 3 87 82 69
 7 -16 6 82 81 79 77 75 74
 9 -37 6 82 79 78 77 76 74
 5 -28 4 79 78 77 72
 6 -81 5 84 80 79 77 74
 7 -41 8 93 91 86 83 82 81 79 78
 4 -90 9 93 92 91 90 86 85 84 83 81
 4 -19 4 90 86 81 74
 6 -41 3 91 79 74
 9 -18 6 96 94 93 92 85 83
 7 -16 5 96 93 92 88 80
 10 -71 6 97 94 92 90 89 88
 8 0 5 102 97 92 91 86
 8 -52 6 102 97 94 92 90 89
 8 -78 4 102 96 94 85
 7 -47 6 102 99 97 94 90 89
 9 -90 5 99 97 96 89 88
 3 -60 3 92 89 88
 6 -43 4 111 99 97 88
 3 -40 7 111 102 99 98 97 96 95
 7 -50 5 101 99 97 95 89
 9 -83 5 101 99 96 95 89
 8 -34 4 102 96 92 89
 5 -19 5 110 102 101 98 95
 8 -78 7 111 108 107 106 103 100 98
 10 -40 5 109 107 101 100 95
 10 -10 7 109 108 107 106 105 104 99
 5 -13 6 111 109 108 105 100 99
 9 -32 3 107 106 97
 8 -30 2 104 95
 4 -12 4 108 106 105 103
 10 -57 4 107 106 104 103
 6 -56 3 105 103 100
 3 -11 3 109 105 104
 9 -20 2 110 103
 5 -10 1 104
 5 -60 1 103
 2 -64 1 107
 6 -30 1 112
 1 -89 1 112
 9 -12 1 112
 6 -29 1 112
 7 -37 1 112
 7 -95 1 112
 4 -46 1 112
 8 -27 1 112
 7 -89 1 112
 0 24380 0
